150	200	1
0	150	150	0	0	1496	0	0	0
1	17	205	20	240	420	90	0	395	138
2	153	254	-40	505	685	90	205	0	91
3	229	219	-10	196	376	90	349	0	90
4	214	156	20	612	792	90	0	404	363
5	121	260	10	296	476	90	0	448	181
6	29	277	-20	175	355	90	386	0	44
7	47	277	20	163	343	90	0	477	89
8	85	224	-10	853	1033	90	409	0	418
9	105	230	10	91	271	90	0	537	89
10	160	111	-10	41	221	90	173	0	45
11	65	69	-20	1059	1239	90	201	0	273
12	63	233	-10	573	753	90	190	0	181
13	143	111	20	39	219	90	0	338	89
14	173	233	-10	563	743	90	226	0	225
15	85	24	-20	414	594	90	170	0	135
16	277	100	10	229	409	90	0	115	136
17	166	105	20	502	682	90	0	177	317
18	141	137	30	108	288	90	0	251	136
19	100	73	20	182	362	90	0	294	135
20	61	70	30	119	299	90	0	540	44
21	161	210	10	248	428	0	0	619	183
22	30	280	20	359	539	90	0	145	181
23	129	98	-20	528	708	90	90	0	89
24	62	65	-30	874	1054	90	596	0	181
25	256	239	-20	512	692	90	292	0	186
26	9	144	-30	507	687	90	169	0	227
27	174	228	-20	658	838	90	142	0	135
28	203	156	20	53	233	90	0	571	89
29	251	241	10	141	321	90	0	486	92
30	109	110	20	334	514	90	0	506	228
31	106	233	10	95	275	90	0	383	90
32	22	102	10	789	969	90	0	528	416
33	145	184	-10	405	585	90	127	0	228
34	121	170	-20	507	687	90	256	0	181
35	25	141	20	405	585	90	0	93	229
36	167	176	20	306	486	90	0	146	227
37	126	229	-10	645	825	90	362	0	323
38	122	172	-20	415	595	90	303	0	90
39	119	267	10	577	757	90	0	234	317
40	68	113	-20	647	827	90	415	0	321
41	257	243	10	606	786	90	0	433	322
42	157	266	20	116	296	90	0	519	89
43	157	31	-30	1107	1287	90	102	0	505
44	73	226	20	108	288	90	0	130	89
45	74	109	40	176	356	0	0	618	134
46	12	198	-10	811	991	90	426	0	89
47	199	126	-20	57	237	90	330	0	45
48	31	55	-10	622	802	90	458	0	89
49	10	147	-10	324	504	90	400	0	90
50	168	176	20	215	395	0	0	626	181
51	277	104	20	135	315	90	0	453	89
52	55	232	-10	126	306	90	465	0	45
53	119	262	20	389	569	90	0	567	226
54	220	74	-30	767	947	90	547	0	89
55	122	175	30	322	502	0	0	623	232
56	144	182	30	588	768	90	0	334	367
57	149	285	10	135	315	90	0	73	89
58	61	157	-20	371	551	90	300	0	90
59	140	143	20	12	192	90	0	120	89
60	203	125	30	247	427	90	0	121	184
61	114	164	20	39	219	90	0	468	90
62	108	80	-20	743	923	90	193	0	229
63	103	232	20	188	368	90	0	110	136
64	71	154	-20	835	1015	90	285	0	184
65	87	27	-10	320	500	90	487	0	89
66	67	154	-20	741	921	90	346	0	136
67	255	132	10	477	657	0	0	615	275
68	108	113	10	148	328	90	0	332	136
69	86	230	20	103	283	90	0	359	90
70	226	221	10	938	1118	90	0	397	506
71	116	159	10	134	314	90	0	576	139
72	155	28	-10	307	487	90	87	0	136
73	151	294	-10	325	505	90	57	0	89
74	83	30	30	510	690	90	0	132	276
75	150	184	20	129	309	0	0	616	137
76	141	102	10	49	229	90	0	118	90
77	114	156	-10	510	690	90	348	0	278
78	263	212	-20	502	682	90	482	0	89
79	259	59	10	511	691	90	0	279	274
80	161	26	-20	862	1042	90	414	0	89
81	59	236	-20	960	1140	90	438	0	282
82	69	4	20	633	813	90	0	520	323
83	78	33	10	878	1058	90	0	153	460
84	16	204	10	331	511	90	0	129	183
85	16	196	-10	905	1085	90	219	0	92
86	113	114	20	51	231	90	0	313	89
87	153	28	10	215	395	90	0	72	136
88	67	161	10	83	263	90	0	436	89
89	211	61	-10	573	753	90	431	0	136
90	125	103	20	53	233	90	0	23	89
91	269	29	20	460	640	90	0	435	235
92	146	61	20	565	745	90	0	214	327
93	33	142	-20	686	866	90	35	0	229
94	26	282	20	453	633	90	0	369	225
95	29	285	-20	547	727	90	385	0	135
96	130	230	-10	458	638	90	261	0	139
97	260	58	-10	693	873	90	217	0	183
98	173	72	-20	262	442	90	595	0	89
99	162	206	30	342	522	90	0	289	232
100	148	60	-10	747	927	90	239	0	185
101	272	38	30	266	446	90	0	378	140
102	160	27	30	954	1134	90	0	43	505
103	231	218	10	288	468	90	0	114	181
104	173	76	20	168	348	90	0	235	135
105	66	7	-10	727	907	90	494	0	228
106	114	49	-20	569	749	90	206	0	230
107	213	68	10	103	283	90	0	324	89
108	59	280	-10	826	1006	90	427	0	140
109	175	101	20	55	235	90	0	321	89
110	96	237	-20	661	841	90	63	0	136
111	115	196	10	57	237	90	0	560	44
112	153	265	-10	404	584	90	315	0	137
113	110	79	-20	835	1015	90	592	0	183
114	227	222	-10	847	1027	90	103	0	181
115	275	97	-10	414	594	90	16	0	136
116	216	6	20	159	339	90	0	375	90
117	29	148	20	216	396	90	0	165	137
118	137	104	-10	784	964	90	76	0	90
119	253	57	10	138	318	90	0	192	89
120	136	140	-20	204	384	90	59	0	89
121	209	127	-30	710	890	90	60	0	184
122	59	64	10	591	771	90	0	472	322
123	283	229	20	802	982	90	0	455	413
124	141	286	10	888	1068	90	0	356	465
125	236	240	-10	595	775	90	441	0	186
126	161	22	10	768	948	0	0	611	409
127	147	185	10	313	493	90	0	33	228
128	81	238	-10	383	563	90	374	0	180
129	10	198	-10	719	899	90	84	0	183
130	68	229	-20	386	566	90	44	0	89
131	118	163	30	34	214	90	0	582	89
132	78	31	-30	786	966	90	74	0	276
133	230	221	-10	571	751	90	264	0	227
134	278	128	-30	790	970	90	449	0	182
135	29	94	-10	503	683	90	288	0	90
136	25	99	40	316	496	90	0	428	180
137	167	105	-10	593	773	90	421	0	184
138	214	157	-10	521	701	90	420	0	181
139	65	6	10	263	443	90	0	249	137
140	260	214	30	316	496	90	0	314	184
141	143	288	30	606	786	90	0	266	323
142	167	229	20	172	352	90	0	27	135
143	173	13	-10	232	412	90	276	0	89
144	286	130	30	231	411	90	0	274	136
145	33	283	-20	824	1004	90	22	0	181
146	163	180	-20	585	765	90	36	0	227
147	148	288	30	228	408	90	0	583	134
148	239	77	20	115	295	90	0	507	89
149	106	237	20	466	646	90	0	160	274
150	277	101	20	138	318	90	0	199	90
151	144	292	-10	512	692	90	478	0	226
152	215	4	-30	251	431	90	538	0	89
153	82	34	-10	972	1152	90	83	0	460
154	169	171	30	28	208	90	0	163	89
155	76	111	20	83	263	90	0	580	44
156	213	65	-20	757	937	90	473	0	368
157	13	265	20	178	358	90	0	198	89
158	149	183	-30	37	217	90	598	0	44
159	36	52	-30	808	988	90	561	0	372
160	99	242	-20	565	745	90	149	0	274
161	33	285	-10	732	912	90	401	0	320
162	221	8	-30	440	620	90	512	0	181
163	165	182	-30	492	672	90	154	0	89
164	235	242	10	502	682	90	0	387	278
165	31	145	-20	593	773	90	117	0	137
166	159	110	20	132	312	90	0	425	135
167	113	202	-20	336	516	90	258	0	180
168	228	220	-10	1030	1210	90	450	0	414
169	9	145	30	416	596	90	0	26	227
170	86	30	20	227	407	90	0	15	135
171	266	104	-20	877	1057	90	443	0	417
172	217	21	-40	430	610	90	408	0	90
173	161	112	10	39	219	90	0	10	45
174	255	240	-10	421	601	90	589	0	140
175	203	128	20	432	612	90	0	222	277
176	77	233	-10	570	750	90	533	0	135
177	168	108	-20	686	866	90	17	0	317
178	133	99	20	622	802	0	0	624	374
179	202	133	20	1081	1261	0	0	608	603
180	211	150	-20	990	1170	90	496	0	408
181	141	100	-20	325	505	90	308	0	180
182	54	285	-20	639	819	90	599	0	233
183	220	66	20	292	472	90	0	484	181
184	285	225	30	154	334	90	0	254	45
185	174	79	-20	634	814	90	241	0	225
186	147	67	-20	1024	1204	90	291	0	90
187	70	57	-30	780	960	90	388	0	227
188	159	177	-20	680	860	90	474	0	272
189	160	107	-10	316	496	90	202	0	180
190	70	227	10	294	474	90	0	12	181
191	136	233	10	85	265	90	0	380	90
192	256	54	-10	234	414	90	119	0	89
193	107	71	20	369	549	90	0	62	229
194	202	131	-10	989	1169	90	229	0	462
195	181	8	20	792	972	90	0	430	413
196	257	137	-10	291	471	90	532	0	89
197	134	146	10	391	571	90	0	345	277
198	53	237	-20	773	953	90	157	0	89
199	274	97	-20	505	685	90	150	0	90
200	285	230	10	710	890	90	0	335	366
201	55	62	20	497	677	90	0	11	273
202	160	108	10	225	405	90	0	189	180
203	242	73	20	211	391	90	0	283	135
204	248	245	10	136	316	90	0	216	89
205	154	266	40	119	299	90	0	2	91
206	113	50	20	387	567	90	0	106	230
207	25	50	-30	434	614	90	459	0	136
208	143	61	-10	472	652	90	594	0	90
209	222	73	20	582	762	90	0	302	328
210	60	15	10	162	342	90	0	488	89
211	224	79	30	197	377	90	0	549	137
212	86	31	20	136	316	90	0	574	90
213	67	230	10	478	658	90	0	290	271
214	147	60	-20	656	836	90	92	0	327
215	65	156	-10	556	736	90	293	0	278
216	262	241	-10	888	1068	90	204	0	89
217	257	58	10	328	508	90	0	97	183
218	181	102	20	703	883	0	0	622	412
219	18	206	10	149	329	90	0	85	92
220	0	153	-20	700	880	90	341	0	318
221	140	140	30	15	195	90	0	340	90
222	204	129	-20	523	703	90	175	0	277
223	110	107	20	897	1077	0	0	621	509
224	128	172	20	31	211	90	0	399	89
225	23	107	10	975	1155	0	0	607	510
226	170	237	10	361	541	90	0	14	225
227	174	74	-20	539	719	90	236	0	270
228	164	103	-20	434	614	90	376	0	91
229	206	129	10	804	984	90	0	194	462
230	65	56	10	128	308	90	0	406	90
231	262	211	-10	594	774	90	310	0	138
232	236	248	-10	224	404	90	569	0	89
233	161	94	20	57	237	90	0	500	89
234	136	220	-10	1021	1201	90	39	0	317
235	166	113	-20	782	962	90	104	0	135
236	176	71	20	445	625	90	0	227	270
237	64	55	-30	220	400	90	336	0	89
238	118	156	40	604	784	0	0	625	375
239	142	57	10	284	464	90	0	100	185
240	66	8	-20	818	998	90	497	0	91
241	174	71	20	353	533	90	0	185	225
242	131	226	-30	833	1013	90	318	0	417
243	280	175	30	418	598	90	0	366	232
244	136	144	10	298	478	90	0	464	231
245	178	10	-20	510	690	90	429	0	90
246	230	248	20	128	308	90	0	410	90
247	201	121	10	152	332	90	0	476	136
248	257	59	20	419	599	90	0	328	229
249	65	4	-10	539	719	90	139	0	137
250	165	204	-20	151	331	90	600	0	89
251	134	148	-30	666	846	90	18	0	136
252	164	202	-20	617	797	90	579	0	326
253	218	20	-10	339	519	90	363	0	138
254	287	224	-30	157	337	90	184	0	45
255	63	59	-10	778	958	90	382	0	368
256	121	181	20	225	405	90	0	34	181
257	257	133	20	385	565	90	0	460	228
258	112	201	20	244	424	90	0	167	180
259	272	41	-20	173	353	90	297	0	44
260	110	74	-20	463	643	90	391	0	89
261	137	229	10	179	359	90	0	96	139
262	70	225	-20	202	382	90	479	0	89
263	53	234	20	493	673	90	0	277	272
264	233	216	10	381	561	90	0	133	227
265	100	231	-20	852	1032	90	317	0	415
266	140	290	-30	793	973	90	141	0	323
267	111	52	20	112	292	90	0	286	93
268	249	133	10	102	282	90	0	434	90
269	8	155	10	798	978	0	0	604	417
270	126	256	-30	862	1042	90	440	0	90
271	212	26	-20	708	888	90	493	0	89
272	156	26	-20	491	671	90	481	0	227
273	238	69	-30	487	667	90	522	0	227
274	280	125	-30	696	876	90	144	0	136
275	65	5	20	354	534	0	0	602	182
276	176	14	10	138	318	90	0	143	89
277	59	223	-20	856	1036	90	263	0	272
278	43	286	10	173	353	90	0	407	89
279	262	62	-10	880	1060	90	79	0	274
280	67	216	-20	957	1137	90	541	0	317
281	261	212	-20	685	865	90	526	0	229
282	149	186	20	221	401	90	0	562	182
283	236	66	-20	581	761	90	203	0	135
284	140	108	-30	879	1059	90	568	0	318
285	60	156	20	280	460	90	0	64	184
286	114	50	-20	478	658	90	267	0	93
287	28	103	10	130	310	90	0	489	89
288	27	100	10	134	314	90	0	135	90
289	163	200	-30	710	890	90	99	0	232
290	63	229	-10	667	847	90	213	0	271
291	150	56	20	94	274	90	0	186	90
292	254	240	20	330	510	90	0	25	186
293	63	155	10	464	644	90	0	215	278
294	106	77	-20	650	830	90	19	0	135
295	246	133	-10	1043	1223	90	396	0	516
296	227	217	-10	1124	1304	90	495	0	367
297	278	43	20	166	346	90	0	259	44
298	182	238	-30	463	643	90	577	0	89
299	65	49	20	499	679	90	0	447	273
300	60	160	20	91	271	90	0	58	90
301	175	12	20	416	596	90	0	504	227
302	223	74	-20	674	854	90	209	0	328
303	128	176	20	35	215	90	0	38	90
304	235	241	-20	686	866	90	534	0	232
305	280	172	10	511	691	90	0	544	279
306	11	265	10	181	361	90	0	327	89
307	79	30	30	695	875	0	0	606	367
308	144	100	20	232	412	90	0	181	180
309	222	83	20	98	278	90	0	591	89
310	261	215	10	225	405	90	0	231	138
311	264	61	-10	788	968	90	405	0	90
312	183	99	-10	610	790	90	350	0	226
313	109	105	-20	805	985	90	86	0	89
314	258	212	-30	778	958	90	140	0	184
315	150	272	10	216	396	90	0	112	137
316	147	178	-10	773	953	90	529	0	413
317	93	235	20	754	934	90	0	265	415
318	125	228	30	737	917	90	0	242	417
319	109	42	10	667	847	90	0	424	365
320	162	203	-30	435	615	90	367	0	91
321	179	97	-20	151	331	90	109	0	89
322	105	55	20	105	285	90	0	499	89
323	29	55	-30	530	710	90	545	0	181
324	216	62	-10	388	568	90	107	0	89
325	51	238	-20	681	861	90	456	0	181
326	281	129	-10	602	782	90	498	0	279
327	8	263	-10	274	454	90	306	0	89
328	259	58	-20	602	782	90	248	0	229
329	136	104	20	693	873	0	0	610	412
330	199	130	20	52	232	90	0	47	45
331	108	109	-20	425	605	90	490	0	89
332	106	108	-10	518	698	90	68	0	136
333	110	76	-10	555	735	90	572	0	90
334	144	173	-30	869	1049	90	56	0	367
335	282	227	-10	894	1074	90	200	0	366
336	64	59	30	125	305	90	0	237	89
337	131	228	-20	366	546	90	546	0	89
338	143	101	-20	141	321	90	13	0	89
339	278	176	-10	698	878	90	536	0	89
340	134	147	-30	575	755	90	221	0	90
341	4	149	20	604	784	90	0	220	318
342	70	109	-30	462	642	90	412	0	225
343	52	233	-20	401	581	90	357	0	135
344	165	228	20	80	260	90	0	457	90
345	137	150	-10	760	940	90	197	0	277
346	57	155	20	187	367	90	0	66	136
347	231	70	-20	389	569	90	556	0	182
348	111	153	10	416	596	90	0	77	278
349	229	217	10	104	284	90	0	3	90
350	184	97	10	336	516	90	0	312	226
351	10	150	-20	231	411	90	588	0	89
352	149	282	10	132	312	90	0	555	89
353	282	137	10	132	312	90	0	469	45
354	130	96	20	436	616	90	0	390	279
355	113	52	-10	295	475	90	551	0	138
356	147	285	-10	984	1164	90	124	0	465
357	53	232	20	218	398	90	0	343	135
358	170	174	-10	122	302	90	475	0	90
359	78	232	-20	661	841	90	69	0	90
360	127	101	20	56	236	90	0	517	90
361	289	225	10	249	429	90	0	402	135
362	127	232	10	552	732	90	0	37	323
363	223	23	10	243	423	90	0	253	138
364	179	9	30	601	781	90	0	422	318
365	177	225	10	842	1022	0	0	617	471
366	277	172	-30	604	784	90	243	0	232
367	166	203	30	59	239	90	0	320	91
368	218	153	-10	799	979	90	442	0	271
369	35	282	-20	916	1096	90	94	0	225
370	151	30	20	122	302	90	0	423	90
371	284	176	30	230	410	90	0	573	136
372	252	128	10	672	852	90	0	491	373
373	28	144	-20	499	679	90	590	0	92
374	83	236	10	290	470	90	0	128	180
375	223	11	-20	534	714	90	116	0	90
376	164	95	20	60	240	90	0	228	91
377	216	25	-10	614	794	90	550	0	279
378	275	32	-30	363	543	90	101	0	140
379	35	56	10	150	330	90	0	503	90
380	135	227	-10	272	452	90	191	0	90
381	183	97	-20	245	425	90	564	0	90
382	60	64	10	682	862	90	0	255	368
383	104	235	-10	373	553	90	31	0	90
384	128	94	-20	251	431	90	492	0	135
385	30	279	20	268	448	90	0	95	135
386	31	275	20	172	352	90	0	6	44
387	233	242	-10	778	958	90	164	0	278
388	64	53	30	405	585	90	0	187	227
389	148	62	-20	929	1109	90	418	0	232
390	130	102	-20	716	896	90	354	0	279
391	105	81	20	82	262	90	0	260	89
392	184	98	-20	518	698	90	508	0	272
393	140	100	20	416	596	90	0	452	272
394	160	24	-20	676	856	90	466	0	318
395	13	202	-20	425	605	90	1	0	138
396	247	132	10	952	1132	90	0	295	516
397	227	218	-10	1122	1302	90	70	0	506
398	133	225	30	925	1105	0	0	627	514
399	129	177	-20	127	307	90	224	0	89
400	14	149	10	137	317	90	0	49	90
401	31	284	10	640	820	90	0	161	320
402	287	226	-10	341	521	90	361	0	135
403	55	285	-10	730	910	90	483	0	280
404	216	148	-20	894	1074	90	4	0	363
405	255	57	10	141	321	90	0	311	90
406	66	54	-10	594	774	90	230	0	90
407	81	223	-10	947	1127	90	278	0	89
408	225	22	40	150	330	90	0	172	90
409	85	228	10	759	939	90	0	8	418
410	232	240	-20	871	1051	90	246	0	90
411	272	97	40	597	777	90	0	514	321
412	70	102	30	365	545	90	0	342	225
413	122	259	-20	205	385	90	587	0	89
414	154	31	20	119	299	90	0	80	89
415	69	109	20	553	733	90	0	40	321
416	168	97	10	336	516	90	0	511	230
417	201	127	10	340	520	90	0	516	232
418	139	58	20	377	557	90	0	389	232
419	119	104	-10	997	1177	90	509	0	181
420	211	159	10	244	424	90	0	138	181
421	168	96	10	245	425	90	0	137	184
422	181	11	-30	885	1065	90	364	0	318
423	158	27	-20	1046	1226	90	370	0	90
424	115	42	-10	763	943	90	319	0	365
425	162	107	-20	408	588	90	166	0	135
426	17	209	10	145	325	90	0	46	89
427	50	285	10	270	450	90	0	108	140
428	19	102	-40	696	876	90	136	0	180
429	174	13	20	141	321	90	0	245	90
430	184	12	-20	978	1158	90	195	0	413
431	217	69	10	198	378	90	0	89	136
432	58	235	-10	869	1049	90	462	0	226
433	258	247	-10	791	971	90	41	0	322
434	250	134	-10	193	373	90	268	0	90
435	268	38	-20	740	920	90	91	0	235
436	66	157	-10	648	828	90	88	0	89
437	270	37	-20	648	828	90	505	0	285
438	12	270	20	568	748	90	0	81	282
439	11	207	40	520	700	90	0	454	274
440	121	255	30	110	290	90	0	270	90
441	233	245	10	319	499	90	0	125	186
442	215	160	10	428	608	90	0	368	271
443	269	103	20	784	964	90	0	171	417
444	280	180	20	134	314	90	0	553	90
445	177	82	-20	728	908	90	518	0	89
446	78	236	-20	476	656	90	531	0	89
447	66	56	-20	686	866	90	299	0	273
448	116	265	-10	483	663	90	5	0	181
449	287	128	30	324	504	90	0	134	182
450	228	223	10	755	935	90	0	168	414
451	173	224	-30	937	1117	90	581	0	424
452	138	101	-20	599	779	90	393	0	272
453	275	100	-20	321	501	90	51	0	89
454	3	205	-40	619	799	90	439	0	274
455	280	225	-20	987	1167	90	123	0	413
456	8	265	20	366	546	90	0	325	181
457	169	235	-20	268	448	90	344	0	90
458	37	62	10	143	323	90	0	48	89
459	29	57	30	246	426	90	0	207	136
460	259	126	-20	574	754	90	257	0	228
461	227	214	20	100	280	90	0	535	89
462	1	272	10	466	646	90	0	432	226
463	74	106	20	269	449	90	0	525	180
464	132	146	-10	483	663	90	244	0	231
465	58	231	10	122	302	90	0	52	45
466	157	25	20	583	763	90	0	394	318
467	258	232	-10	1079	1259	90	578	0	367
468	109	157	-20	321	501	90	61	0	90
469	282	134	-10	136	316	90	353	0	45
470	288	227	40	433	613	90	0	558	227
471	52	63	-10	403	583	90	542	0	136
472	65	68	-10	968	1148	90	122	0	322
473	212	62	20	664	844	90	0	156	368
474	167	179	20	399	579	90	0	188	272
475	169	173	10	30	210	90	0	358	90
476	204	131	-10	897	1077	90	247	0	136
477	52	288	-20	364	544	90	7	0	89
478	149	294	10	417	597	90	0	151	226
479	73	225	20	107	287	90	0	262	89
480	241	71	-20	303	483	90	524	0	90
481	154	26	20	399	579	90	0	272	227
482	255	220	20	126	306	90	0	78	89
483	53	285	10	548	728	90	0	403	280
484	211	66	-20	850	1030	90	183	0	181
485	22	97	-10	600	780	90	539	0	227
486	259	240	-10	981	1161	90	29	0	92
487	88	31	10	134	314	90	0	65	89
488	66	10	-10	910	1090	90	210	0	89
489	26	99	-10	225	405	90	287	0	89
490	111	112	20	54	234	90	0	331	89
491	250	126	-10	764	944	90	372	0	373
492	123	92	20	156	336	90	0	384	135
493	227	26	20	145	325	90	0	271	89
494	63	3	10	447	627	90	0	105	228
495	230	223	10	663	843	90	0	296	367
496	216	157	20	704	884	90	0	180	408
497	63	7	20	171	351	90	0	240	91
498	280	130	10	511	691	90	0	326	279
499	116	49	-20	951	1131	90	322	0	89
500	166	94	-20	152	332	90	233	0	89
501	211	157	-20	152	332	90	523	0	89
502	148	61	-10	838	1018	90	575	0	139
503	37	53	-10	900	1080	90	379	0	90
504	177	4	-20	696	876	90	301	0	227
505	269	35	20	556	736	90	0	437	285
506	101	110	-20	613	793	90	30	0	228
507	236	72	-20	677	857	90	148	0	89
508	185	98	20	427	607	90	0	392	272
509	62	53	10	313	493	90	0	419	181
510	112	199	20	152	332	90	0	566	134
511	165	113	-10	873	1053	90	416	0	230
512	218	3	30	344	524	90	0	162	181
513	281	130	30	420	600	90	0	584	233
514	271	101	-40	691	871	90	411	0	321
515	288	231	20	617	797	0	0	603	318
516	204	127	-10	615	795	90	417	0	232
517	131	95	-20	344	524	90	360	0	90
518	171	79	20	74	254	90	0	445	89
519	151	269	-20	310	490	90	42	0	89
520	67	10	-20	1001	1181	90	82	0	323
521	29	152	30	121	301	90	0	527	89
522	240	71	30	394	574	90	0	273	227
523	210	156	20	60	240	90	0	501	89
524	240	73	20	119	299	90	0	480	90
525	74	113	-20	743	923	90	463	0	180
526	263	215	20	409	589	90	0	281	229
527	25	145	-30	311	491	90	521	0	89
528	23	103	-10	881	1061	90	32	0	416
529	145	182	10	679	859	90	0	316	413
530	124	264	30	672	852	0	0	613	367
531	88	225	20	97	277	90	0	446	89
532	246	137	10	96	276	90	0	196	89
533	84	236	10	199	379	90	0	176	135
534	235	243	20	411	591	90	0	304	232
535	236	218	-20	474	654	90	461	0	89
536	275	182	10	129	309	90	0	339	89
537	102	235	-10	281	461	90	9	0	89
538	212	9	30	154	334	90	0	152	89
539	26	97	10	409	589	90	0	485	227
540	59	67	-30	123	303	90	20	0	44
541	49	234	20	587	767	90	0	280	317
542	57	68	10	216	396	90	0	471	136
543	217	11	30	630	810	0	0	620	327
544	277	177	-10	880	1060	90	305	0	279
545	28	56	30	337	517	90	0	323	181
546	140	228	20	78	258	90	0	337	89
547	227	80	30	104	284	90	0	54	89
548	115	48	30	859	1039	0	0	614	465
549	217	73	-30	860	1040	90	211	0	137
550	216	23	10	522	702	90	0	377	279
551	112	51	10	203	383	90	0	355	138
552	64	226	30	760	940	0	0	612	412
553	278	177	-20	789	969	90	444	0	90
554	52	231	10	309	489	0	0	609	180
555	140	292	-10	701	881	90	352	0	89
556	224	77	20	289	469	90	0	347	182
557	114	204	20	428	608	0	0	628	271
558	288	228	-40	524	704	90	470	0	227
559	173	11	20	324	504	0	0	605	181
560	114	198	-10	60	240	90	111	0	44
561	34	54	30	715	895	90	0	159	372
562	145	183	-20	496	676	90	282	0	182
563	213	61	-10	481	661	90	586	0	90
564	179	98	20	60	240	90	0	381	90
565	261	217	10	133	313	90	0	570	91
566	115	197	-20	525	705	90	510	0	134
567	123	260	-20	767	947	90	53	0	226
568	138	100	30	508	688	90	0	284	318
569	231	243	10	123	303	90	0	232	89
570	257	210	-10	871	1051	90	565	0	91
571	212	159	-20	335	515	90	28	0	89
572	103	78	10	86	266	90	0	333	90
573	286	175	-30	322	502	90	371	0	136
574	82	31	-20	602	782	90	212	0	90
575	144	59	10	191	371	90	0	502	139
576	119	157	-10	696	876	90	71	0	139
577	166	226	30	77	257	90	0	298	89
578	258	244	10	698	878	90	0	467	367
579	163	202	20	526	706	90	0	252	326
580	75	110	-20	85	265	90	155	0	44
581	175	227	30	750	930	90	0	451	424
582	114	158	-30	226	406	90	131	0	89
583	147	281	-30	1078	1258	90	147	0	134
584	250	130	-30	858	1038	90	513	0	233
585	37	280	20	1009	1189	0	0	601	508
586	215	68	10	105	285	90	0	563	90
587	119	253	20	107	287	90	0	413	89
588	16	151	20	134	314	90	0	351	89
589	251	237	10	235	415	90	0	174	140
590	30	148	20	125	305	90	0	373	92
591	221	70	-20	489	669	90	309	0	89
592	106	71	20	278	458	90	0	113	183
593	111	110	10	242	422	90	0	597	183
594	150	64	10	86	266	90	0	208	90
595	172	78	20	75	255	90	0	98	89
596	55	68	30	308	488	90	0	24	181
597	107	103	-10	712	892	90	593	0	183
598	155	180	30	30	210	90	0	158	44
599	53	288	20	455	635	90	0	182	233
600	168	204	20	56	236	90	0	250	89
601	37	280	-20	1009	1189	90	585	0	508
602	65	5	-20	354	534	90	275	0	182
603	288	231	-20	617	797	90	515	0	318
604	8	155	-10	798	978	90	269	0	417
605	173	11	-20	324	504	90	559	0	181
606	79	30	-30	695	875	90	307	0	367
607	23	107	-10	975	1155	90	225	0	510
608	202	133	-20	1081	1261	90	179	0	603
609	52	231	-10	309	489	90	554	0	180
610	136	104	-20	693	873	90	329	0	412
611	161	22	-10	768	948	90	126	0	409
612	64	226	-30	760	940	90	552	0	412
613	124	264	-30	672	852	90	530	0	367
614	115	48	-30	859	1039	90	548	0	465
615	255	132	-10	477	657	90	67	0	275
616	150	184	-20	129	309	90	75	0	137
617	177	225	-10	842	1022	90	365	0	471
618	74	109	-40	176	356	90	45	0	134
619	161	210	-10	248	428	90	21	0	183
620	217	11	-30	630	810	90	543	0	327
621	110	107	-20	897	1077	90	223	0	509
622	181	102	-20	703	883	90	218	0	412
623	122	175	-30	322	502	90	55	0	232
624	133	99	-20	622	802	90	178	0	374
625	118	156	-40	604	784	90	238	0	375
626	168	176	-20	215	395	90	50	0	181
627	133	225	-30	925	1105	90	398	0	514
628	114	204	-20	428	608	90	557	0	271

