150	700	1
0	150	150	0	0	3815	0	0	0
1	248	45	-10	1971	2339	90	340	0	270
2	227	221	-30	1844	2258	90	226	0	407
3	122	246	-10	2916	3625	90	310	0	805
4	165	85	-20	2937	3423	90	354	0	1492
5	253	198	20	656	1125	90	0	538	505
6	55	126	30	722	1357	90	0	595	629
7	131	70	-10	1116	1538	90	87	0	287
8	58	230	10	1568	2124	90	0	202	1001
9	243	35	10	2259	2816	90	0	322	1334
10	97	45	20	210	788	90	0	194	335
11	30	28	-10	1174	1638	90	375	0	633
12	108	27	30	1084	1426	90	0	556	648
13	279	44	10	447	988	90	0	387	410
14	97	40	20	412	775	90	0	290	326
15	18	52	20	1536	1922	90	0	138	878
16	226	232	20	2980	3476	90	0	307	1682
17	272	21	-30	1743	2106	90	547	0	255
18	64	30	20	459	959	90	0	377	405
19	141	231	20	81	627	90	0	70	272
20	68	211	-10	2802	3364	90	593	0	266
21	50	104	20	680	1206	90	0	451	547
22	182	178	-30	2964	3576	90	441	0	568
23	66	211	-30	2739	3242	90	159	0	1407
24	83	219	20	96	455	90	0	414	179
25	141	210	20	60	626	90	0	471	282
26	173	87	20	302	775	90	0	529	353
27	260	180	-10	890	1481	90	470	0	569
28	165	187	-10	3133	3686	90	360	0	1514
29	117	262	-20	2045	2693	90	299	0	751
30	91	49	20	1284	1833	90	0	76	858
31	176	82	10	453	997	90	0	390	462
32	41	46	-20	2202	2647	90	62	0	1174
33	182	233	-10	2277	2757	90	333	0	302
34	239	181	20	94	479	90	0	367	192
35	177	114	10	450	790	90	0	157	372
36	34	135	-20	1519	2093	90	483	0	882
37	140	231	20	81	518	90	0	274	218
38	142	82	-20	990	1452	90	411	0	643
39	102	51	30	110	637	90	0	405	263
40	238	62	10	231	769	90	0	423	322
41	261	39	-30	2801	3319	90	498	0	689
42	6	146	-20	1778	2130	90	293	0	584
43	244	235	-10	2310	2809	90	369	0	835
44	125	23	10	2144	2608	90	0	45	1239
45	135	23	-10	3180	3598	90	44	0	1239
46	92	52	20	146	654	90	0	381	270
47	136	272	-20	1731	2015	90	434	0	642
48	262	257	-10	1566	2084	90	506	0	413
49	75	28	-20	1258	1647	90	259	0	643
50	123	63	-10	2621	3105	90	197	0	990
51	224	155	20	812	1251	90	0	113	588
52	170	116	-10	245	801	90	559	0	200
53	179	62	20	2409	2977	90	0	408	1442
54	154	257	10	1301	1764	90	0	372	828
55	240	38	-20	2345	2919	90	64	0	429
56	83	105	20	275	816	90	0	578	367
57	207	201	-40	3000	3458	90	266	0	758
58	28	122	-10	173	460	90	152	0	116
59	25	150	-20	1318	1824	90	78	0	429
60	262	32	-30	2013	2406	90	217	0	886
61	67	237	-20	807	1318	90	168	0	499
62	34	50	20	2148	2503	90	0	32	1174
63	186	196	10	58	501	90	0	261	140
64	252	60	20	404	996	90	0	55	429
65	97	10	20	1729	2363	90	0	512	1106
66	239	262	-10	2662	3117	90	368	0	1437
67	71	102	10	480	997	90	0	457	452
68	101	29	30	2256	2658	0	0	603	1263
69	103	35	-10	2303	2803	90	561	0	1164
70	139	244	-20	609	1290	90	19	0	272
71	231	170	-30	1960	2279	90	487	0	1032
72	84	114	-20	2554	3107	90	300	0	1402
73	74	109	40	1994	2439	90	0	526	1176
74	222	160	20	735	1137	90	0	582	532
75	38	163	-20	2838	3407	90	460	0	1067
76	125	9	-20	2526	2977	90	30	0	858
77	237	203	-10	2427	2870	90	397	0	546
78	17	134	20	226	992	90	0	59	429
79	203	200	10	366	880	90	0	450	403
80	19	137	10	321	709	90	0	592	288
81	263	248	10	867	1176	90	0	413	513
82	29	137	-20	1133	1620	90	154	0	377
83	80	255	10	552	989	90	0	90	431
84	53	145	-20	2455	2957	90	511	0	392
85	190	157	-30	1623	1943	90	116	0	279
86	171	58	-20	2517	3065	90	128	0	833
87	125	39	10	113	689	90	0	7	287
88	0	169	20	2177	2683	90	0	565	1265
89	252	37	-10	2996	3505	90	325	0	1576
90	65	233	-10	1893	2357	90	83	0	431
91	287	246	40	1049	1584	90	0	183	708
92	192	251	-10	822	1341	90	132	0	289
93	143	6	20	2905	3374	90	0	102	1614
94	151	228	10	78	653	90	0	271	287
95	173	180	-30	3086	3652	90	443	0	1258
96	271	34	-20	2308	2673	90	462	0	635
97	62	132	20	550	1143	90	0	172	526
98	214	210	-20	2928	3327	90	239	0	1544
99	276	38	10	329	733	90	0	402	282
100	60	143	20	2612	2994	90	0	264	1451
101	49	57	-30	2752	3246	90	234	0	1302
102	138	17	-20	3065	3592	90	93	0	1614
103	281	187	40	1515	2029	90	0	136	946
104	264	250	-20	906	1502	90	447	0	257
105	193	250	10	888	1458	90	0	379	674
106	225	213	-20	466	1042	90	188	0	103
107	173	144	-20	2122	2661	90	241	0	1148
108	160	111	20	3169	3616	0	0	607	1787
109	135	270	20	1741	2190	90	0	419	1034
110	108	103	10	63	511	90	0	406	223
111	78	128	30	75	523	90	0	558	223
112	263	195	30	1244	1704	90	0	509	791
113	233	160	-20	832	1433	90	51	0	588
114	52	59	20	3034	3592	90	0	365	1680
115	134	279	30	1814	2316	90	0	495	1093
116	207	183	30	65	625	90	0	85	279
117	264	64	20	900	1446	90	0	147	651
118	153	144	-30	2808	3333	90	398	0	1266
119	17	152	20	1452	2067	90	0	364	966
120	270	178	20	2209	2711	90	0	391	1293
121	86	100	-30	1677	2174	90	211	0	888
122	49	56	-10	2823	3358	90	334	0	1451
123	39	129	-20	1442	1974	90	265	0	727
124	116	21	10	632	1121	90	0	323	493
125	28	52	-10	1983	2291	90	221	0	488
126	254	157	20	1922	2551	90	0	569	1223
127	163	114	-10	3256	3687	90	272	0	175
128	141	55	20	1287	1763	90	0	86	833
129	167	110	-10	3067	3524	90	537	0	739
130	141	33	-20	3182	3608	90	440	0	620
131	241	276	20	2405	2982	90	0	247	1413
132	152	245	10	95	674	90	0	92	289
133	266	172	20	2352	2762	90	0	516	1321
134	68	57	50	158	649	90	0	563	262
135	91	104	10	132	583	90	0	468	254
136	299	177	-40	1687	2259	90	103	0	946
137	75	89	20	937	1373	90	0	570	638
138	53	57	-20	2973	3588	90	15	0	878
139	182	236	-10	2294	2927	90	294	0	953
140	168	287	-10	1410	1900	90	253	0	268
141	71	222	-10	2461	2941	90	192	0	560
142	87	237	20	346	784	90	0	508	338
143	9	136	10	644	1142	90	0	149	500
144	233	228	-10	2705	3182	90	187	0	995
145	48	36	10	1093	1500	90	0	158	673
146	264	181	-40	1029	1529	90	452	0	622
147	227	32	-20	2634	3021	90	117	0	651
148	57	232	-30	1395	1907	90	548	0	686
149	23	144	-10	929	1445	90	143	0	500
150	275	31	10	847	1393	90	0	577	610
151	206	171	30	59	624	90	0	456	282
152	42	147	10	108	630	90	0	58	116
153	56	117	-20	1150	1680	90	362	0	299
154	15	138	20	516	891	90	0	82	377
155	56	43	20	712	1300	90	0	442	578
156	226	56	-20	2733	3329	90	324	0	1506
157	248	48	-10	1747	2195	90	35	0	372
158	37	63	-10	2608	3002	90	145	0	673
159	62	221	30	2671	2928	90	0	23	1407
160	189	138	-20	1486	1960	90	280	0	329
161	203	217	-10	126	610	90	208	0	213
162	170	89	10	217	674	90	0	551	304
163	258	169	20	2523	2970	90	0	515	1384
164	201	154	40	1012	1427	90	0	350	687
165	183	140	-30	1687	2145	90	258	0	871
166	86	133	30	2424	2832	90	0	545	1382
167	71	159	-20	2779	3424	90	478	0	1592
168	74	248	20	617	1123	90	0	61	499
169	32	128	20	120	739	90	0	418	309
170	245	233	-20	2136	2585	90	252	0	504
171	227	211	-10	598	1095	90	404	0	341
172	47	141	-20	1760	2252	90	97	0	526
173	255	64	30	763	1190	90	0	407	527
174	264	42	-10	2504	2867	90	332	0	327
175	266	28	10	1266	1703	90	0	528	767
176	6	139	30	781	1194	90	0	567	524
177	172	146	10	2278	2689	0	0	609	1333
178	99	32	-10	593	1156	90	331	0	189
179	272	41	-20	2290	2886	90	417	0	1181
180	176	136	10	1819	2209	90	0	306	1089
181	256	15	-20	1531	1924	90	490	0	828
182	87	234	-30	204	741	90	464	0	243
183	246	254	-40	2083	2523	90	91	0	708
184	255	187	-10	792	1381	90	384	0	491
185	244	251	-20	1865	2371	90	395	0	993
186	290	49	10	595	1045	90	0	198	436
187	234	216	10	1626	2098	90	0	144	995
188	207	203	20	77	284	90	0	106	103
189	81	223	10	2151	2689	0	0	604	1294
190	234	38	-20	2544	2911	90	598	0	451
191	221	203	-40	2890	3165	90	562	0	464
192	69	239	10	698	1241	90	0	141	560
193	150	16	-10	2972	3511	90	571	0	1547
194	100	34	-20	484	898	90	10	0	335
195	130	38	-20	113	594	90	591	0	192
196	62	122	-30	991	1464	90	517	0	216
197	96	6	10	1633	2134	90	0	50	990
198	263	12	-10	1344	1914	90	186	0	436
199	180	183	10	44	483	90	0	439	219
200	212	190	10	354	726	90	0	521	326
201	61	232	-30	1747	2134	90	245	0	760
202	64	234	-10	1841	2227	90	8	0	1001
203	171	143	20	22	528	90	0	320	252
204	49	46	10	838	1369	90	0	527	612
205	64	134	10	551	957	90	0	429	434
206	168	49	-20	2165	2639	90	588	0	918
207	153	88	20	62	683	90	0	246	310
208	199	214	10	80	508	90	0	161	213
209	204	189	20	105	597	90	0	510	265
210	160	84	40	150	537	90	0	455	235
211	90	86	30	1414	1864	90	0	121	888
212	87	105	-10	211	692	90	347	0	252
213	236	213	-10	1467	2069	90	412	0	190
214	239	201	30	2268	2843	90	0	416	1350
215	274	195	30	1320	1829	90	0	256	848
216	264	39	-20	2638	3105	90	296	0	227
217	258	44	30	1445	1925	90	0	60	886
218	87	96	-20	1674	1988	90	220	0	558
219	230	182	10	2330	2799	90	0	497	1260
220	63	89	20	884	1223	90	0	218	558
221	57	40	10	704	1122	90	0	125	488
222	70	66	10	116	720	90	0	311	302
223	196	191	30	61	636	90	0	493	287
224	68	164	-30	2760	3252	90	579	0	1318
225	182	144	-10	1474	2170	90	309	0	538
226	223	213	30	413	911	90	0	2	407
227	13	51	-10	1448	1820	90	536	0	440
228	189	232	-20	3154	3635	90	466	0	1169
229	59	110	-20	578	1106	90	474	0	174
230	193	175	-30	1041	1539	90	542	0	222
231	180	231	30	2135	2713	0	0	608	1313
232	160	56	-40	2021	2582	90	292	0	1054
233	161	62	20	1610	2054	90	0	403	982
234	44	51	30	2289	2750	90	0	101	1302
235	122	5	-10	2654	3039	90	583	0	1037
236	131	261	-30	2336	2992	90	424	0	1348
237	101	31	-10	1191	1704	90	361	0	742
238	162	141	-10	2772	3171	90	420	0	1274
239	231	235	20	2806	3276	90	0	98	1544
240	167	256	20	323	833	90	0	586	362
241	177	132	20	1888	2329	90	0	107	1148
242	78	223	-30	2265	2760	90	458	0	1261
243	236	65	40	295	892	90	0	444	385
244	169	56	-10	2300	2699	90	555	0	595
245	42	240	30	1244	1661	90	0	201	760
246	153	74	-20	1524	1932	90	207	0	310
247	220	231	-20	3078	3571	90	131	0	1413
248	192	176	20	874	1523	90	0	305	736
249	223	177	10	1052	1615	90	0	568	768
250	115	25	10	850	1282	90	0	370	576
251	62	44	20	425	786	90	0	284	324
252	218	208	20	792	1099	90	0	170	504
253	143	236	10	86	624	90	0	140	268
254	162	157	-20	2498	3052	90	476	0	1113
255	197	178	20	741	1284	90	0	597	614
256	272	185	-30	2129	2597	90	215	0	848
257	269	257	-20	1365	1908	90	522	0	377
258	184	163	30	1251	1780	90	0	165	871
259	83	35	20	911	1420	90	0	49	643
260	56	132	-20	675	1210	90	573	0	289
261	193	194	-10	61	437	90	63	0	140
262	273	184	-10	1981	2562	90	355	0	1161
263	52	153	-20	2325	2891	90	485	0	1247
264	65	152	-20	2687	3120	90	100	0	1451
265	57	119	20	1093	1554	90	0	123	727
266	185	241	40	1115	1614	90	0	57	758
267	78	39	30	1017	1505	90	0	480	686
268	37	149	10	1848	2370	90	0	453	1128
269	196	129	-10	773	1435	90	488	0	624
270	26	161	-20	2437	3029	90	552	0	1133
271	142	242	-10	620	1091	90	94	0	287
272	266	49	10	168	504	90	0	127	175
273	268	43	-10	1097	1662	90	448	0	444
274	144	250	-20	848	1246	90	37	0	218
275	153	64	10	1851	2370	90	0	422	1141
276	3	159	-30	1954	2525	90	401	0	880
277	72	234	-10	2005	2439	90	549	0	794
278	96	17	10	1677	2221	90	0	600	1038
279	237	222	-20	2506	3004	90	283	0	404
280	169	134	20	147	683	90	0	160	329
281	242	205	30	116	668	90	0	590	235
282	160	244	30	94	758	90	0	389	331
283	221	213	20	236	904	90	0	279	404
284	34	55	-20	1841	2240	90	251	0	324
285	65	217	-10	2676	3113	90	543	0	943
286	236	224	-30	2372	2953	90	519	0	913
287	173	73	10	555	1093	90	0	435	506
288	139	262	-30	1010	1471	90	533	0	468
289	196	158	-20	1585	2174	90	352	0	309
290	97	28	-20	709	1228	90	14	0	326
291	135	65	-10	1175	1672	90	295	0	231
292	156	63	40	1839	2196	90	0	232	1054
293	20	146	20	886	1300	90	0	42	584
294	171	253	10	1666	2013	90	0	139	953
295	157	88	10	62	526	90	0	291	231
296	268	49	20	246	610	90	0	216	227
297	229	217	-20	1727	2186	90	308	0	851
298	239	177	-20	1717	2138	90	525	0	796
299	141	266	20	1051	1620	90	0	29	751
300	71	126	20	2156	2887	90	0	72	1402
301	225	70	10	109	734	90	0	312	225
302	249	44	-20	1990	2502	90	534	0	564
303	155	60	-10	1961	2448	90	472	0	257
304	76	30	-10	1105	1616	90	494	0	424
305	172	148	-20	2392	2760	90	248	0	736
306	176	140	-10	1974	2439	90	180	0	1089
307	191	188	-20	3113	3670	90	16	0	1682
308	238	203	20	1349	1806	90	0	297	851
309	202	178	10	519	1136	90	0	225	538
310	153	256	10	1164	1717	90	0	3	805
311	31	63	-10	1715	2169	90	222	0	302
312	228	62	-10	117	660	90	301	0	225
313	73	104	20	370	920	90	0	503	415
314	115	2	-20	1926	2384	90	461	0	176
315	284	184	-20	1636	2096	90	550	0	237
316	218	197	10	745	1349	90	0	520	633
317	233	224	-10	2619	3080	90	449	0	704
318	256	38	20	1316	1861	90	0	438	853
319	146	270	30	1570	1977	90	0	400	928
320	196	178	-20	810	1398	90	203	0	252
321	265	211	-10	533	849	90	409	0	304
322	214	51	-10	2861	3407	90	9	0	1334
323	111	22	-10	690	1253	90	124	0	493
324	266	37	20	2754	3175	90	0	156	1506
325	257	41	10	3003	3306	90	0	89	1576
326	250	247	20	1802	2240	90	0	544	1050
327	85	222	30	97	477	90	0	524	190
328	214	239	30	2923	3616	0	0	602	1753
329	233	189	10	1495	1967	90	0	486	937
330	116	272	20	2020	2518	90	0	560	1195
331	143	108	10	42	421	90	0	178	189
332	278	42	10	430	822	90	0	174	327
333	163	256	10	256	711	90	0	33	302
334	40	60	10	2377	3045	90	0	122	1451
335	191	168	20	1328	1820	90	0	599	769
336	137	255	10	2653	3053	90	0	343	1473
337	57	126	20	819	1444	0	0	605	673
338	267	255	20	1437	2022	90	0	344	932
339	109	126	-10	2913	3530	90	530	0	1439
340	230	59	10	121	663	90	0	1	270
341	133	1	-20	2621	3274	90	378	0	1286
342	197	174	-30	1080	1687	90	459	0	562
343	133	246	-10	2982	3472	90	336	0	1473
344	247	243	-20	2144	2777	90	338	0	932
345	92	90	10	1562	1905	90	0	580	910
346	220	171	10	580	1090	90	0	575	508
347	96	110	10	67	572	90	0	212	252
348	116	18	-10	2089	2463	90	432	0	338
349	110	47	-20	2475	3029	90	353	0	1394
350	209	173	-40	2089	2623	90	164	0	687
351	47	118	20	1288	1742	90	0	587	817
352	209	184	20	68	687	90	0	289	309
353	114	43	20	2411	2902	90	0	349	1394
354	170	69	20	2718	3068	90	0	4	1492
355	278	179	10	1895	2454	90	0	262	1161
356	86	83	-20	1159	1722	90	501	0	724
357	166	261	-10	354	992	90	383	0	287
358	184	267	10	560	1201	90	0	374	539
359	251	219	20	1989	2522	90	0	437	1199
360	169	221	10	2743	3102	90	0	28	1514
361	106	34	10	1087	1616	90	0	237	742
362	67	142	20	268	682	90	0	153	299
363	78	213	-20	2892	3474	90	482	0	725
364	0	166	-20	2030	2645	90	119	0	966
365	52	80	-20	3073	3605	90	114	0	1680
366	152	247	10	359	779	90	0	518	340
367	283	195	-20	1442	1906	90	34	0	192
368	242	263	10	2573	3021	90	0	66	1437
369	222	196	10	1316	1756	90	0	43	835
370	92	23	-10	1548	2154	90	250	0	576
371	13	66	10	1558	2110	90	0	481	974
372	132	248	-10	2932	3339	90	54	0	828
373	271	32	20	2133	2665	90	0	540	1247
374	178	240	-10	1762	2305	90	358	0	539
375	45	44	10	980	1416	90	0	11	633
376	162	246	20	302	637	90	0	410	270
377	50	80	-20	3186	3603	90	18	0	405
378	126	20	20	2233	2706	90	0	341	1286
379	193	224	-10	2469	2963	90	105	0	674
380	244	260	-10	2265	2718	90	496	0	221
381	122	24	-20	529	1031	90	46	0	270
382	261	49	40	150	622	0	0	601	235
383	153	241	10	91	667	90	0	357	287
384	208	191	10	390	1055	90	0	184	491
385	252	50	30	1623	2131	0	0	610	994
386	195	168	-20	1721	2239	90	594	0	317
387	268	19	-10	1599	2060	90	13	0	410
388	238	170	-20	2689	3223	90	425	0	463
389	182	245	-30	1313	1790	90	282	0	331
390	228	200	-10	2618	3061	90	31	0	462
391	263	169	-20	2353	2949	90	120	0	1293
392	174	155	20	2381	2966	0	0	606	1470
393	270	25	-30	1978	2241	90	523	0	532
394	175	84	10	367	897	90	0	596	413
395	261	255	20	1695	2139	90	0	185	993
396	23	163	-20	2736	3115	90	433	0	797
397	178	127	10	679	1130	90	0	77	546
398	245	42	30	2204	2676	90	0	118	1266
399	259	212	10	382	807	90	0	581	340
400	115	235	-30	3048	3634	90	319	0	928
401	18	151	30	1443	1893	90	0	276	880
402	284	30	-10	751	1290	90	99	0	282
403	179	59	-20	2321	2878	90	233	0	982
404	217	219	10	166	779	90	0	171	341
405	96	13	-30	1482	1888	90	39	0	263
406	116	34	-10	262	908	90	110	0	223
407	241	46	-30	2153	2536	90	173	0	527
408	165	83	-20	2817	3359	90	53	0	1442
409	246	187	10	102	711	90	0	321	304
410	184	245	-20	1136	1782	90	376	0	270
411	149	82	20	890	1358	90	0	38	643
412	207	209	10	82	463	90	0	213	190
413	248	255	-10	2102	2689	90	81	0	513
414	79	238	-20	389	937	90	24	0	179
415	124	10	-20	2420	2899	90	505	0	932
416	225	201	-30	2441	2907	90	214	0	1350
417	266	33	20	2079	2528	90	0	179	1181
418	12	133	-20	597	1002	90	169	0	309
419	134	273	-20	1920	2402	90	109	0	1034
420	175	142	10	2022	2576	90	0	238	1274
421	180	227	30	2061	2599	90	0	475	1258
422	164	79	-10	2764	3225	90	275	0	1141
423	261	45	-10	1059	1505	90	40	0	322
424	125	253	30	2140	2802	90	0	236	1348
425	256	197	20	552	1043	90	0	388	463
426	22	126	20	178	650	90	0	427	259
427	24	141	-20	967	1594	90	426	0	259
428	192	152	-30	1064	1572	90	504	0	473
429	43	153	-10	2109	2510	90	205	0	434
430	74	62	10	116	601	90	0	554	190
431	236	53	-10	129	741	90	469	0	257
432	116	35	10	192	797	90	0	348	338
433	28	147	20	1237	1717	90	0	396	797
434	143	250	20	891	1385	90	0	47	642
435	157	62	-10	1662	2189	90	287	0	506
436	89	57	20	111	594	90	0	532	241
437	231	236	-20	2871	3392	90	359	0	1199
438	247	46	-20	1811	2316	90	318	0	853
439	225	191	-10	1357	1908	90	199	0	219
440	114	27	20	949	1369	90	0	130	620
441	178	118	30	432	1179	90	0	22	568
442	31	48	-20	1992	2472	90	155	0	578
443	255	178	30	2069	2625	90	0	95	1258
444	225	51	-40	2756	3116	90	243	0	385
445	104	15	-30	1710	2261	90	576	0	899
446	163	223	-30	2739	3298	90	477	0	1124
447	245	240	20	130	645	90	0	104	257
448	252	62	10	559	1024	90	0	273	444
449	188	244	10	1032	1510	90	0	317	704
450	227	187	-10	1106	1577	90	79	0	403
451	89	102	-20	1671	2367	90	21	0	547
452	216	192	40	960	1324	90	0	146	622
453	58	161	-10	2313	2703	90	268	0	1128
454	264	194	-20	1100	1664	90	467	0	465
455	165	69	-40	715	1131	90	210	0	235
456	191	172	-30	1196	1764	90	151	0	282
457	87	112	-10	2741	3107	90	67	0	452
458	78	234	30	2004	2633	90	0	242	1261
459	199	179	30	658	1182	90	0	342	562
460	3	149	20	1814	2283	90	0	75	1067
461	99	53	20	109	462	90	0	314	176
462	276	22	20	987	1450	90	0	96	635
463	250	264	-20	2350	2827	90	499	0	507
464	83	218	30	95	582	90	0	182	243
465	132	253	-20	2775	3306	90	546	0	1438
466	243	252	20	1942	2477	90	0	228	1169
467	258	213	20	555	1057	90	0	454	465
468	92	114	-10	2736	3302	90	135	0	254
469	149	130	10	20	558	90	0	431	257
470	251	186	10	737	1247	90	0	27	569
471	149	244	-20	389	937	90	25	0	282
472	129	41	10	111	627	90	0	303	257
473	295	254	-20	1207	1630	90	539	0	595
474	95	104	20	107	420	90	0	229	174
475	178	218	-30	2567	3078	90	421	0	1258
476	202	169	20	1870	2283	90	0	254	1113
477	168	237	30	1932	2337	90	0	446	1124
478	37	165	20	2732	3328	90	0	167	1592
479	39	57	30	2433	2803	90	0	584	1329
480	77	25	-30	1316	1777	90	267	0	686
481	41	63	-10	2580	3218	90	371	0	974
482	53	243	20	1116	1586	90	0	363	725
483	42	123	20	1346	1877	90	0	36	882
484	172	249	-10	1747	2120	90	574	0	958
485	43	155	20	2200	2602	90	0	263	1247
486	239	174	-10	1822	2219	90	329	0	937
487	239	188	30	1493	2161	90	0	71	1032
488	182	130	10	712	1287	90	0	269	624
489	259	235	-10	321	697	90	507	0	233
490	252	44	20	1501	2061	90	0	181	828
491	235	260	40	2731	3237	90	0	535	1548
492	163	150	-20	2717	3027	90	541	0	275
493	196	194	-30	263	783	90	223	0	287
494	98	33	10	587	978	90	0	304	424
495	131	254	-30	2659	3239	90	115	0	1093
496	232	220	10	107	550	90	0	380	221
497	215	168	-10	2189	2718	90	219	0	1260
498	292	18	30	1078	1572	90	0	41	689
499	262	237	20	684	1157	90	0	463	507
500	250	234	10	219	601	90	0	557	235
501	75	85	20	949	1549	90	0	356	724
502	178	247	30	1303	1988	90	0	513	943
503	59	124	-20	2138	2518	90	313	0	415
504	219	174	30	464	1021	90	0	428	473
505	89	24	20	1512	2005	90	0	415	932
506	252	218	10	467	949	90	0	48	413
507	238	231	10	119	588	90	0	489	233
508	78	222	-20	2338	2869	90	142	0	338
509	251	180	-30	2574	3125	90	112	0	791
510	226	164	-20	1049	1411	90	209	0	265
511	66	139	20	265	870	90	0	84	392
512	105	21	-20	2138	2577	90	65	0	1106
513	176	232	-30	1985	2482	90	502	0	943
514	196	190	-10	2944	3665	90	585	0	1155
515	210	181	-20	2559	3018	90	163	0	1384
516	198	182	-20	2608	3174	90	133	0	1321
517	70	131	30	82	515	90	0	196	216
518	165	269	-10	469	1073	90	366	0	340
519	236	210	30	1418	1931	90	0	286	913
520	222	197	-10	990	1491	90	316	0	633
521	220	187	-10	375	904	90	200	0	326
522	251	222	20	348	880	90	0	257	377
523	285	30	30	614	1245	90	0	393	532
524	61	237	-30	908	1410	90	327	0	190
525	229	186	20	1188	1680	90	0	298	796
526	108	131	-40	3032	3602	90	73	0	1176
527	3	34	-10	1305	1744	90	204	0	612
528	273	18	-10	1208	1847	90	175	0	767
529	223	204	-20	2730	3140	90	26	0	353
530	87	114	10	2523	2952	90	0	339	1439
531	87	10	-20	1541	2027	90	566	0	578
532	122	32	-20	394	970	90	436	0	241
533	150	240	30	489	1027	90	0	288	468
534	259	71	20	884	1264	90	0	302	564
535	231	260	-40	2816	3340	90	491	0	1548
536	53	28	10	584	1037	90	0	227	440
537	284	12	10	1180	1671	90	0	129	739
538	259	202	-20	1204	1730	90	5	0	505
539	264	249	20	883	1342	90	0	473	595
540	263	43	-20	2522	3033	90	373	0	1247
541	196	192	20	249	614	90	0	492	275
542	171	141	30	168	467	90	0	230	222
543	53	225	10	1490	2009	90	0	285	943
544	191	215	-20	3200	3649	90	326	0	1050
545	99	124	-30	2902	3341	90	166	0	1382
546	137	256	20	2541	2983	90	0	465	1438
547	262	50	30	150	662	90	0	17	255
548	59	243	30	1007	1503	90	0	148	686
549	57	235	10	1402	1714	90	0	277	794
550	245	197	20	105	580	90	0	315	237
551	232	199	-10	2592	2898	90	162	0	304
552	1	152	20	1868	2417	90	0	270	1133
553	78	114	10	80	551	90	0	572	235
554	76	59	-10	117	591	90	430	0	190
555	154	78	10	791	1263	90	0	244	595
556	124	13	-30	2353	2781	90	12	0	648
557	267	265	-10	1261	1816	90	500	0	235
558	63	135	-30	437	889	90	111	0	223
559	158	136	10	16	417	90	0	52	200
560	132	262	-20	2282	2862	90	330	0	1195
561	104	18	10	2062	2468	90	0	69	1164
562	176	117	40	456	971	90	0	191	464
563	73	49	-50	188	817	90	134	0	262
564	185	180	-10	2886	3466	90	589	0	1267
565	26	168	-20	2623	3038	90	88	0	1265
566	92	28	20	835	1292	90	0	531	578
567	20	155	-30	2388	2881	90	176	0	524
568	208	174	-10	2003	2527	90	249	0	768
569	192	185	-20	2692	3284	90	126	0	1223
570	80	84	-20	1049	1640	90	137	0	638
571	141	3	10	2850	3242	90	0	193	1547
572	93	77	-10	1215	1864	90	553	0	235
573	70	133	20	90	661	90	0	260	289
574	170	255	10	1410	2083	90	0	484	958
575	191	151	-10	1350	1889	90	346	0	508
576	77	11	30	1345	1957	90	0	445	899
577	270	23	-10	1782	2253	90	150	0	610
578	76	110	-20	1875	2374	90	56	0	367
579	14	160	30	2299	2774	90	0	224	1318
580	70	128	-10	2113	2745	90	345	0	910
581	283	180	-10	1807	2352	90	399	0	340
582	204	171	-20	1981	2358	90	74	0	532
583	111	10	10	1949	2221	90	0	235	1037
584	56	57	-30	2976	3399	90	479	0	1329
585	235	219	10	1877	2421	90	0	514	1155
586	195	253	-20	725	1250	90	240	0	362
587	50	139	-20	1669	2156	90	351	0	817
588	145	63	20	1323	1925	90	0	206	918
589	243	199	10	2283	2640	90	0	564	1267
590	241	209	-30	300	673	90	281	0	235
591	123	44	20	109	522	90	0	195	192
592	7	144	-10	1617	2108	90	80	0	288
593	86	232	10	122	638	90	0	20	266
594	205	191	20	184	703	90	0	386	317
595	30	150	-30	1920	2492	90	6	0	629
596	186	181	-10	2886	3284	90	394	0	413
597	177	160	-20	1480	1881	90	255	0	614
598	253	64	20	732	1037	90	0	190	451
599	187	165	-20	1167	1678	90	335	0	769
600	117	14	-10	1854	2510	90	278	0	1038
601	261	49	-40	150	622	90	382	0	235
602	214	239	-30	2923	3616	90	328	0	1753
603	101	29	-30	2256	2658	90	68	0	1263
604	81	223	-10	2151	2689	90	189	0	1294
605	57	126	-20	819	1444	90	337	0	673
606	174	155	-20	2381	2966	90	392	0	1470
607	160	111	-20	3169	3616	90	108	0	1787
608	180	231	-30	2135	2713	90	231	0	1313
609	172	146	-10	2278	2689	90	177	0	1333
610	252	50	-30	1623	2131	90	385	0	994

