150	200	1
0	150	150	0	0	1206	0	0	0
1	71	268	10	231	241	10	0	19	24
2	183	80	-5	0	1119	10	255	0	104
3	174	238	-16	1033	1043	10	492	0	78
4	166	123	14	31	41	10	0	69	2
5	287	293	14	548	558	10	0	119	89
6	140	214	-25	0	1132	10	261	0	2
7	47	203	29	680	690	10	0	497	143
8	247	19	-19	828	838	10	542	0	149
9	152	29	10	909	919	10	0	366	199
10	86	216	-12	218	228	10	39	0	3
11	107	29	-12	1021	1031	10	548	0	185
12	212	270	21	602	612	10	0	553	119
13	148	157	24	7	17	0	0	624	2
14	291	148	-29	646	656	10	252	0	41
15	92	241	-27	777	787	10	400	0	160
16	162	148	-23	760	770	10	422	0	33
17	119	254	42	817	827	10	0	292	179
18	266	212	11	343	353	10	0	437	55
19	99	226	-10	0	1105	10	1	0	24
20	56	116	-13	0	1097	10	352	0	198
21	110	31	-22	373	383	10	445	0	4
22	175	107	-15	1096	1106	10	543	0	174
23	17	0	11	587	597	10	0	193	99
24	96	86	12	83	93	10	0	381	2
25	136	228	2	367	377	10	0	82	74
26	100	138	-40	0	1145	10	207	0	2
27	184	277	17	0	1065	10	0	41	74
28	16	42	17	263	273	10	0	559	25
29	67	175	-6	0	1110	10	108	0	38
30	72	286	17	412	422	10	0	304	66
31	176	235	33	0	1108	10	0	105	89
32	116	14	-26	664	674	10	228	0	33
33	26	27	-6	0	1022	10	424	0	4
34	37	14	19	253	263	10	0	561	21
35	1	11	-22	490	500	10	295	0	60
36	74	117	-17	814	824	10	278	0	14
37	170	53	-19	0	1097	10	382	0	233
38	154	101	21	49	59	10	0	285	2
39	75	191	12	90	100	10	0	10	3
40	227	62	16	815	825	10	0	578	177
41	209	269	-17	456	466	10	27	0	74
42	207	149	22	357	367	10	0	389	77
43	99	105	-19	260	270	10	229	0	13
44	6	168	-4	754	764	10	143	0	72
45	296	211	22	206	216	10	0	536	14
46	254	87	7	0	1075	0	0	611	238
47	201	175	10	703	713	0	0	603	164
48	268	113	-26	853	863	10	411	0	2
49	29	8	-5	761	771	10	447	0	54
50	159	89	-12	836	846	10	499	0	179
51	9	30	-24	0	1011	10	314	0	201
52	175	294	16	501	511	10	0	485	91
53	282	76	-27	866	876	10	471	0	78
54	90	44	12	0	1075	10	0	583	234
55	57	7	25	0	1026	10	0	494	211
56	176	153	-29	0	1170	10	426	0	130
57	106	243	-24	0	1094	10	291	0	60
58	207	20	-3	195	205	10	401	0	13
59	289	143	23	147	157	10	0	136	4
60	166	194	7	108	118	10	0	216	17
61	295	123	29	780	790	10	0	521	160
62	85	62	3	0	1087	10	0	549	80
63	207	237	11	498	508	10	0	288	100
64	136	50	16	0	1096	10	0	142	220
65	42	221	-36	306	316	10	425	0	42
66	208	235	-21	833	843	10	592	0	161
67	267	29	-18	469	479	10	418	0	3
68	206	121	-25	756	766	10	467	0	169
69	227	5	-14	380	390	10	4	0	2
70	60	287	-17	993	1003	10	484	0	103
71	151	133	23	17	27	10	0	221	2
72	222	100	-17	736	746	10	399	0	139
73	152	77	10	0	1123	0	0	628	262
74	225	192	-6	556	566	10	101	0	2
75	150	104	-25	0	1150	10	432	0	199
76	296	252	18	799	809	0	0	613	157
77	63	170	-11	0	1107	10	550	0	2
78	106	168	21	222	232	10	0	163	46
79	73	81	15	566	576	10	0	501	118
80	97	232	-25	943	953	10	457	0	2
81	112	43	42	563	573	10	0	495	114
82	135	251	-2	494	504	10	25	0	74
83	214	6	-12	875	885	10	250	0	77
84	252	219	-26	311	321	10	145	0	46
85	182	284	3	523	533	0	0	619	98
86	259	187	-33	0	1081	10	89	0	238
87	72	20	32	694	704	10	0	265	138
88	153	61	12	269	279	10	0	443	47
89	211	174	33	0	1131	10	0	86	238
90	199	28	-11	0	1065	10	419	0	217
91	274	136	-23	814	824	10	458	0	147
92	226	248	-12	863	873	10	134	0	144
93	85	75	-10	736	746	10	503	0	129
94	52	165	18	297	307	10	0	205	51
95	54	136	9	260	270	10	0	276	43
96	34	150	15	403	413	10	0	116	74
97	203	36	18	407	417	10	0	190	72
98	37	258	11	836	846	10	0	483	170
99	29	130	18	0	1074	10	0	232	179
100	40	181	-16	0	1082	10	403	0	29
101	192	150	6	42	52	10	0	74	2
102	61	138	-19	653	663	10	599	0	14
103	183	88	-15	889	899	10	126	0	194
104	122	127	1	36	46	10	0	448	2
105	126	266	-33	504	514	10	31	0	89
106	165	179	-17	841	851	10	187	0	81
107	19	290	12	397	407	10	0	507	53
108	30	243	6	296	306	10	0	29	38
109	172	198	29	840	850	10	0	369	199
110	209	84	13	392	402	10	0	180	78
111	24	261	-15	0	1029	10	545	0	91
112	181	145	20	772	782	10	0	388	187
113	149	76	-8	810	820	10	523	0	130
114	206	157	-12	921	931	10	412	0	191
115	1	81	-16	331	341	10	260	0	8
116	47	153	-15	777	787	10	96	0	74
117	125	148	8	0	1171	0	0	615	286
118	109	148	19	0	1155	10	0	482	86
119	256	286	-14	804	814	10	5	0	89
120	15	52	21	166	176	10	0	534	2
121	234	107	24	348	358	10	0	593	65
122	108	162	24	637	647	10	0	239	150
123	147	240	4	0	1106	10	0	305	103
124	290	37	1	826	836	10	0	557	164
125	165	256	12	597	607	10	0	181	124
126	188	69	15	0	1107	10	0	103	194
127	242	70	22	0	1075	0	0	621	238
128	93	165	-19	0	1138	10	212	0	249
129	224	61	22	483	493	10	0	346	94
130	72	180	-24	0	1113	10	552	0	228
131	44	286	37	549	559	10	0	237	96
132	47	121	19	112	122	10	0	339	3
133	30	145	-18	857	867	10	487	0	162
134	283	275	12	749	759	10	0	92	144
135	2	238	-33	0	1024	10	249	0	8
136	289	130	-23	339	349	10	59	0	4
137	159	266	-42	905	915	10	284	0	81
138	198	159	-7	788	798	10	449	0	164
139	155	93	-27	148	158	10	423	0	17
140	201	122	29	0	1138	10	0	274	65
141	34	5	16	745	755	0	0	630	142
142	103	8	-16	0	1047	10	64	0	220
143	30	149	4	401	411	10	0	44	72
144	278	178	17	695	705	10	0	362	143
145	203	183	26	0	1134	10	0	84	46
146	276	28	9	0	1021	10	0	512	199
147	63	130	-17	0	1107	10	379	0	62
148	199	213	-18	521	531	10	479	0	100
149	274	6	41	529	539	10	0	211	87
150	107	174	21	49	59	10	0	191	2
151	57	123	19	175	185	10	0	408	22
152	14	177	-2	146	156	10	176	0	1
153	156	182	-22	608	618	10	568	0	104
154	168	42	-17	643	653	10	202	0	58
155	84	231	-12	555	565	10	556	0	2
156	272	211	8	369	379	10	0	333	60
157	153	226	-10	0	1120	10	293	0	89
158	250	194	-33	887	897	10	528	0	193
159	243	136	-11	0	1102	10	321	0	85
160	56	212	-14	0	1084	10	581	0	2
161	221	145	-28	1027	1037	10	253	0	81
162	52	109	30	106	116	10	0	174	2
163	88	190	-21	908	918	10	78	0	46
164	11	191	-32	736	746	10	233	0	2
165	296	235	25	570	580	10	0	591	102
166	175	123	-8	833	843	10	271	0	189
167	124	174	22	35	45	10	0	267	2
168	271	105	42	627	637	10	0	427	126
169	169	236	-18	949	959	10	214	0	201
170	127	266	-12	132	142	10	247	0	3
171	139	31	15	0	1077	0	0	616	239
172	160	179	32	0	1166	10	0	238	71
173	200	26	10	0	1063	10	0	373	110
174	59	113	-30	254	264	10	162	0	2
175	189	197	-10	484	494	10	371	0	95
176	76	160	2	74	84	10	0	152	1
177	183	44	17	119	129	10	0	416	4
178	45	190	35	455	465	10	0	272	88
179	145	38	10	252	262	10	0	402	37
180	271	8	-13	0	1010	10	110	0	78
181	161	242	-12	886	896	10	125	0	124
182	230	150	28	672	682	10	0	194	150
183	260	64	23	443	453	10	0	430	78
184	44	189	-28	0	1084	10	509	0	23
185	125	168	27	877	887	0	0	602	214
186	120	155	-31	898	908	10	338	0	2
187	237	171	17	404	414	10	0	106	81
188	120	60	-17	522	532	10	296	0	79
189	263	291	2	197	207	10	0	289	5
190	246	93	-18	554	564	10	97	0	72
191	15	259	-21	688	698	10	150	0	2
192	250	124	-18	143	153	10	511	0	9
193	129	77	-11	0	1121	10	23	0	99
194	188	142	-28	1148	1158	10	182	0	150
195	29	139	-19	0	1075	10	531	0	23
196	241	218	-27	157	167	10	551	0	10
197	183	23	-5	0	1065	10	302	0	2
198	217	138	-14	700	710	10	569	0	129
199	126	42	-12	234	244	10	377	0	2
200	136	68	19	604	614	10	0	256	132
201	64	91	29	0	1092	10	0	405	115
202	148	28	17	346	356	10	0	154	58
203	262	164	18	908	918	10	0	324	201
204	103	93	-16	576	586	10	527	0	56
205	37	159	-18	0	1083	10	94	0	51
206	75	269	-11	818	828	10	242	0	65
207	126	127	40	33	43	10	0	26	2
208	103	81	33	0	1113	10	0	280	99
209	18	196	8	442	452	10	0	275	78
210	88	49	21	181	191	10	0	343	18
211	259	14	-41	749	759	10	149	0	87
212	60	176	19	0	1103	10	0	128	249
213	15	88	12	0	1048	10	0	332	85
214	178	263	18	0	1080	10	0	169	201
215	45	74	9	403	413	0	0	626	70
216	209	246	-7	384	394	10	60	0	17
217	275	263	-16	0	1028	10	226	0	2
218	37	149	24	382	392	10	0	478	69
219	183	43	14	0	1085	10	0	246	50
220	59	287	17	506	516	0	0	610	87
221	170	93	-23	486	496	10	71	0	2
222	167	171	9	0	1169	10	0	361	242
223	227	192	-15	324	334	10	363	0	47
224	236	27	-8	382	392	10	504	0	2
225	139	110	-15	869	879	10	474	0	142
226	243	191	16	101	111	10	0	217	2
227	136	295	18	501	511	10	0	567	91
228	132	16	26	259	269	10	0	32	33
229	157	84	19	110	120	10	0	43	13
230	162	92	-19	0	1137	10	354	0	2
231	140	18	-31	0	1064	10	258	0	40
232	4	97	-18	884	894	10	99	0	179
233	133	153	32	17	27	10	0	164	2
234	150	185	22	0	1161	10	0	269	244
235	151	113	4	356	366	10	0	336	82
236	71	294	-27	576	586	10	460	0	88
237	133	187	-37	0	1156	10	131	0	96
238	136	241	-32	382	392	10	172	0	71
239	139	146	-24	0	1185	10	122	0	150
240	184	237	-18	0	1103	10	439	0	4
241	15	178	9	778	788	10	0	335	162
242	41	279	11	422	432	10	0	206	65
243	96	96	-21	0	1120	10	398	0	2
244	230	128	-9	390	400	10	378	0	19
245	198	100	25	97	107	10	0	320	9
246	160	17	-14	350	360	10	219	0	50
247	137	212	12	0	1133	10	0	170	3
248	180	93	-30	979	989	10	441	0	131
249	8	227	33	187	197	10	0	135	8
250	189	41	12	417	427	10	0	83	77
251	176	263	-2	620	630	10	359	0	125
252	263	193	29	276	286	10	0	14	41
253	220	43	28	445	455	10	0	161	81
254	296	17	-14	795	805	10	438	0	149
255	217	43	5	533	543	10	0	2	104
256	150	67	-19	0	1113	10	200	0	132
257	117	155	22	0	1163	10	0	303	37
258	113	4	31	301	311	10	0	231	40
259	114	259	-20	818	828	10	520	0	81
260	38	74	16	160	170	10	0	115	8
261	148	172	25	22	32	10	0	6	2
262	139	250	-18	643	653	10	368	0	57
263	163	150	15	13	23	10	0	510	2
264	112	161	11	39	49	10	0	539	1
265	127	77	-32	840	850	10	87	0	138
266	147	152	14	3	13	10	0	286	2
267	131	222	-22	0	1122	10	167	0	2
268	43	62	-29	831	841	10	395	0	2
269	167	193	-22	1033	1043	10	234	0	244
270	157	254	8	526	536	10	0	493	107
271	187	129	8	792	802	10	0	166	189
272	96	199	-35	1029	1039	10	178	0	88
273	31	68	-29	508	518	10	524	0	69
274	234	146	-29	362	372	10	140	0	65
275	14	204	-8	603	613	10	209	0	78
276	121	116	-9	511	521	10	95	0	43
277	88	110	1	644	654	10	0	594	145
278	25	119	17	178	188	10	0	36	14
279	262	14	-4	708	718	10	356	0	2
280	108	80	-33	485	495	10	208	0	99
281	239	84	-26	594	604	10	459	0	119
282	107	281	16	137	147	10	0	434	2
283	152	241	2	681	691	10	0	463	149
284	183	282	42	452	462	10	0	137	81
285	186	26	-21	575	585	10	38	0	2
286	175	281	-14	650	660	10	266	0	2
287	118	38	27	223	233	10	0	525	29
288	189	201	-11	986	996	10	63	0	100
289	238	294	-2	229	239	10	189	0	5
290	250	49	-11	489	499	10	330	0	75
291	109	299	24	387	397	10	0	57	60
292	128	225	-42	0	1118	10	17	0	179
293	157	221	10	421	431	10	0	157	89
294	69	90	23	786	796	10	0	311	173
295	12	10	22	429	439	10	0	35	60
296	109	61	17	407	417	10	0	188	79
297	213	299	-10	548	558	10	410	0	7
298	11	176	-30	0	1055	10	440	0	223
299	271	106	-19	597	607	10	491	0	63
300	140	294	-9	419	429	10	383	0	40
301	51	2	-12	227	237	10	584	0	2
302	158	140	5	12	22	10	0	197	2
303	102	155	-22	198	208	10	257	0	37
304	75	265	-17	676	686	10	30	0	66
305	116	240	-4	535	545	10	123	0	103
306	272	183	12	0	1070	10	0	582	47
307	30	226	-36	948	958	10	532	0	155
308	27	255	-19	251	261	10	393	0	15
309	203	166	20	1000	1010	0	0	629	238
310	205	130	-22	949	959	10	574	0	193
311	94	93	-23	920	930	10	294	0	173
312	248	280	-7	300	310	10	570	0	2
313	57	127	20	0	1101	0	0	620	251
314	16	22	24	0	1011	10	0	51	201
315	80	133	-15	0	1124	10	500	0	76
316	75	127	-5	525	535	10	486	0	51
317	9	239	-15	0	1030	10	322	0	2
318	110	83	22	206	216	10	0	385	34
319	297	43	-29	732	742	10	571	0	135
320	247	86	-25	222	232	10	245	0	9
321	248	41	11	479	489	10	0	159	85
322	102	173	15	53	63	10	0	317	2
323	28	141	-16	0	1074	10	514	0	2
324	246	166	-18	0	1099	10	203	0	201
325	5	189	5	156	166	10	0	342	3
326	216	40	41	162	172	10	0	472	10
327	282	104	19	281	291	10	0	505	37
328	44	223	22	0	1068	0	0	617	234
329	1	145	-7	0	1047	10	496	0	135
330	253	84	11	415	425	10	0	290	75
331	69	134	-2	634	644	10	451	0	2
332	24	76	-12	507	517	10	213	0	85
333	255	203	-8	740	750	10	156	0	60
334	94	12	20	484	494	10	0	344	86
335	14	165	-9	0	1060	10	241	0	162
336	164	108	-4	0	1152	10	235	0	82
337	266	203	6	0	1069	10	0	350	225
338	114	117	31	48	58	10	0	186	2
339	48	141	-19	227	237	10	132	0	3
340	28	124	12	0	1072	10	0	406	137
341	12	275	18	522	532	10	0	397	86
342	8	200	-5	696	706	10	325	0	3
343	123	76	-21	0	1118	10	210	0	18
344	108	3	-20	681	691	10	334	0	86
345	228	217	32	0	1094	10	0	428	58
346	253	69	-22	648	658	10	129	0	94
347	147	43	14	113	123	10	0	516	3
348	180	114	-29	1080	1090	10	522	0	252
349	76	221	24	730	740	10	0	470	159
350	250	228	-6	0	1070	10	337	0	225
351	228	276	21	743	753	10	0	465	151
352	29	72	13	929	939	10	0	20	198
353	57	192	-11	693	703	10	435	0	67
354	166	99	19	53	63	10	0	230	2
355	69	208	-8	592	602	10	526	0	36
356	179	123	4	39	49	10	0	279	2
357	208	297	-9	419	429	10	579	0	2
358	241	298	27	472	482	10	0	576	77
359	151	172	2	0	1174	10	0	251	125
360	216	203	5	551	561	10	0	404	119
361	241	208	-9	0	1089	10	222	0	242
362	219	152	-17	969	979	10	144	0	143
363	238	214	15	0	1088	10	0	223	47
364	173	148	-19	1008	1018	10	586	0	218
365	156	57	-26	691	701	10	533	0	120
366	157	50	-10	957	967	10	9	0	199
367	276	66	17	151	161	0	0	618	2
368	112	272	18	347	357	10	0	262	57
369	190	181	-29	914	924	10	109	0	199
370	224	138	-29	919	929	10	461	0	193
371	154	207	10	429	439	10	0	175	95
372	111	40	-18	865	875	10	490	0	87
373	172	2	-10	612	622	10	173	0	110
374	125	278	16	0	1066	10	0	488	111
375	186	228	-45	423	433	10	498	0	73
376	191	49	12	140	150	10	0	572	10
377	102	81	12	84	94	10	0	199	2
378	246	133	9	165	175	10	0	244	19
379	47	143	17	344	354	10	0	147	62
380	220	18	38	631	641	10	0	562	122
381	40	1	-12	459	469	10	24	0	2
382	135	38	19	0	1083	10	0	37	233
383	124	299	9	302	312	10	0	300	40
384	36	212	4	135	145	10	0	537	3
385	89	61	-22	263	273	10	318	0	34
386	60	72	2	180	190	10	0	468	17
387	83	188	16	329	339	10	0	475	65
388	182	146	-20	818	828	10	112	0	187
389	223	198	-22	469	479	10	42	0	77
390	11	242	16	527	537	0	0	608	92
391	244	13	-14	0	1030	10	573	0	50
392	274	66	21	185	195	10	0	394	11
393	15	219	19	0	1045	10	0	308	15
394	294	64	-21	493	503	10	392	0	11
395	8	4	29	203	213	10	0	268	2
396	102	76	17	853	863	0	0	607	193
397	4	296	-18	844	854	10	341	0	86
398	141	120	21	31	41	10	0	243	2
399	262	80	17	0	1064	10	0	72	139
400	78	246	27	0	1076	10	0	15	160
401	180	98	3	0	1136	10	0	58	13
402	139	33	-10	518	528	10	179	0	37
403	25	191	16	240	250	10	0	100	29
404	188	198	-5	0	1135	10	360	0	119
405	82	100	-29	588	598	10	201	0	115
406	3	119	-12	699	709	10	340	0	137
407	239	295	11	0	1026	10	0	577	211
408	80	131	-19	344	354	10	151	0	22
409	152	258	-20	0	1088	10	518	0	87
410	181	297	10	172	182	10	0	297	7
411	206	130	26	59	69	10	0	48	2
412	241	183	12	853	863	10	0	114	191
413	180	106	19	53	63	10	0	519	2
414	131	220	23	131	141	0	0	605	17
415	103	260	-25	904	914	10	547	0	32
416	148	8	-17	196	206	10	177	0	4
417	173	152	12	757	767	0	0	622	185
418	235	31	18	151	161	10	0	67	3
419	157	12	11	0	1058	10	0	90	217
420	296	15	-6	0	998	10	544	0	91
421	172	225	13	119	129	10	0	564	12
422	57	125	23	221	231	10	0	16	33
423	158	83	27	0	1129	10	0	139	17
424	51	63	6	138	148	10	0	33	4
425	51	217	36	279	289	10	0	65	42
426	254	206	29	631	641	10	0	56	130
427	236	108	-42	895	905	10	168	0	126
428	224	229	-32	351	361	10	345	0	58
429	208	117	15	88	98	10	0	450	7
430	176	72	-23	584	594	10	183	0	78
431	159	287	-18	0	1059	10	535	0	225
432	149	98	25	839	849	10	0	75	199
433	25	64	10	631	641	10	0	502	122
434	135	210	-16	0	1135	10	282	0	2
435	113	188	11	314	324	10	0	353	67
436	142	188	12	972	982	0	0	609	235
437	261	232	-11	509	519	10	18	0	55
438	277	41	14	0	1029	10	0	254	149
439	189	240	18	105	115	10	0	240	4
440	11	185	30	0	1053	10	0	298	223
441	212	45	30	639	649	10	0	248	131
442	231	28	-9	0	1050	10	540	0	10
443	159	42	-12	0	1088	10	88	0	47
444	159	41	-14	0	1087	10	508	0	2
445	99	73	22	100	110	10	0	21	4
446	110	262	26	502	512	10	0	541	98
447	15	2	5	409	419	10	0	49	54
448	72	89	-1	563	573	10	104	0	2
449	229	188	7	0	1109	10	0	138	164
450	232	121	-15	587	597	10	429	0	7
451	98	129	2	56	66	10	0	331	2
452	139	270	-13	781	791	10	456	0	165
453	181	277	15	0	1066	0	0	623	233
454	281	68	-10	517	527	10	589	0	83
455	159	300	15	150	160	10	0	595	0
456	143	244	13	0	1102	10	0	452	165
457	105	252	25	111	121	10	0	80	2
458	288	127	23	720	730	10	0	91	147
459	230	80	26	0	1090	10	0	281	119
460	76	280	27	495	505	10	0	236	88
461	182	81	29	0	1120	10	0	370	193
462	61	84	-13	343	353	10	506	0	31
463	159	199	-2	829	839	10	283	0	149
464	280	158	34	658	668	10	0	587	134
465	215	295	-21	832	842	10	351	0	151
466	38	139	12	347	357	10	0	580	61
467	213	119	25	739	749	10	0	68	169
468	37	36	-2	343	353	10	386	0	17
469	229	179	16	252	262	10	0	554	44
470	81	219	-24	974	984	10	349	0	159
471	283	65	27	460	470	10	0	53	78
472	229	25	-41	503	513	10	326	0	10
473	121	246	9	0	1096	10	0	560	123
474	129	83	15	632	642	10	0	225	142
475	87	183	-16	535	545	10	387	0	65
476	274	256	-15	0	1033	10	530	0	80
477	234	213	-16	152	162	10	515	0	10
478	46	155	-24	765	775	10	218	0	69
479	139	206	18	0	1139	10	0	148	100
480	283	144	6	133	143	10	0	565	2
481	208	47	6	0	1078	0	0	612	239
482	114	211	-19	449	459	10	118	0	86
483	15	209	-11	892	902	10	98	0	170
484	107	291	17	552	562	10	0	70	103
485	154	299	-16	598	608	10	52	0	91
486	101	114	5	255	265	10	0	316	51
487	5	195	18	0	1045	10	0	133	162
488	120	241	-16	615	625	10	374	0	111
489	229	40	13	0	1061	0	0	606	231
490	83	77	18	438	448	10	0	372	87
491	289	79	19	400	410	10	0	299	63
492	177	281	16	436	446	10	0	3	78
493	175	251	-8	747	757	10	270	0	107
494	80	35	-25	0	1062	10	55	0	211
495	117	79	-42	914	924	10	81	0	114
496	3	135	7	678	688	10	0	329	135
497	58	240	-29	784	794	10	7	0	143
498	210	236	45	0	1092	10	0	375	73
499	173	64	12	0	1107	10	0	50	179
500	93	117	15	360	370	10	0	315	76
501	80	86	-15	610	620	10	79	0	118
502	125	136	-10	0	1168	10	433	0	122
503	38	44	10	661	671	10	0	93	129
504	211	62	8	107	117	10	0	224	2
505	230	135	-19	988	998	10	327	0	37
506	45	115	13	227	237	10	0	462	31
507	40	236	-12	0	1057	10	107	0	53
508	143	67	14	83	93	10	0	444	2
509	20	245	28	247	257	10	0	184	23
510	220	182	-15	623	633	10	263	0	2
511	246	123	18	0	1097	10	0	192	9
512	300	44	-9	0	1013	10	146	0	199
513	9	63	13	319	329	10	0	546	40
514	53	141	16	97	107	10	0	323	2
515	208	208	16	116	126	10	0	477	10
516	173	72	-14	696	706	10	347	0	3
517	265	78	-9	716	726	10	597	0	107
518	143	223	20	413	423	10	0	409	87
519	272	70	-19	682	692	10	413	0	2
520	126	233	20	401	411	10	0	259	81
521	271	145	-29	967	977	10	61	0	160
522	184	102	29	0	1138	10	0	348	252
523	131	78	8	588	598	10	0	113	130
524	7	31	29	0	1010	10	0	273	69
525	107	39	-27	351	361	10	287	0	29
526	110	145	8	176	186	10	0	355	36
527	111	98	16	281	291	10	0	204	56
528	251	195	33	0	1086	10	0	158	193
529	18	151	15	141	151	0	0	601	4
530	296	279	15	507	517	10	0	476	80
531	9	122	19	226	236	10	0	195	23
532	33	231	36	755	765	10	0	307	155
533	195	9	26	0	1048	10	0	365	120
534	25	14	-21	223	233	10	120	0	2
535	158	291	18	0	1055	10	0	431	225
536	297	213	-22	704	714	10	45	0	14
537	23	218	-4	159	169	10	384	0	3
538	117	178	-6	776	786	10	590	0	135
539	40	192	-11	123	133	10	264	0	1
540	205	44	9	150	160	10	0	442	10
541	116	245	-26	587	597	10	446	0	98
542	281	8	19	0	1003	10	0	8	149
543	232	45	15	822	832	10	0	22	174
544	266	39	6	518	528	10	0	420	91
545	4	294	15	560	570	10	0	111	91
546	88	124	-13	0	1129	10	513	0	40
547	51	278	25	282	292	10	0	415	32
548	26	0	12	0	1002	10	0	11	185
549	80	67	-3	437	447	10	62	0	80
550	128	155	11	22	32	10	0	77	2
551	225	210	27	129	139	10	0	196	10
552	18	184	24	0	1060	10	0	130	228
553	203	283	-21	0	1053	10	12	0	119
554	289	209	-16	704	714	10	469	0	44
555	279	189	30	0	1062	0	0	625	231
556	135	139	12	18	28	10	0	155	2
557	284	72	-1	943	953	10	124	0	164
558	132	297	-18	174	184	10	598	0	2
559	43	52	-17	0	1051	10	28	0	25
560	119	214	-9	628	638	10	473	0	123
561	72	36	-19	442	452	10	34	0	21
562	228	41	-38	822	832	10	380	0	122
563	202	161	16	53	63	10	0	588	2
564	162	250	-13	206	216	10	421	0	12
565	299	153	-6	420	430	10	480	0	2
566	202	292	-16	918	928	10	600	0	43
567	108	298	-18	890	900	10	227	0	91
568	238	206	22	0	1092	10	0	153	104
569	275	146	14	0	1071	10	0	198	129
570	194	234	7	94	104	10	0	312	2
571	279	36	29	703	713	10	0	319	135
572	238	103	-12	732	742	10	376	0	10
573	194	11	14	337	347	10	0	391	50
574	265	141	22	0	1081	10	0	310	193
575	264	35	25	993	1003	0	0	627	210
576	285	285	-27	711	721	10	358	0	77
577	211	239	-11	0	1089	10	407	0	211
578	233	119	-16	948	958	10	40	0	177
579	191	234	9	93	103	10	0	357	2
580	64	170	-12	467	477	10	466	0	61
581	117	168	14	37	47	10	0	160	2
582	265	197	-12	331	341	10	306	0	47
583	113	62	-12	0	1101	10	54	0	234
584	82	35	12	133	143	10	0	301	2
585	285	283	22	564	574	0	0	604	96
586	122	96	19	0	1136	10	0	364	218
587	298	135	-34	910	920	10	464	0	134
588	290	219	-16	0	1040	10	563	0	2
589	293	62	10	0	1029	10	0	454	83
590	119	183	6	577	587	10	0	538	135
591	284	244	-25	746	756	10	165	0	102
592	214	234	21	740	750	10	0	66	161
593	176	70	-24	682	692	10	121	0	65
594	94	109	-1	793	803	10	277	0	145
595	148	299	-15	164	174	10	455	0	0
596	2	81	32	274	284	0	0	614	30
597	225	73	9	529	539	10	0	517	107
598	157	276	18	126	136	10	0	558	2
599	37	126	19	164	174	10	0	102	14
600	208	290	16	315	325	10	0	566	43
601	18	151	-15	141	151	10	529	0	4
602	125	168	-27	877	887	10	185	0	214
603	201	175	-10	703	713	10	47	0	164
604	285	283	-22	564	574	10	585	0	96
605	131	220	-23	131	141	10	414	0	17
606	229	40	-13	0	1061	10	489	0	231
607	102	76	-17	853	863	10	396	0	193
608	11	242	-16	527	537	10	390	0	92
609	142	188	-12	972	982	10	436	0	235
610	59	287	-17	506	516	10	220	0	87
611	254	87	-7	0	1075	10	46	0	238
612	208	47	-6	0	1078	10	481	0	239
613	296	252	-18	799	809	10	76	0	157
614	2	81	-32	274	284	10	596	0	30
615	125	148	-8	0	1171	10	117	0	286
616	139	31	-15	0	1077	10	171	0	239
617	44	223	-22	0	1068	10	328	0	234
618	276	66	-17	151	161	10	367	0	2
619	182	284	-3	523	533	10	85	0	98
620	57	127	-20	0	1101	10	313	0	251
621	242	70	-22	0	1075	10	127	0	238
622	173	152	-12	757	767	10	417	0	185
623	181	277	-15	0	1066	10	453	0	233
624	148	157	-24	7	17	10	13	0	2
625	279	189	-30	0	1062	10	555	0	231
626	45	74	-9	403	413	10	215	0	70
627	264	35	-25	993	1003	10	575	0	210
628	152	77	-10	0	1123	10	73	0	262
629	203	166	-20	1000	1010	10	309	0	238
630	34	5	-16	745	755	10	141	0	142

