150	200	1
0	150	150	0	0	1206	0	0	0
1	71	268	10	231	241	10	0	547	74
2	183	80	-10	0	1119	10	9	0	598
3	174	238	-24	0	1105	10	564	0	86
4	166	123	14	31	41	10	0	533	7
5	287	293	14	0	998	10	0	158	437
6	140	214	24	0	1132	10	0	238	217
7	47	203	29	680	690	10	0	272	430
8	247	19	21	828	838	10	0	391	506
9	152	29	10	909	919	10	0	2	598
10	86	216	25	218	228	10	0	497	102
11	107	29	-9	1021	1031	10	525	0	181
12	212	270	21	602	612	10	0	137	357
13	148	157	24	7	17	10	0	375	7
14	291	148	11	646	656	10	0	61	386
15	92	241	3	777	787	10	0	292	509
16	162	148	25	0	1184	10	0	274	208
17	119	254	-16	817	827	10	492	0	234
18	266	212	11	343	353	10	0	592	166
19	99	226	-16	0	1105	10	560	0	425
20	56	116	22	0	1097	10	0	339	718
21	110	31	-23	373	383	10	199	0	182
22	175	107	-13	0	1147	10	204	0	384
23	17	0	-5	587	597	10	447	0	287
24	96	86	12	83	93	10	0	201	6
25	136	228	-23	367	377	10	414	0	51
26	100	138	-9	0	1145	10	215	0	212
27	184	277	-8	0	1065	10	465	0	512
28	16	42	17	263	273	10	0	213	75
29	67	175	-21	0	1110	10	342	0	664
30	72	286	17	0	1040	10	0	236	308
31	176	235	33	0	1108	10	0	498	719
32	116	14	-31	664	674	10	258	0	120
33	26	27	16	0	1022	0	0	607	635
34	37	14	19	253	263	10	0	54	64
35	1	11	34	490	500	0	0	608	222
36	74	117	24	814	824	10	0	266	555
37	170	53	-11	0	1097	10	444	0	721
38	154	101	21	49	59	10	0	256	7
39	75	191	12	90	100	10	0	209	10
40	227	62	-14	0	1080	10	190	0	691
41	209	269	-6	456	466	10	553	0	223
42	207	149	22	357	367	10	0	269	232
43	99	105	-16	0	1128	10	260	0	685
44	6	168	-13	754	764	10	298	0	452
45	296	211	-16	206	216	10	226	0	7
46	254	87	7	0	1075	0	0	612	715
47	201	175	-23	0	1140	10	138	0	798
48	268	113	-10	853	863	10	589	0	471
49	29	8	-29	761	771	10	395	0	7
50	159	89	22	836	846	10	0	309	588
51	9	30	6	0	1011	10	0	503	610
52	175	294	-18	0	1050	10	300	0	213
53	282	76	-17	866	876	10	399	0	535
54	90	44	-19	0	1075	10	34	0	64
55	57	7	-7	0	1026	10	561	0	633
56	176	153	-9	0	1170	10	364	0	848
57	106	243	-17	0	1094	10	262	0	414
58	207	20	-11	0	1055	10	419	0	642
59	289	143	-27	0	1057	10	136	0	156
60	166	194	7	108	118	10	0	216	53
61	295	123	-11	780	790	10	14	0	386
62	85	62	-32	0	1087	10	87	0	414
63	207	237	-15	0	1092	10	455	0	7
64	136	50	16	0	1096	10	0	265	532
65	42	221	-14	306	316	10	581	0	7
66	208	235	-27	0	1094	10	551	0	32
67	267	29	33	469	479	10	0	454	230
68	206	121	10	0	1133	10	0	429	789
69	227	5	13	380	390	10	0	441	169
70	60	287	15	0	1033	10	0	460	235
71	151	133	23	17	27	10	0	481	7
72	222	100	18	736	746	0	0	602	493
73	152	77	-8	0	1123	10	523	0	392
74	225	192	-27	0	1111	10	471	0	234
75	150	104	-13	0	1150	10	448	0	355
76	296	252	-15	799	809	10	582	0	162
77	63	170	-30	0	1107	10	315	0	738
78	106	168	-12	222	232	10	303	0	119
79	73	81	15	566	576	10	0	490	354
80	97	232	11	943	953	0	0	629	641
81	112	43	42	0	1083	10	0	193	719
82	135	251	-17	0	1094	10	484	0	310
83	214	6	-11	875	885	10	290	0	267
84	252	219	-16	311	321	10	515	0	32
85	182	284	3	523	533	10	0	452	296
86	259	187	-11	0	1081	10	91	0	524
87	72	20	32	694	704	10	0	62	414
88	153	61	-27	0	1107	10	423	0	755
89	211	174	33	0	1131	10	0	145	784
90	199	28	-18	0	1065	10	97	0	690
91	274	136	11	814	824	10	0	86	524
92	226	248	-12	863	873	10	437	0	285
93	85	75	18	736	746	0	0	620	485
94	52	165	18	297	307	10	0	153	155
95	54	136	9	260	270	10	0	478	129
96	34	150	15	0	1080	10	0	506	692
97	203	36	18	0	1071	10	0	90	690
98	37	258	11	836	846	10	0	328	517
99	29	130	-25	0	1074	10	195	0	700
100	40	181	-9	0	1082	10	241	0	681
101	192	150	6	42	52	10	0	281	7
102	61	138	9	653	663	0	0	621	429
103	183	88	35	889	899	10	0	522	621
104	122	127	1	36	46	10	0	433	7
105	126	266	-4	0	1078	10	123	0	708
106	165	179	-10	0	1164	10	495	0	723
107	19	290	-9	0	1005	10	191	0	393
108	30	243	6	296	306	10	0	308	115
109	172	198	-20	840	850	10	112	0	562
110	209	84	-24	392	402	10	121	0	197
111	24	261	8	0	1029	0	0	601	645
112	181	145	20	772	782	10	0	109	562
113	149	76	10	810	820	10	0	140	559
114	206	157	-21	921	931	10	244	0	237
115	1	81	21	331	341	10	0	273	132
116	47	153	-19	777	787	10	151	0	486
117	125	148	-32	0	1171	10	233	0	7
118	109	148	19	0	1155	10	0	538	527
119	256	286	31	0	1024	10	0	566	606
120	15	52	21	166	176	10	0	546	6
121	234	107	24	348	358	10	0	110	197
122	108	162	-8	637	647	10	526	0	434
123	147	240	4	0	1106	10	0	105	708
124	290	37	1	826	836	10	0	346	492
125	165	256	12	597	607	10	0	456	374
126	188	69	15	0	1107	10	0	542	594
127	242	70	-21	0	1075	10	392	0	33
128	93	165	-13	0	1138	10	184	0	720
129	224	61	-5	483	493	10	255	0	253
130	72	180	27	0	1113	10	0	417	426
131	44	286	-17	549	559	10	220	0	263
132	47	121	19	112	122	10	0	331	11
133	30	145	-24	0	1076	10	218	0	209
134	283	275	12	0	1014	10	0	350	615
135	2	238	-33	0	1024	10	249	0	26
136	289	130	27	339	349	10	0	59	156
137	159	266	-21	0	1080	10	12	0	357
138	198	159	23	0	1148	10	0	47	798
139	155	93	33	148	158	10	0	474	75
140	201	122	-10	0	1138	10	113	0	559
141	34	5	-22	745	755	10	295	0	394
142	103	8	-16	0	1047	10	344	0	657
143	30	149	-14	0	1076	10	268	0	629
144	278	178	-34	695	705	10	464	0	403
145	203	183	-33	0	1134	10	89	0	784
146	276	28	-14	0	1021	10	438	0	622
147	63	130	-23	0	1107	10	422	0	744
148	199	213	13	521	531	10	0	510	338
149	274	6	41	529	539	10	0	211	261
150	107	174	21	49	59	10	0	353	7
151	57	123	19	0	1100	10	0	116	486
152	14	177	17	146	156	10	0	440	13
153	156	182	-18	608	618	10	94	0	155
154	168	42	-10	0	1087	10	173	0	680
155	84	231	21	555	565	10	0	178	345
156	272	211	-31	369	379	10	361	0	172
157	153	226	18	0	1120	10	0	479	771
158	250	194	-14	887	897	10	5	0	437
159	243	136	-5	0	1102	10	198	0	748
160	56	212	-20	0	1084	10	317	0	639
161	221	145	-4	1027	1037	10	235	0	246
162	52	109	30	106	116	10	0	466	7
163	88	190	-27	908	918	10	470	0	585
164	11	191	12	0	1052	0	0	604	680
165	296	235	25	570	580	0	0	613	308
166	175	123	-21	833	843	10	320	0	86
167	124	174	-20	0	1161	10	488	0	396
168	271	105	-25	627	637	10	245	0	28
169	169	236	-17	949	959	10	286	0	394
170	127	266	-40	0	1078	10	558	0	26
171	139	31	15	0	1077	10	0	202	162
172	160	179	32	0	1166	10	0	239	828
173	200	26	10	0	1063	10	0	154	680
174	59	113	16	0	1098	10	0	379	714
175	189	197	17	0	1135	0	0	603	805
176	76	160	-20	0	1122	10	313	0	733
177	183	44	17	119	129	10	0	380	13
178	45	190	-21	0	1084	10	155	0	345
179	145	38	-14	252	262	10	508	0	7
180	271	8	36	0	1010	10	0	279	382
181	161	242	-2	886	896	10	283	0	449
182	230	150	-18	672	682	10	324	0	414
183	260	64	-19	443	453	10	491	0	190
184	44	189	13	0	1084	10	0	128	720
185	125	168	27	877	887	10	0	186	639
186	120	155	-27	898	908	10	185	0	639
187	237	171	-39	0	1107	10	221	0	326
188	120	60	12	522	532	0	0	627	327
189	263	291	-27	0	1016	10	312	0	110
190	246	93	14	0	1085	10	0	40	691
191	15	259	9	688	698	10	0	107	393
192	250	124	-9	143	153	10	378	0	26
193	129	77	-42	0	1121	10	81	0	719
194	188	142	-7	1148	1158	10	462	0	181
195	29	139	25	0	1075	10	0	99	700
196	241	218	-15	0	1083	10	477	0	42
197	183	23	26	0	1065	10	0	285	691
198	217	138	5	0	1128	10	0	159	748
199	126	42	23	0	1086	10	0	21	182
200	136	68	-21	0	1113	10	225	0	764
201	64	91	-12	0	1092	10	24	0	6
202	148	28	-15	346	356	10	171	0	162
203	262	164	-17	0	1084	10	367	0	7
204	103	93	13	576	586	10	0	22	384
205	37	159	7	0	1083	10	0	552	678
206	75	269	18	818	828	10	0	374	515
207	126	127	40	33	43	10	0	556	7
208	103	81	33	0	1113	10	0	586	763
209	18	196	-12	442	452	10	39	0	10
210	88	49	-12	0	1078	10	584	0	7
211	259	14	-41	749	759	10	149	0	261
212	60	176	-7	0	1103	10	335	0	681
213	15	88	-17	0	1048	10	28	0	75
214	178	263	-18	0	1080	10	439	0	709
215	45	74	9	403	413	10	0	26	212
216	209	246	-7	0	1084	10	60	0	53
217	275	263	33	0	1028	10	0	476	635
218	37	149	24	382	392	10	0	133	209
219	183	43	-12	0	1085	10	250	0	714
220	59	287	17	506	516	10	0	131	263
221	170	93	39	486	496	10	0	187	326
222	167	171	-21	0	1169	10	288	0	698
223	227	192	15	0	1109	0	0	623	765
224	236	27	21	382	392	10	0	321	181
225	139	110	21	0	1155	10	0	200	764
226	243	191	16	101	111	10	0	45	7
227	136	295	18	0	1051	10	0	259	472
228	132	16	26	259	269	0	0	606	100
229	157	84	19	110	120	10	0	583	40
230	162	92	2	0	1137	0	0	631	808
231	140	18	26	0	1064	10	0	246	148
232	4	97	23	884	894	10	0	406	554
233	133	153	32	17	27	10	0	117	7
234	150	185	22	0	1161	10	0	436	696
235	151	113	4	356	366	10	0	161	246
236	71	294	-17	576	586	10	30	0	308
237	133	187	-20	0	1156	10	518	0	262
238	136	241	-24	382	392	10	6	0	217
239	139	146	-32	0	1185	10	172	0	828
240	184	237	14	0	1103	10	0	493	728
241	15	178	9	0	1059	10	0	100	681
242	41	279	-25	0	1028	10	457	0	7
243	96	96	33	0	1120	10	0	277	413
244	230	128	21	390	400	10	0	114	237
245	198	100	25	97	107	10	0	168	28
246	160	17	-26	350	360	10	231	0	148
247	137	212	-12	0	1133	10	463	0	785
248	180	93	-8	0	1132	10	366	0	650
249	8	227	33	187	197	10	0	135	26
250	189	41	12	0	1081	10	0	219	714
251	176	263	-14	0	1081	10	415	0	595
252	263	193	29	0	1076	10	0	426	370
253	220	43	28	445	455	0	0	616	245
254	296	17	-19	0	999	10	354	0	7
255	217	43	5	0	1070	10	0	129	253
256	150	67	-21	0	1113	10	38	0	7
257	117	155	22	0	1163	0	0	625	847
258	113	4	31	301	311	10	0	32	120
259	114	259	-18	818	828	10	227	0	472
260	38	74	16	0	1061	10	0	43	685
261	148	172	25	22	32	10	0	383	7
262	139	250	17	643	653	10	0	57	414
263	163	150	15	13	23	10	0	271	7
264	112	161	11	39	49	10	0	325	4
265	127	77	-16	840	850	10	64	0	532
266	147	152	-24	0	1193	10	36	0	555
267	131	222	-20	0	1122	10	520	0	243
268	43	62	14	0	1058	10	0	143	629
269	167	193	-22	0	1150	10	42	0	232
270	157	254	8	0	1092	10	0	305	706
271	187	129	-15	792	802	10	263	0	7
272	96	199	-29	1029	1039	10	7	0	430
273	31	68	-21	0	1052	10	115	0	132
274	234	146	-25	362	372	10	16	0	208
275	14	204	-23	0	1050	10	537	0	18
276	121	116	23	511	521	10	0	527	357
277	88	110	-33	644	654	10	243	0	413
278	25	119	17	178	188	0	0	605	44
279	262	14	-36	708	718	10	180	0	382
280	108	80	-21	0	1115	10	398	0	7
281	239	84	-6	594	604	10	101	0	7
282	107	281	16	137	147	10	0	368	6
283	152	241	2	681	691	10	0	181	449
284	183	282	-9	0	1060	10	579	0	7
285	186	26	-26	0	1067	10	197	0	691
286	175	281	17	650	660	10	0	169	394
287	118	38	27	223	233	10	0	296	87
288	189	201	21	986	996	10	0	222	698
289	238	294	22	229	239	10	0	358	52
290	250	49	11	489	499	10	0	83	267
291	109	299	-17	0	1042	10	567	0	559
292	128	225	-3	0	1118	10	15	0	509
293	157	221	10	0	1125	0	0	633	790
294	69	90	-12	786	796	10	549	0	253
295	12	10	22	0	1000	10	0	141	394
296	109	61	-27	407	417	10	287	0	87
297	213	299	-20	0	1035	10	577	0	642
298	11	176	13	0	1055	10	0	44	452
299	271	106	-29	0	1068	10	571	0	611
300	140	294	18	419	429	10	0	52	213
301	51	2	41	0	1018	10	0	343	620
302	158	140	5	12	22	0	0	619	6
303	102	155	12	198	208	10	0	78	119
304	75	265	-16	676	686	10	387	0	196
305	116	240	-8	0	1100	10	270	0	706
306	272	183	-6	0	1070	10	480	0	7
307	30	226	-4	0	1054	10	384	0	674
308	27	255	-6	0	1035	10	108	0	115
309	203	166	-22	1000	1010	10	50	0	588
310	205	130	30	0	1138	0	0	626	809
311	94	93	19	0	1117	10	0	594	522
312	248	280	27	300	310	10	0	189	110
313	57	127	20	0	1101	10	0	176	733
314	16	22	-26	0	1011	10	468	0	611
315	80	133	30	0	1124	10	0	77	738
316	75	127	37	0	1118	10	0	502	771
317	9	239	20	0	1030	10	0	160	639
318	110	83	22	206	216	10	0	500	103
319	297	43	-26	732	742	10	411	0	7
320	247	86	21	222	232	10	0	166	86
321	248	41	-21	479	489	10	224	0	181
322	102	173	15	53	63	10	0	341	7
323	28	141	25	0	1074	10	0	496	397
324	246	166	18	0	1099	10	0	182	414
325	5	189	-11	156	166	10	264	0	4
326	216	40	-18	162	172	10	593	0	20
327	282	104	-26	281	291	10	459	0	88
328	44	223	-11	0	1068	10	98	0	517
329	1	145	-16	0	1047	10	514	0	7
330	253	84	-17	0	1074	10	557	0	598
331	69	134	-19	634	644	10	132	0	11
332	24	76	23	507	517	10	0	386	278
333	255	203	32	0	1079	10	0	389	711
334	94	12	20	484	494	0	0	618	258
335	14	165	7	0	1060	10	0	212	681
336	164	108	-12	0	1152	10	377	0	7
337	266	203	-16	0	1069	10	469	0	133
338	114	117	31	0	1148	0	0	622	824
339	48	141	-22	0	1094	10	20	0	718
340	28	124	-15	0	1072	10	529	0	14
341	12	275	-15	522	532	10	322	0	7
342	8	200	21	0	1046	10	0	29	664
343	123	76	-41	0	1118	10	301	0	620
344	108	3	16	0	1044	10	0	142	657
345	228	217	32	0	1094	10	0	428	176
346	253	69	-1	0	1065	10	124	0	492
347	147	43	14	113	123	10	0	372	11
348	180	114	9	1080	1090	0	0	632	782
349	76	221	24	730	740	10	0	475	478
350	250	228	-12	0	1070	10	134	0	615
351	228	276	-11	743	753	10	407	0	413
352	29	72	-2	929	939	10	451	0	7
353	57	192	-21	0	1094	10	150	0	7
354	166	99	19	53	63	10	0	254	7
355	69	208	-11	0	1097	10	435	0	203
356	179	123	4	0	1157	0	0	617	838
357	208	297	-16	0	1038	10	600	0	130
358	241	298	-22	472	482	10	289	0	52
359	151	172	2	0	1174	10	0	421	771
360	216	203	5	551	561	0	0	610	357
361	241	208	31	0	1089	10	0	156	172
362	219	152	-11	969	979	10	578	0	633
363	238	214	15	0	1088	10	0	570	701
364	173	148	9	0	1173	10	0	56	848
365	156	57	27	691	701	0	0	611	455
366	157	50	8	957	967	10	0	248	650
367	276	66	17	151	161	10	0	203	7
368	112	272	-16	347	357	10	282	0	6
369	190	181	-33	914	924	10	528	0	555
370	224	138	16	0	1122	10	0	461	723
371	154	207	10	0	1139	0	0	634	811
372	111	40	-14	865	875	10	347	0	11
373	172	2	-13	612	622	10	416	0	47
374	125	278	-18	0	1066	10	206	0	515
375	186	228	-24	0	1111	10	13	0	7
376	191	49	12	140	150	10	0	517	30
377	102	81	12	84	94	10	0	336	7
378	246	133	9	0	1099	10	0	192	26
379	47	143	-16	0	1093	10	174	0	714
380	220	18	-17	0	1047	10	177	0	13
381	40	1	38	0	1011	10	0	534	13
382	135	38	19	0	1083	0	0	628	727
383	124	299	-25	302	312	10	261	0	7
384	36	212	4	0	1067	10	0	307	674
385	89	61	-22	263	273	10	445	0	13
386	60	72	-23	0	1077	10	332	0	278
387	83	188	16	329	339	10	0	304	196
388	182	146	3	818	828	0	0	630	596
389	223	198	-32	0	1109	10	333	0	711
390	11	242	-28	527	537	10	509	0	267
391	244	13	-21	0	1030	10	8	0	506
392	274	66	21	185	195	10	0	127	33
393	15	219	19	0	1045	10	0	397	460
394	294	64	32	493	503	10	0	412	251
395	8	4	29	203	213	10	0	49	7
396	102	76	-31	853	863	10	494	0	503
397	4	296	-19	844	854	10	393	0	460
398	141	120	21	31	41	10	0	280	7
399	262	80	17	0	1064	10	0	53	535
400	78	246	-36	0	1076	10	425	0	680
401	180	98	-14	0	1136	10	573	0	150
402	139	33	2	0	1079	10	0	443	703
403	25	191	16	240	250	10	0	483	88
404	188	198	-22	0	1135	10	568	0	727
405	82	100	16	0	1112	10	0	432	515
406	3	119	-23	0	1046	10	232	0	554
407	239	295	11	0	1026	10	0	351	413
408	80	131	14	0	1124	10	0	580	737
409	152	258	-18	0	1088	10	598	0	7
410	181	297	-21	0	1046	10	431	0	655
411	206	130	26	59	69	10	0	319	7
412	241	183	-32	853	863	10	394	0	251
413	180	106	-12	0	1143	10	499	0	751
414	131	220	23	131	141	10	0	25	51
415	103	260	14	904	914	10	0	251	595
416	148	8	13	196	206	10	0	373	47
417	173	152	-27	757	767	10	130	0	426
418	235	31	18	151	161	10	0	489	11
419	157	12	11	0	1058	10	0	58	642
420	296	15	-9	0	998	10	540	0	30
421	172	225	-2	0	1118	10	359	0	771
422	57	125	23	0	1100	10	0	147	744
423	158	83	27	0	1129	10	0	88	755
424	51	63	-31	0	1065	10	559	0	672
425	51	217	36	0	1077	10	0	400	680
426	254	206	-29	631	641	10	252	0	370
427	236	108	16	0	1101	10	0	597	709
428	224	229	-32	351	361	10	345	0	176
429	208	117	-10	0	1130	10	68	0	789
430	176	72	-8	584	594	10	516	0	374
431	159	287	21	0	1059	10	0	410	655
432	149	98	-16	839	849	10	405	0	515
433	25	64	-1	631	641	10	104	0	7
434	135	210	12	0	1135	10	0	590	362
435	113	188	11	314	324	10	0	355	203
436	142	188	-22	972	982	10	234	0	696
437	261	232	12	509	519	10	0	92	285
438	277	41	14	0	1029	10	0	146	622
439	189	240	18	0	1098	10	0	214	709
440	11	185	-17	0	1053	10	152	0	13
441	212	45	-13	639	649	10	69	0	169
442	231	28	21	0	1050	10	0	562	496
443	159	42	-2	0	1088	10	402	0	703
444	159	41	11	0	1087	10	0	37	721
445	99	73	22	100	110	10	0	385	13
446	110	262	26	502	512	10	0	541	294
447	15	2	5	0	996	10	0	23	287
448	72	89	13	563	573	10	0	75	355
449	229	188	-16	0	1109	10	563	0	7
450	232	121	15	587	597	10	0	512	382
451	98	129	2	56	66	10	0	352	7
452	139	270	-3	781	791	10	85	0	296
453	181	277	-18	0	1066	10	535	0	665
454	281	68	-33	517	527	10	67	0	230
455	159	300	15	150	160	10	0	63	7
456	143	244	-12	0	1102	10	125	0	374
457	105	252	25	111	121	10	0	242	7
458	288	127	23	720	730	10	0	587	442
459	230	80	26	0	1090	10	0	327	88
460	76	280	-15	495	505	10	70	0	235
461	182	81	-16	0	1120	10	370	0	723
462	61	84	7	343	353	10	0	194	181
463	159	199	12	0	1147	10	0	247	785
464	280	158	34	658	668	10	0	144	403
465	215	295	8	832	842	10	0	27	512
466	38	139	-30	347	357	10	162	0	7
467	213	119	25	739	749	10	0	505	509
468	37	36	26	0	1036	10	0	314	611
469	229	179	16	252	262	10	0	337	133
470	81	219	27	0	1099	10	0	163	585
471	283	65	27	460	470	10	0	74	234
472	229	25	-8	503	513	10	504	0	7
473	121	246	9	0	1096	0	0	614	746
474	129	83	-33	0	1126	10	139	0	75
475	87	183	-24	0	1125	10	349	0	478
476	274	256	-33	0	1033	10	217	0	635
477	234	213	15	152	162	10	0	196	42
478	46	155	-9	765	775	10	95	0	129
479	139	206	-18	0	1139	10	157	0	771
480	283	144	6	133	143	10	0	306	7
481	208	47	-23	0	1078	10	71	0	7
482	114	211	-11	449	459	10	550	0	7
483	15	209	-16	892	902	10	403	0	88
484	107	291	17	552	562	10	0	82	310
485	154	299	17	598	608	10	0	595	344
486	101	114	-32	0	1136	10	501	0	393
487	5	195	18	0	1045	10	0	532	418
488	120	241	20	615	625	10	0	167	396
489	229	40	-18	0	1061	10	418	0	11
490	83	77	-15	0	1097	10	79	0	354
491	289	79	19	400	410	10	0	183	190
492	177	281	16	436	446	10	0	17	234
493	175	251	-14	0	1092	10	240	0	728
494	80	35	31	0	1062	10	0	396	503
495	117	79	10	0	1118	10	0	106	723
496	3	135	-25	678	688	10	323	0	397
497	58	240	-25	784	794	10	10	0	102
498	210	236	-33	0	1092	10	31	0	719
499	173	64	12	0	1107	10	0	413	751
500	93	117	-22	360	370	10	318	0	103
501	80	86	32	610	620	10	0	486	393
502	125	136	-37	0	1168	10	316	0	771
503	38	44	-6	0	1042	10	51	0	610
504	211	62	8	107	117	10	0	472	7
505	230	135	-25	988	998	10	467	0	509
506	45	115	-15	0	1086	10	96	0	692
507	40	236	11	0	1057	0	0	609	688
508	143	67	14	83	93	10	0	179	7
509	20	245	28	0	1035	10	0	390	267
510	220	182	-13	623	633	10	148	0	338
511	246	123	18	0	1097	10	0	519	392
512	300	44	-15	0	1013	10	450	0	382
513	9	63	13	319	329	10	0	596	122
514	53	141	16	97	107	10	0	329	7
515	208	208	16	116	126	10	0	84	32
516	173	72	8	0	1115	10	0	430	374
517	265	78	-12	716	726	10	376	0	30
518	143	223	20	413	423	10	0	237	262
519	272	70	-18	682	692	10	511	0	392
520	126	233	20	401	411	10	0	267	243
521	271	145	26	0	1075	0	0	615	715
522	184	102	-35	0	1138	10	103	0	621
523	131	78	8	588	598	10	0	73	392
524	7	31	-12	0	1010	10	548	0	576
525	107	39	9	351	361	10	0	11	181
526	110	145	8	0	1156	10	0	122	434
527	111	98	-23	0	1131	10	276	0	357
528	251	195	33	0	1086	10	0	369	555
529	18	151	15	141	151	10	0	340	14
530	296	279	-30	507	517	10	555	0	210
531	9	122	-19	226	236	10	599	0	43
532	33	231	-18	755	765	10	487	0	418
533	195	9	-14	0	1048	10	4	0	7
534	25	14	-38	223	233	10	381	0	13
535	158	291	18	0	1055	10	0	453	665
536	297	213	-19	704	714	10	588	0	404
537	23	218	23	159	169	10	0	275	18
538	117	178	-19	776	786	10	118	0	527
539	40	192	30	123	133	10	0	545	11
540	205	44	9	150	160	10	0	420	30
541	116	245	-26	587	597	10	446	0	294
542	281	8	-15	0	1003	10	126	0	594
543	232	45	-16	822	832	10	572	0	481
544	266	39	-25	0	1036	10	575	0	630
545	4	294	-30	560	570	10	539	0	11
546	88	124	-21	0	1129	10	120	0	6
547	51	278	-10	282	292	10	1	0	74
548	26	0	12	0	1002	10	0	524	576
549	80	67	12	437	447	10	0	294	253
550	128	155	11	22	32	10	0	482	7
551	225	210	27	129	139	10	0	66	32
552	18	184	-7	0	1060	10	205	0	678
553	203	283	6	0	1053	10	0	41	223
554	289	209	23	0	1045	10	0	585	578
555	279	189	30	0	1062	10	0	530	210
556	135	139	-40	0	1178	10	207	0	7
557	284	72	17	943	953	10	0	330	598
558	132	297	40	174	184	10	0	170	26
559	43	52	31	0	1051	10	0	424	672
560	119	214	16	628	638	10	0	19	425
561	72	36	7	0	1058	10	0	55	633
562	228	41	-21	822	832	10	442	0	496
563	202	161	16	53	63	10	0	449	7
564	162	250	24	206	216	10	0	3	86
565	299	153	12	420	430	0	0	624	210
566	202	292	-31	0	1045	10	119	0	606
567	108	298	17	890	900	10	0	291	559
568	238	206	22	0	1092	10	0	404	727
569	275	146	-22	0	1071	10	574	0	700
570	194	234	-15	0	1102	10	363	0	701
571	279	36	29	0	1024	10	0	299	611
572	238	103	16	732	742	10	0	543	481
573	194	11	14	337	347	10	0	401	150
574	265	141	22	0	1081	10	0	569	700
575	264	35	25	993	1003	10	0	544	630
576	285	285	-12	0	1006	10	591	0	444
577	211	239	20	0	1089	10	0	297	642
578	233	119	11	0	1108	10	0	362	633
579	191	234	9	93	103	10	0	284	7
580	64	170	-14	0	1108	10	408	0	737
581	117	168	14	37	47	10	0	65	7
582	265	197	15	331	341	10	0	76	162
583	113	62	-19	0	1101	10	229	0	40
584	82	35	12	133	143	10	0	210	7
585	285	283	-23	0	1007	10	554	0	578
586	122	96	-33	0	1136	10	208	0	763
587	298	135	-23	910	920	10	458	0	442
588	290	219	19	0	1040	10	0	536	404
589	293	62	10	0	1029	10	0	48	471
590	119	183	-12	577	587	10	434	0	362
591	284	244	12	746	756	10	0	576	444
592	214	234	-11	0	1091	10	18	0	166
593	176	70	18	0	1112	10	0	326	20
594	94	109	-19	793	803	10	311	0	522
595	148	299	-17	0	1047	10	485	0	344
596	2	81	-13	0	1033	10	513	0	122
597	225	73	-16	0	1089	10	427	0	709
598	157	276	18	126	136	10	0	409	7
599	37	126	19	164	174	10	0	531	43
600	208	290	16	315	325	10	0	357	130
601	24	261	-8	0	1029	10	111	0	645
602	222	100	-18	736	746	10	72	0	493
603	189	197	-17	0	1135	10	175	0	805
604	11	191	-12	0	1052	10	164	0	680
605	25	119	-17	178	188	10	278	0	44
606	132	16	-26	259	269	10	228	0	100
607	26	27	-16	0	1022	10	33	0	635
608	1	11	-34	490	500	10	35	0	222
609	40	236	-11	0	1057	10	507	0	688
610	216	203	-5	551	561	10	360	0	357
611	156	57	-27	691	701	10	365	0	455
612	254	87	-7	0	1075	10	46	0	715
613	296	235	-25	570	580	10	165	0	308
614	121	246	-9	0	1096	10	473	0	746
615	271	145	-26	0	1075	10	521	0	715
616	220	43	-28	445	455	10	253	0	245
617	179	123	-4	0	1157	10	356	0	838
618	94	12	-20	484	494	10	334	0	258
619	158	140	-5	12	22	10	302	0	6
620	85	75	-18	736	746	10	93	0	485
621	61	138	-9	653	663	10	102	0	429
622	114	117	-31	0	1148	10	338	0	824
623	227	192	-15	0	1109	10	223	0	765
624	299	153	-12	420	430	10	565	0	210
625	117	155	-22	0	1163	10	257	0	847
626	205	130	-30	0	1138	10	310	0	809
627	120	60	-12	522	532	10	188	0	327
628	135	38	-19	0	1083	10	382	0	727
629	97	232	-11	943	953	10	80	0	641
630	182	146	-3	818	828	10	388	0	596
631	162	92	-2	0	1137	10	230	0	808
632	180	114	-9	1080	1090	10	348	0	782
633	157	221	-10	0	1125	10	293	0	790
634	154	207	-10	0	1139	10	371	0	811

