150	200	1
0	150	150	0	0	1206	0	0	0
1	71	268	10	221	251	10	0	98	54
2	183	80	13	0	1119	10	0	126	503
3	174	238	21	1023	1053	0	0	621	480
4	166	123	14	31	61	10	0	533	14
5	287	293	14	538	568	10	0	288	184
6	140	214	24	0	1132	10	0	470	430
7	47	203	-35	670	700	10	178	0	181
8	247	19	-9	818	848	10	146	0	316
9	152	29	10	899	929	10	0	443	403
10	86	216	25	208	238	10	0	590	73
11	107	29	-16	1011	1041	10	142	0	430
12	212	270	-17	592	622	10	41	0	171
13	148	157	24	7	37	0	0	608	14
14	291	148	11	636	666	10	0	458	262
15	92	241	-9	767	797	10	383	0	85
16	162	148	-12	750	780	10	377	0	14
17	119	254	-11	807	837	10	435	0	140
18	266	212	11	333	363	10	0	156	115
19	99	226	12	0	1105	10	0	160	468
20	56	116	22	0	1097	10	0	408	112
21	110	31	15	363	393	10	0	49	133
22	175	107	-15	1086	1116	10	543	0	354
23	17	0	-15	577	607	10	534	0	29
24	96	86	12	83	113	10	0	385	14
25	136	228	-23	357	387	10	414	0	39
26	100	138	-16	0	1145	10	174	0	87
27	184	277	-18	0	1065	10	227	0	187
28	16	42	17	253	283	10	0	513	55
29	67	175	-5	0	1110	10	325	0	14
30	72	286	-18	402	432	10	368	0	119
31	176	235	-24	0	1108	10	564	0	62
32	116	14	20	654	684	0	0	625	271
33	26	27	-16	0	1022	10	141	0	289
34	37	14	-30	243	273	10	162	0	14
35	1	11	34	480	510	10	0	311	153
36	74	117	-23	804	834	10	294	0	347
37	170	53	-26	0	1097	10	154	0	276
38	154	101	21	49	79	10	0	416	14
39	75	191	-14	85	115	10	581	0	9
40	227	62	16	805	835	0	0	629	359
41	209	269	17	446	476	10	0	12	171
42	207	149	22	347	377	10	0	222	159
43	99	105	-5	250	280	10	486	0	99
44	6	168	-19	744	774	10	531	0	51
45	296	211	22	196	226	10	0	530	33
46	254	87	7	0	1075	10	0	572	298
47	201	175	10	693	723	10	0	369	333
48	268	113	-18	843	873	10	418	0	14
49	29	8	-15	751	781	10	21	0	133
50	159	89	22	826	856	10	0	75	397
51	9	30	6	0	1011	10	0	462	46
52	175	294	16	491	521	10	0	361	187
53	282	76	26	856	886	0	0	613	367
54	90	44	12	0	1075	10	0	301	28
55	57	7	-20	0	1026	10	334	0	177
56	176	153	14	0	1170	10	0	555	458
57	106	243	22	0	1094	10	0	475	189
58	207	20	-3	185	215	10	401	0	31
59	289	143	-6	139	169	10	480	0	9
60	166	194	7	98	128	10	0	297	40
61	295	123	29	770	800	10	0	370	326
62	85	62	3	0	1087	10	0	490	161
63	207	237	11	488	518	10	0	498	206
64	136	50	16	0	1096	10	0	199	65
65	42	221	29	296	326	10	0	209	98
66	208	235	-5	823	853	10	375	0	178
67	267	29	33	459	489	10	0	438	160
68	206	121	10	746	776	10	0	310	356
69	227	5	13	370	400	10	0	542	117
70	60	287	-14	983	1013	10	266	0	14
71	151	133	23	17	47	10	0	256	14
72	222	100	18	726	756	10	0	467	320
73	152	77	10	0	1123	10	0	373	235
74	225	192	-24	546	576	10	389	0	200
75	150	104	-22	0	1150	10	50	0	397
76	296	252	-13	789	819	10	576	0	270
77	63	170	19	0	1107	10	0	100	478
78	106	168	21	212	242	10	0	122	97
79	73	81	15	556	586	0	0	626	241
80	97	232	-40	933	963	10	558	0	22
81	112	43	42	553	583	10	0	200	232
82	135	251	-11	484	514	10	238	0	154
83	214	6	-18	865	895	10	97	0	150
84	252	219	-16	301	331	10	515	0	26
85	182	284	3	513	543	10	0	591	202
86	259	187	-29	0	1081	10	426	0	266
87	72	20	-22	684	714	10	318	0	73
88	153	61	12	259	289	10	0	246	99
89	211	174	-6	0	1131	10	101	0	15
90	199	28	12	0	1065	10	0	173	459
91	274	136	-18	804	834	10	511	0	346
92	226	248	-7	853	883	10	570	0	14
93	85	75	-1	726	756	10	104	0	14
94	52	165	-25	287	317	10	339	0	72
95	54	136	9	250	280	10	0	331	91
96	34	150	-19	393	423	10	132	0	14
97	203	36	18	397	427	10	0	83	150
98	37	258	-10	826	856	10	1	0	54
99	29	130	-13	0	1074	10	204	0	261
100	40	181	-19	0	1082	10	77	0	478
101	192	150	6	42	72	10	0	89	15
102	61	138	9	643	673	0	0	603	291
103	183	88	-41	879	909	10	326	0	26
104	122	127	1	36	66	10	0	93	14
105	126	266	-10	494	524	10	293	0	184
106	165	179	-3	831	861	10	388	0	390
107	19	290	12	387	417	10	0	341	112
108	30	243	-28	286	316	10	509	0	52
109	172	198	-20	830	860	10	153	0	297
110	209	84	13	382	412	10	0	140	161
111	24	261	-20	0	1029	10	317	0	412
112	181	145	20	762	792	10	0	172	380
113	149	76	-19	800	830	10	382	0	333
114	206	157	-22	911	941	10	574	0	377
115	1	81	21	321	351	10	0	406	93
116	47	153	9	767	797	10	0	186	346
117	125	148	8	0	1171	10	0	529	9
118	109	148	19	0	1155	10	0	143	145
119	256	286	-18	794	824	10	214	0	308
120	15	52	21	166	196	10	0	405	14
121	234	107	24	338	368	10	0	464	136
122	108	162	-21	627	657	10	78	0	97
123	147	240	4	0	1106	10	0	359	502
124	290	37	-32	816	846	10	394	0	172
125	165	256	12	587	617	10	0	493	254
126	188	69	-13	0	1107	10	2	0	503
127	242	70	-42	0	1075	10	168	0	258
128	93	165	-17	0	1138	10	580	0	199
129	224	61	-4	473	503	10	356	0	14
130	72	180	-12	0	1113	10	303	0	84
131	44	286	-11	539	569	10	242	0	136
132	47	121	19	107	137	10	0	96	14
133	30	145	-7	847	877	10	496	0	275
134	283	275	12	739	769	0	0	605	293
135	2	238	21	0	1024	0	0	601	425
136	289	130	27	329	359	10	0	138	109
137	159	266	-17	895	925	10	286	0	268
138	198	159	-27	778	808	10	136	0	109
139	155	93	33	138	168	10	0	287	54
140	201	122	-13	0	1138	10	110	0	161
141	34	5	16	735	765	10	0	33	289
142	103	8	16	0	1047	10	0	11	430
143	30	149	-19	391	421	10	118	0	145
144	278	178	17	685	715	10	0	364	291
145	203	183	-15	0	1134	10	263	0	15
146	276	28	9	0	1021	10	0	8	316
147	63	130	-30	0	1107	10	315	0	503
148	199	213	13	511	541	0	0	627	230
149	274	6	41	519	549	10	0	279	179
150	107	174	21	49	79	10	0	400	14
151	57	123	19	165	195	10	0	422	49
152	14	177	17	138	168	10	0	335	14
153	156	182	20	598	628	10	0	109	297
154	168	42	26	633	663	10	0	37	276
155	84	231	21	545	575	10	0	163	235
156	272	211	-11	359	389	10	18	0	115
157	153	226	-17	0	1120	10	305	0	229
158	250	194	4	877	907	0	0	611	398
159	243	136	46	0	1102	10	0	244	145
160	56	212	-12	0	1084	10	19	0	468
161	221	145	-11	1017	1047	10	321	0	176
162	52	109	30	106	136	10	0	34	14
163	88	190	-21	898	928	10	155	0	235
164	11	191	-16	726	756	10	403	0	64
165	296	235	25	560	590	10	0	536	210
166	175	123	-8	823	853	10	271	0	384
167	124	174	22	35	65	10	0	482	14
168	271	105	42	617	647	10	0	127	258
169	169	236	-13	939	969	10	421	0	30
170	127	266	13	122	152	10	0	460	16
171	139	31	-14	0	1077	10	508	0	14
172	160	179	-20	0	1166	10	112	0	380
173	200	26	-12	0	1063	10	90	0	459
174	59	113	16	244	274	10	0	26	87
175	189	197	-17	474	504	10	187	0	167
176	76	160	2	74	104	10	0	298	14
177	183	44	17	111	141	10	0	219	14
178	45	190	35	445	475	10	0	7	181
179	145	38	10	242	272	10	0	586	79
180	271	8	-9	0	1010	10	540	0	25
181	161	242	-20	876	906	10	520	0	167
182	230	150	-18	662	692	10	324	0	281
183	260	64	-21	433	463	10	320	0	62
184	44	189	-19	0	1084	10	212	0	479
185	125	168	-8	867	897	10	526	0	77
186	120	155	-9	888	918	10	116	0	346
187	237	171	17	394	424	10	0	175	167
188	120	60	-9	512	542	10	525	0	125
189	263	291	-9	187	217	10	579	0	10
190	246	93	14	544	574	10	0	281	231
191	15	259	9	678	708	10	0	507	267
192	250	124	4	133	163	10	0	299	29
193	129	77	11	0	1121	10	0	474	280
194	188	142	-15	1128	1158	10	450	0	260
195	29	139	-14	0	1075	10	268	0	356
196	241	218	34	147	177	10	0	428	31
197	183	23	-14	0	1065	10	573	0	105
198	217	138	5	690	720	10	0	309	325
199	126	42	-16	224	254	10	64	0	65
200	136	68	-42	594	624	10	81	0	232
201	64	91	-12	0	1092	10	556	0	14
202	148	28	17	336	366	10	0	444	121
203	262	164	-13	898	928	10	510	0	283
204	103	93	13	566	596	10	0	99	261
205	37	159	-6	0	1083	10	329	0	442
206	75	269	-14	808	838	10	304	0	279
207	126	127	40	33	63	10	0	276	14
208	103	81	-21	0	1113	10	210	0	41
209	18	196	-29	432	462	10	65	0	98
210	88	49	21	171	201	10	0	208	41
211	259	14	-10	739	769	10	391	0	288
212	60	176	19	0	1103	10	0	184	479
213	15	88	-32	0	1048	10	596	0	65
214	178	263	18	0	1080	10	0	119	308
215	45	74	-21	393	423	10	398	0	14
216	209	246	26	374	404	10	0	577	145
217	275	263	33	0	1028	10	0	554	244
218	37	149	24	372	402	10	0	478	144
219	183	43	-17	0	1085	10	177	0	14
220	59	287	-16	496	526	10	282	0	14
221	170	93	-21	476	506	10	336	0	217
222	167	171	-22	0	1169	10	42	0	159
223	227	192	-16	314	344	10	563	0	14
224	236	27	-8	372	402	10	504	0	14
225	139	110	-11	859	889	10	265	0	383
226	243	191	16	101	131	10	0	306	14
227	136	295	18	491	521	10	0	27	187
228	132	16	26	249	279	10	0	258	71
229	157	84	19	100	130	10	0	419	31
230	162	92	2	0	1137	0	0	607	538
231	140	18	26	0	1064	0	0	620	465
232	4	97	23	874	904	10	0	340	374
233	133	153	32	17	47	10	0	550	9
234	150	185	-25	0	1161	10	261	0	14
235	151	113	4	346	376	10	0	430	169
236	71	294	18	566	596	10	0	374	215
237	133	187	-18	0	1156	10	397	0	328
238	136	241	11	372	402	10	0	82	154
239	139	146	34	0	1185	10	0	417	360
240	184	237	14	0	1103	10	0	363	462
241	15	178	-24	768	798	10	552	0	322
242	41	279	11	412	442	10	0	131	136
243	96	96	33	0	1120	10	0	395	9
244	230	128	-46	380	410	10	159	0	145
245	198	100	25	87	117	10	0	597	23
246	160	17	-12	340	370	10	88	0	99
247	137	212	-14	0	1133	10	415	0	402
248	180	93	-19	969	999	10	413	0	14
249	8	227	33	177	207	10	0	342	22
250	189	41	-12	407	437	10	499	0	154
251	176	263	5	610	640	10	0	566	262
252	263	193	29	266	296	10	0	582	87
253	220	43	28	435	465	10	0	441	168
254	296	17	-21	785	815	10	392	0	27
255	217	43	5	523	553	10	0	481	213
256	150	67	-23	0	1113	10	71	0	14
257	117	155	-25	0	1163	10	323	0	470
258	113	4	-26	291	321	10	228	0	71
259	114	259	5	808	838	10	0	434	361
260	38	74	-2	150	180	10	451	0	14
261	148	172	25	22	52	10	0	234	14
262	139	250	-20	633	663	10	488	0	268
263	163	150	15	13	43	10	0	145	15
264	112	161	11	39	69	10	0	539	9
265	127	77	11	830	860	10	0	225	383
266	147	152	14	3	33	10	0	70	14
267	131	222	21	0	1122	0	0	630	523
268	43	62	14	821	851	10	0	195	356
269	167	193	-10	1023	1053	10	371	0	195
270	157	254	-35	516	546	10	409	0	210
271	187	129	8	782	812	10	0	166	384
272	96	199	-24	1019	1049	10	291	0	126
273	31	68	-22	498	528	10	295	0	126
274	234	146	38	352	382	10	0	505	148
275	14	204	-23	593	623	10	537	0	17
276	121	116	-40	501	531	10	207	0	14
277	88	110	-24	634	664	10	314	0	177
278	25	119	-16	168	198	10	514	0	14
279	262	14	-41	698	728	10	149	0	179
280	108	80	1	475	505	10	0	495	211
281	239	84	-14	584	614	10	190	0	231
282	107	281	16	137	167	10	0	220	14
283	152	241	-37	671	701	10	541	0	253
284	183	282	42	442	472	10	0	350	167
285	186	26	-12	565	595	10	376	0	25
286	175	281	17	640	670	10	0	137	268
287	118	38	-33	213	243	10	139	0	54
288	189	201	-14	976	1006	10	5	0	184
289	238	294	-10	219	249	10	410	0	15
290	250	49	11	479	509	0	0	612	183
291	109	299	24	377	407	10	0	272	126
292	128	225	5	0	1118	10	0	479	514
293	157	221	10	411	441	10	0	105	184
294	69	90	23	776	806	10	0	36	347
295	12	10	22	419	449	10	0	273	126
296	109	61	-12	397	427	10	584	0	14
297	213	299	-7	538	568	10	60	0	40
298	11	176	-2	0	1055	10	176	0	14
299	271	106	-4	587	617	10	192	0	29
300	140	294	18	409	439	10	0	485	147
301	51	2	-12	217	247	10	54	0	28
302	158	140	5	12	42	10	0	522	14
303	102	155	12	188	218	10	0	130	84
304	75	265	14	666	696	10	0	206	279
305	116	240	17	525	555	10	0	157	229
306	272	183	-16	0	1070	10	226	0	14
307	30	226	-16	938	968	10	390	0	190
308	27	255	5	241	271	10	0	545	54
309	203	166	-5	990	1020	10	198	0	325
310	205	130	-10	939	969	10	68	0	356
311	94	93	-34	910	940	10	35	0	153
312	248	280	27	290	320	10	0	358	78
313	57	127	20	0	1101	10	0	466	119
314	16	22	24	0	1011	10	0	277	177
315	80	133	30	0	1124	10	0	147	503
316	75	127	37	515	545	0	0	617	233
317	9	239	20	0	1030	10	0	111	412
318	110	83	22	196	226	10	0	87	73
319	297	43	13	722	752	10	0	575	285
320	247	86	21	212	242	10	0	183	62
321	248	41	11	469	499	10	0	161	176
322	102	173	15	53	83	10	0	547	14
323	28	141	25	0	1074	10	0	257	470
324	246	166	18	0	1099	10	0	182	281
325	5	189	5	150	180	10	0	29	14
326	216	40	41	152	182	10	0	103	26
327	282	104	19	271	301	10	0	512	80
328	44	223	22	0	1068	0	0	604	469
329	1	145	6	0	1047	10	0	205	442
330	253	84	11	405	435	10	0	471	156
331	69	134	-9	624	654	10	95	0	91
332	24	76	-5	497	527	10	447	0	114
333	255	203	-16	730	760	10	469	0	93
334	94	12	20	474	504	10	0	55	177
335	14	165	-17	0	1060	10	152	0	14
336	164	108	21	0	1152	10	0	221	217
337	266	203	-22	0	1069	10	568	0	463
338	114	117	31	48	78	10	0	396	14
339	48	141	25	217	247	10	0	94	72
340	28	124	-23	0	1072	10	232	0	374
341	12	275	-12	512	542	10	107	0	112
342	8	200	-33	686	716	10	249	0	22
343	123	76	-22	0	1118	10	372	0	384
344	108	3	-14	671	701	10	347	0	14
345	228	217	32	0	1094	0	0	619	495
346	253	69	20	638	668	10	0	519	268
347	147	43	14	107	137	10	0	344	14
348	180	114	-17	1070	1100	10	557	0	403
349	76	221	-20	720	750	10	518	0	179
350	250	228	-42	0	1070	10	284	0	167
351	228	276	21	733	763	10	0	465	307
352	29	72	13	919	949	10	0	502	402
353	57	192	33	683	713	0	0	609	305
354	166	99	19	53	83	10	0	562	14
355	69	208	-26	582	612	10	446	0	201
356	179	123	4	39	69	10	0	129	14
357	208	297	8	409	439	0	0	615	140
358	241	298	-27	462	492	10	312	0	78
359	151	172	-4	0	1174	10	123	0	502
360	216	203	-27	541	571	10	551	0	26
361	241	208	-16	0	1089	10	52	0	187
362	219	152	-7	959	989	10	449	0	426
363	238	214	-14	0	1088	10	240	0	462
364	173	148	-17	998	1028	10	144	0	291
365	156	57	-2	681	711	10	402	0	210
366	157	50	8	947	977	10	0	423	438
367	276	66	17	151	181	0	0	606	14
368	112	272	18	337	367	10	0	30	119
369	190	181	-10	904	934	10	47	0	333
370	224	138	-29	909	939	10	61	0	326
371	154	207	10	419	449	10	0	269	195
372	111	40	22	855	885	10	0	343	384
373	172	2	-10	602	632	10	73	0	235
374	125	278	-18	0	1066	10	236	0	215
375	186	228	5	413	443	10	0	66	178
376	191	49	12	130	160	10	0	285	25
377	102	81	12	84	114	10	0	16	14
378	246	133	9	155	185	10	0	454	43
379	47	143	-19	334	364	10	599	0	34
380	220	18	38	621	651	10	0	442	250
381	40	1	38	449	479	10	0	503	146
382	135	38	19	0	1083	10	0	113	333
383	124	299	9	292	322	10	0	15	85
384	36	212	4	129	159	10	0	393	14
385	89	61	-12	253	283	10	24	0	14
386	60	72	2	170	200	10	0	561	40
387	83	188	-36	319	349	10	425	0	88
388	182	146	3	808	838	10	0	106	390
389	223	198	24	459	489	10	0	74	200
390	11	242	16	517	547	10	0	307	190
391	244	13	10	0	1030	10	0	211	288
392	274	66	21	175	205	10	0	254	27
393	15	219	-4	0	1045	10	384	0	14
394	294	64	32	483	513	10	0	124	172
395	8	4	-33	203	233	10	243	0	9
396	102	76	-31	843	873	10	338	0	14
397	4	296	18	834	864	10	0	237	328
398	141	120	21	31	61	10	0	215	14
399	262	80	17	0	1064	10	0	491	125
400	78	246	-21	0	1076	10	150	0	14
401	180	98	3	0	1136	10	0	58	31
402	139	33	2	508	538	10	0	365	210
403	25	191	16	230	260	10	0	164	64
404	188	198	-12	0	1135	10	463	0	399
405	82	100	-21	578	608	10	120	0	14
406	3	119	-21	689	719	10	115	0	93
407	239	295	11	0	1026	10	0	585	178
408	80	131	-22	334	364	10	20	0	112
409	152	258	35	0	1088	10	0	270	210
410	181	297	10	162	192	10	0	289	15
411	206	130	26	59	89	10	0	459	14
412	241	183	-12	843	873	10	437	0	195
413	180	106	19	53	83	10	0	248	14
414	131	220	23	121	151	10	0	25	39
415	103	260	14	894	924	10	0	247	402
416	148	8	-21	186	216	10	38	0	14
417	173	152	-34	747	777	10	239	0	360
418	235	31	18	146	176	10	0	48	14
419	157	12	-19	0	1058	10	229	0	31
420	296	15	-10	0	998	10	589	0	386
421	172	225	13	109	139	10	0	169	30
422	57	125	-19	211	241	10	151	0	49
423	158	83	-8	0	1129	10	366	0	438
424	51	63	6	131	161	10	0	448	14
425	51	217	36	269	299	10	0	387	88
426	254	206	29	621	651	10	0	86	266
427	236	108	16	885	915	10	0	578	409
428	224	229	-34	341	371	10	196	0	31
429	208	117	15	78	108	10	0	565	20
430	176	72	-4	574	604	10	235	0	169
431	159	287	21	0	1059	10	0	453	447
432	149	98	-8	829	859	10	516	0	317
433	25	64	10	621	651	10	0	546	249
434	135	210	-5	0	1135	10	259	0	361
435	113	188	11	304	334	10	0	17	140
436	142	188	-19	962	992	10	538	0	376
437	261	232	12	499	529	10	0	412	195
438	277	41	-33	0	1029	10	67	0	160
439	189	240	18	98	128	10	0	592	14
440	11	185	-18	0	1053	10	487	0	439
441	212	45	-28	629	659	10	253	0	168
442	231	28	-38	0	1050	10	380	0	250
443	159	42	-10	0	1088	10	9	0	403
444	159	41	-17	0	1087	10	202	0	121
445	99	73	22	92	122	10	0	549	14
446	110	262	26	492	522	10	0	355	201
447	15	2	5	399	429	10	0	332	114
448	72	89	-6	553	583	10	424	0	14
449	229	188	7	0	1109	10	0	362	426
450	232	121	15	577	607	10	0	194	260
451	98	129	2	56	86	10	0	260	14
452	139	270	-18	771	801	10	535	0	310
453	181	277	-21	0	1066	10	431	0	447
454	281	68	-9	507	537	10	378	0	43
455	159	300	-18	150	180	10	598	0	9
456	143	244	13	0	1102	0	0	623	503
457	105	252	25	111	141	0	0	628	14
458	288	127	-11	710	740	10	14	0	262
459	230	80	-26	0	1090	10	411	0	14
460	76	280	-13	485	515	10	170	0	16
461	182	81	29	0	1120	10	0	593	301
462	61	84	-6	333	363	10	51	0	46
463	159	199	12	819	849	10	0	404	399
464	280	158	-24	648	678	10	121	0	136
465	215	295	-21	822	852	10	351	0	307
466	38	139	-20	337	367	10	313	0	119
467	213	119	-18	729	759	10	72	0	320
468	37	36	26	333	363	10	0	501	101
469	229	179	16	242	272	10	0	333	93
470	81	219	-24	964	994	10	6	0	430
471	283	65	-11	450	480	10	330	0	156
472	229	25	17	493	523	0	0	602	187
473	121	246	-16	0	1096	10	560	0	288
474	129	83	-11	622	652	10	193	0	280
475	87	183	-22	525	555	10	57	0	189
476	274	256	-19	0	1033	10	588	0	413
477	234	213	15	142	172	10	0	528	33
478	46	155	-24	755	785	10	218	0	144
479	139	206	-5	0	1139	10	292	0	514
480	283	144	6	133	163	10	0	59	9
481	208	47	-5	0	1078	10	255	0	213
482	114	211	-22	439	469	10	167	0	14
483	15	209	25	882	912	0	0	618	382
484	107	291	-15	542	572	10	595	0	17
485	154	299	-18	588	618	10	300	0	147
486	101	114	5	245	275	10	0	43	99
487	5	195	18	0	1045	10	0	440	439
488	120	241	20	605	635	10	0	262	268
489	229	40	13	0	1061	10	0	587	333
490	83	77	-3	428	458	10	62	0	161
491	289	79	-17	390	420	10	399	0	125
492	177	281	16	426	456	0	0	616	161
493	175	251	-12	737	767	10	125	0	254
494	80	35	31	0	1062	10	0	594	296
495	117	79	-1	904	934	10	280	0	211
496	3	135	7	668	698	10	0	133	275
497	58	240	-36	774	804	10	532	0	312
498	210	236	-11	0	1092	10	63	0	206
499	173	64	12	0	1107	10	0	250	154
500	93	117	-13	350	380	10	506	0	68
501	80	86	-26	600	630	10	468	0	101
502	125	136	-13	0	1168	10	352	0	402
503	38	44	-38	651	681	10	381	0	146
504	211	62	8	107	137	10	0	224	14
505	230	135	-38	978	1008	10	274	0	148
506	45	115	13	217	247	10	0	500	68
507	40	236	-9	0	1057	10	191	0	267
508	143	67	14	83	113	10	0	171	14
509	20	245	28	237	267	10	0	108	52
510	220	182	13	613	643	10	0	203	283
511	246	123	18	0	1097	10	0	91	346
512	300	44	-19	0	1013	10	327	0	80
513	9	63	-17	309	339	10	28	0	55
514	53	141	16	97	127	10	0	278	14
515	208	208	16	106	136	10	0	84	26
516	173	72	8	686	716	10	0	432	317
517	265	78	7	706	736	10	0	521	300
518	143	223	20	403	433	10	0	349	179
519	272	70	-20	672	702	10	346	0	268
520	126	233	20	391	421	10	0	181	167
521	271	145	-7	957	987	10	517	0	300
522	184	102	-5	0	1138	10	302	0	14
523	131	78	-9	578	608	10	583	0	239
524	7	31	29	0	1010	10	0	559	406
525	107	39	9	341	371	10	0	188	125
526	110	145	8	166	196	10	0	185	77
527	111	98	16	271	301	0	0	614	118
528	251	195	-15	0	1086	10	477	0	33
529	18	151	-8	132	162	10	117	0	9
530	296	279	-22	497	527	10	45	0	33
531	9	122	19	216	246	10	0	44	51
532	33	231	36	745	775	10	0	497	312
533	195	9	-14	0	1048	10	4	0	14
534	25	14	15	213	243	10	0	23	29
535	158	291	18	0	1055	10	0	452	310
536	297	213	-25	694	724	10	165	0	210
537	23	218	23	149	179	10	0	275	17
538	117	178	19	766	796	10	0	436	376
539	40	192	-11	117	147	10	264	0	9
540	205	44	9	140	170	10	0	180	25
541	116	245	37	577	607	10	0	283	253
542	281	8	-13	0	1003	10	69	0	117
543	232	45	15	812	842	10	0	22	354
544	266	39	6	508	538	10	0	571	188
545	4	294	-5	550	580	10	308	0	54
546	88	124	-10	0	1129	10	433	0	249
547	51	278	-15	272	302	10	322	0	14
548	26	0	12	0	1002	0	0	610	403
549	80	67	-22	427	457	10	445	0	14
550	128	155	-32	22	52	10	233	0	9
551	225	210	27	119	149	10	0	360	26
552	18	184	24	0	1060	10	0	241	322
553	203	283	-16	0	1053	10	600	0	91
554	289	209	-33	694	724	10	217	0	244
555	279	189	-14	0	1062	10	56	0	458
556	135	139	12	18	48	10	0	201	14
557	284	72	17	933	963	10	0	348	403
558	132	297	40	164	194	10	0	80	22
559	43	52	-29	0	1051	10	524	0	406
560	119	214	16	618	648	10	0	473	288
561	72	36	-2	432	462	10	386	0	40
562	228	41	-19	812	842	10	354	0	14
563	202	161	16	53	83	10	0	223	14
564	162	250	24	196	226	10	0	31	62
565	299	153	-15	410	440	10	429	0	20
566	202	292	-5	908	938	10	251	0	262
567	108	298	17	880	910	0	0	622	378
568	238	206	22	0	1092	10	0	337	463
569	275	146	14	0	1071	0	0	624	472
570	194	234	7	94	124	10	0	92	14
571	279	36	-6	693	723	10	544	0	188
572	238	103	-7	722	752	10	46	0	298
573	194	11	14	327	357	10	0	197	105
574	265	141	22	0	1081	10	0	114	377
575	264	35	-13	983	1013	10	319	0	285
576	285	285	13	701	731	10	0	76	270
577	211	239	-26	0	1089	10	216	0	145
578	233	119	-16	938	968	10	427	0	409
579	191	234	9	93	123	10	0	189	10
580	64	170	17	457	487	10	0	128	199
581	117	168	14	37	67	10	0	39	9
582	265	197	-29	321	351	10	252	0	87
583	113	62	9	0	1101	10	0	523	239
584	82	35	12	133	163	10	0	296	14
585	285	283	-11	554	584	10	407	0	178
586	122	96	-10	0	1136	10	179	0	79
587	298	135	-13	900	930	10	489	0	333
588	290	219	19	0	1040	10	0	476	413
589	293	62	10	0	1029	10	0	420	386
590	119	183	-25	567	597	10	10	0	73
591	284	244	-3	736	766	10	85	0	202
592	214	234	-18	730	760	10	439	0	14
593	176	70	-29	672	702	10	461	0	301
594	94	109	-31	783	813	10	494	0	296
595	148	299	15	154	184	10	0	484	17
596	2	81	32	264	294	10	0	213	65
597	225	73	-25	519	549	10	245	0	23
598	157	276	18	126	156	10	0	455	9
599	37	126	19	154	184	10	0	379	34
600	208	290	16	305	335	10	0	553	91
601	2	238	-21	0	1024	10	135	0	425
602	229	25	-17	493	523	10	472	0	187
603	61	138	-9	643	673	10	102	0	291
604	44	223	-22	0	1068	10	328	0	469
605	283	275	-12	739	769	10	134	0	293
606	276	66	-17	151	181	10	367	0	14
607	162	92	-2	0	1137	10	230	0	538
608	148	157	-24	7	37	10	13	0	14
609	57	192	-33	683	713	10	353	0	305
610	26	0	-12	0	1002	10	548	0	403
611	250	194	-4	877	907	10	158	0	398
612	250	49	-11	479	509	10	290	0	183
613	282	76	-26	856	886	10	53	0	367
614	111	98	-16	271	301	10	527	0	118
615	208	297	-8	409	439	10	357	0	140
616	177	281	-16	426	456	10	492	0	161
617	75	127	-37	515	545	10	316	0	233
618	15	209	-25	882	912	10	483	0	382
619	228	217	-32	0	1094	10	345	0	495
620	140	18	-26	0	1064	10	231	0	465
621	174	238	-21	1023	1053	10	3	0	480
622	108	298	-17	880	910	10	567	0	378
623	143	244	-13	0	1102	10	456	0	503
624	275	146	-14	0	1071	10	569	0	472
625	116	14	-20	654	684	10	32	0	271
626	73	81	-15	556	586	10	79	0	241
627	199	213	-13	511	541	10	148	0	230
628	105	252	-25	111	141	10	457	0	14
629	227	62	-16	805	835	10	40	0	359
630	131	222	-21	0	1122	10	267	0	523

