150	200	1
0	150	150	0	0	1206	0	0	0
1	71	268	10	231	241	10	0	220	24
2	183	80	13	83	93	10	0	69	3
3	174	238	-18	1033	1043	10	227	0	91
4	166	123	14	31	41	10	0	320	2
5	287	293	-27	548	558	10	312	0	36
6	140	214	-20	624	634	10	520	0	81
7	47	203	-18	680	690	10	487	0	13
8	247	19	-13	828	838	10	110	0	78
9	152	29	-14	909	919	10	347	0	3
10	86	216	25	218	228	10	0	359	34
11	107	29	-22	1021	1031	10	372	0	189
12	212	270	-15	602	612	10	453	0	44
13	148	157	24	7	17	10	0	592	2
14	291	148	11	646	656	10	0	362	128
15	92	241	3	777	787	10	0	470	169
16	162	148	-21	760	770	10	398	0	2
17	119	254	42	817	827	0	0	608	179
18	266	212	11	343	353	10	0	156	55
19	99	226	12	338	348	10	0	305	64
20	56	116	22	240	250	0	0	630	37
21	110	31	15	373	383	10	0	81	64
22	175	107	-2	1096	1106	10	248	0	231
23	17	0	11	587	597	0	0	625	99
24	96	86	12	83	93	10	0	445	0
25	136	228	-21	367	377	10	267	0	24
26	100	138	-5	215	225	10	502	0	2
27	184	277	-9	212	222	10	579	0	2
28	16	42	17	263	273	10	0	513	25
29	67	175	3	286	296	10	0	163	52
30	72	286	17	412	422	10	0	560	66
31	176	235	33	88	98	10	0	600	2
32	116	14	-7	664	674	10	561	0	78
33	26	27	-22	880	890	10	318	0	34
34	37	14	-15	253	263	10	534	0	12
35	1	11	-22	490	500	10	295	0	60
36	74	117	-16	814	824	10	174	0	41
37	170	53	21	172	182	10	0	179	20
38	154	101	21	49	59	10	0	139	2
39	75	191	12	90	100	10	0	191	3
40	227	62	-27	815	825	10	471	0	78
41	209	269	17	456	466	0	0	620	83
42	207	149	22	357	367	10	0	555	77
43	99	105	4	260	270	10	0	276	50
44	6	168	-19	754	764	10	393	0	2
45	296	211	22	206	216	10	0	252	14
46	254	87	-23	1056	1066	10	183	0	78
47	201	175	-27	703	713	10	551	0	10
48	268	113	-29	853	863	10	61	0	160
49	29	8	24	761	771	10	0	54	146
50	159	89	-27	836	846	10	365	0	151
51	9	30	6	398	408	10	0	433	55
52	175	294	16	501	511	10	0	137	91
53	282	76	26	866	876	10	0	557	181
54	90	44	-24	1002	1012	10	49	0	146
55	57	7	-41	422	432	10	301	0	14
56	176	153	-15	838	848	10	223	0	61
57	106	243	22	198	208	10	0	473	26
58	207	20	13	195	205	10	0	489	15
59	289	143	-6	147	157	10	480	0	1
60	166	194	7	108	118	10	0	371	17
61	295	123	29	780	790	10	0	48	160
62	85	62	3	561	571	10	0	87	115
63	207	237	-5	498	508	10	375	0	86
64	136	50	16	257	267	10	0	583	41
65	42	221	-11	306	316	10	264	0	2
66	208	235	-45	833	843	10	498	0	178
67	267	29	-9	469	479	10	146	0	26
68	206	121	10	756	766	10	0	310	175
69	227	5	-13	380	390	10	2	0	3
70	60	287	15	993	1003	0	0	624	209
71	151	133	23	17	27	10	0	515	1
72	222	100	18	736	746	10	0	459	164
73	152	77	10	78	88	10	0	229	3
74	225	192	-15	556	566	10	363	0	92
75	150	104	21	79	89	10	0	593	10
76	296	252	-12	799	809	10	437	0	95
77	63	170	-13	275	285	10	184	0	2
78	106	168	21	222	232	10	0	186	46
79	73	81	-9	566	576	10	215	0	70
80	97	232	-8	943	953	10	111	0	90
81	112	43	-15	563	573	10	21	0	64
82	135	251	-11	494	504	10	550	0	2
83	214	6	-17	875	885	10	472	0	91
84	252	219	23	311	321	10	0	216	49
85	182	284	-42	523	533	10	284	0	81
86	259	187	35	115	125	10	0	588	2
87	72	20	-3	694	704	10	62	0	115
88	153	61	12	269	279	10	0	250	47
89	211	174	-5	526	536	10	302	0	2
90	199	28	-10	467	477	10	173	0	82
91	274	136	-26	814	824	10	411	0	2
92	226	248	-31	863	873	10	119	0	160
93	85	75	18	736	746	10	0	495	161
94	52	165	-15	297	307	10	529	0	4
95	54	136	9	260	270	10	0	379	43
96	34	150	15	403	413	10	0	335	74
97	203	36	18	407	417	10	0	255	72
98	37	258	11	836	846	10	0	272	172
99	29	130	18	140	150	10	0	278	6
100	40	181	26	286	296	10	0	206	45
101	192	150	-15	42	52	10	263	0	0
102	61	138	-19	653	663	10	151	0	22
103	183	88	-15	889	899	10	126	0	144
104	122	127	1	36	46	10	0	525	2
105	126	266	-11	504	514	10	238	0	74
106	165	179	-33	841	851	10	217	0	4
107	19	290	12	397	407	10	0	545	53
108	30	243	6	296	306	10	0	241	38
109	172	198	-14	840	850	10	240	0	172
110	209	84	13	392	402	10	0	8	78
111	24	261	8	518	528	10	0	80	90
112	181	145	-12	772	782	10	417	0	184
113	149	76	10	810	820	10	0	432	185
114	206	157	-17	921	931	10	187	0	81
115	1	81	-6	331	341	10	424	0	4
116	47	153	9	777	787	10	0	133	170
117	125	148	-21	853	863	10	147	0	123
118	109	148	19	48	58	10	0	122	4
119	256	286	31	804	814	10	0	92	160
120	15	52	21	166	176	10	0	548	2
121	234	107	-4	348	358	10	356	0	2
122	108	162	-19	637	647	10	118	0	4
123	147	240	4	667	677	10	0	283	146
124	290	37	-8	826	836	10	254	0	151
125	165	256	12	597	607	10	0	493	124
126	188	69	15	657	667	10	0	103	144
127	242	70	22	141	151	0	0	601	7
128	93	165	13	58	68	10	0	205	2
129	224	61	22	483	493	10	0	597	94
130	72	180	27	382	392	10	0	590	77
131	44	286	37	549	559	10	0	507	96
132	47	121	19	112	122	10	0	408	3
133	30	145	-9	857	867	10	116	0	170
134	283	275	-2	749	759	10	189	0	6
135	2	238	-5	850	860	10	325	0	3
136	289	130	27	339	349	10	0	522	52
137	159	266	-16	905	915	10	52	0	91
138	198	159	23	788	798	0	0	619	187
139	155	93	-21	148	158	10	38	0	2
140	201	122	29	732	742	10	0	271	170
141	34	5	-12	745	755	10	549	0	84
142	103	8	-16	692	702	10	344	0	133
143	30	149	4	401	411	10	0	323	72
144	278	178	-15	695	705	10	582	0	54
145	203	183	26	80	90	10	0	477	6
146	276	28	9	273	283	10	0	67	26
147	63	130	21	572	582	10	0	117	123
148	199	213	13	521	531	10	0	360	112
149	274	6	41	529	539	10	0	211	87
150	107	174	21	49	59	10	0	435	2
151	57	123	19	175	185	10	0	102	22
152	14	177	17	146	156	10	0	236	4
153	156	182	20	608	618	10	0	172	146
154	168	42	-11	643	653	10	444	0	54
155	84	231	-36	555	565	10	425	0	42
156	272	211	-11	369	379	10	18	0	55
157	153	226	18	391	401	10	0	293	81
158	250	194	-21	887	897	10	536	0	138
159	243	136	46	263	273	10	0	274	44
160	56	212	-22	483	493	10	328	0	36
161	221	145	9	1027	1037	10	0	194	241
162	52	109	30	106	116	10	0	422	2
163	88	190	-3	908	918	10	29	0	52
164	11	191	12	736	746	10	0	483	150
165	296	235	25	570	580	0	0	615	102
166	175	123	-29	833	843	10	461	0	102
167	124	174	22	35	45	10	0	170	1
168	271	105	42	627	637	10	0	517	126
169	169	236	-21	949	959	10	431	0	69
170	127	266	-22	132	142	10	167	0	1
171	139	31	15	489	499	10	0	402	94
172	160	179	-20	790	800	10	153	0	146
173	200	26	10	454	464	10	0	90	82
174	59	113	16	254	264	10	0	36	41
175	189	197	-22	484	494	10	234	0	3
176	76	160	2	74	84	10	0	440	2
177	183	44	17	119	129	10	0	533	4
178	45	190	35	455	465	10	0	567	88
179	145	38	-21	252	262	10	37	0	20
180	271	8	-21	771	781	10	279	0	135
181	161	242	-14	886	896	10	581	0	2
182	230	150	28	672	682	10	0	198	150
183	260	64	23	443	453	10	0	46	78
184	44	189	13	112	122	10	0	77	2
185	125	168	-19	877	887	10	538	0	185
186	120	155	-21	898	908	10	78	0	46
187	237	171	17	404	414	10	0	114	81
188	120	60	12	522	532	10	0	265	109
189	263	291	2	197	207	10	0	134	6
190	246	93	14	554	564	10	0	578	113
191	15	259	-12	688	698	10	39	0	3
192	250	124	4	143	153	10	0	450	12
193	129	77	-8	648	658	10	523	0	130
194	188	142	-9	1148	1158	10	161	0	241
195	29	139	25	131	141	10	0	339	4
196	241	218	34	157	167	10	0	510	13
197	183	23	26	584	594	0	0	611	115
198	217	138	-28	700	710	10	182	0	150
199	126	42	23	234	244	10	0	296	33
200	136	68	-26	604	614	10	231	0	70
201	64	91	-31	109	119	10	338	0	0
202	148	28	17	346	356	10	0	474	58
203	262	164	-16	908	918	10	226	0	2
204	103	93	-2	576	586	10	546	0	4
205	37	159	-13	126	136	10	128	0	2
206	75	269	-26	818	828	10	100	0	45
207	126	127	40	33	43	10	0	332	2
208	103	81	33	464	474	10	0	243	97
209	18	196	-24	442	452	10	552	0	63
210	88	49	21	181	191	10	0	287	18
211	259	14	-41	749	759	10	149	0	87
212	60	176	-30	205	215	10	539	0	3
213	15	88	12	354	364	10	0	294	53
214	178	263	-18	770	780	10	598	0	2
215	45	74	9	403	413	10	0	79	70
216	209	246	-23	384	394	10	84	0	49
217	275	263	33	177	187	10	0	106	4
218	37	149	24	382	392	10	0	406	69
219	183	43	-25	616	626	10	285	0	113
220	59	287	-10	506	516	10	1	0	24
221	170	93	39	486	496	0	0	622	108
222	167	171	-8	868	878	10	270	0	107
223	227	192	15	324	334	10	0	56	61
224	236	27	-21	382	392	10	336	0	2
225	139	110	-29	869	879	10	256	0	2
226	243	191	16	101	111	10	0	203	2
227	136	295	18	501	511	10	0	3	91
228	132	16	26	259	269	0	0	616	33
229	157	84	-10	110	120	10	73	0	3
230	162	92	-19	144	154	10	354	0	2
231	140	18	26	405	415	10	0	200	70
232	4	97	-7	884	894	10	496	0	135
233	133	153	32	17	27	0	0	603	2
234	150	185	22	40	50	10	0	175	3
235	151	113	4	356	366	0	0	634	82
236	71	294	-17	576	586	10	152	0	4
237	133	187	16	1078	1088	0	0	606	261
238	136	241	11	382	392	10	0	105	74
239	139	146	34	11	21	0	0	604	2
240	184	237	14	773	783	10	0	109	172
241	15	178	-6	778	788	10	108	0	38
242	41	279	-16	422	432	10	282	0	2
243	96	96	-33	515	525	10	208	0	97
244	230	128	21	390	400	10	0	587	79
245	198	100	25	97	107	10	0	330	9
246	160	17	24	350	360	10	0	366	56
247	137	212	12	707	717	10	0	436	163
248	180	93	2	979	989	10	0	22	231
249	8	227	33	187	197	10	0	342	8
250	189	41	-12	417	427	10	88	0	47
251	176	263	-18	620	630	10	535	0	10
252	263	193	-22	276	286	10	45	0	14
253	220	43	28	445	455	10	0	370	81
254	296	17	8	795	805	10	0	124	151
255	217	43	-18	533	543	10	97	0	72
256	150	67	29	83	93	10	0	225	2
257	117	155	-12	1018	1028	10	340	0	150
258	113	4	-11	301	311	10	419	0	11
259	114	259	-16	818	828	10	374	0	98
260	38	74	16	160	170	10	0	596	8
261	148	172	25	22	32	10	0	564	2
262	139	250	17	643	653	10	0	463	138
263	163	150	15	13	23	10	0	101	0
264	112	161	11	39	49	10	0	65	2
265	127	77	-12	840	850	10	188	0	109
266	147	152	14	3	13	0	0	629	2
267	131	222	21	163	173	10	0	25	24
268	43	62	-10	831	841	10	503	0	129
269	167	193	-16	1033	1043	10	492	0	78
270	157	254	8	526	536	10	0	222	107
271	187	129	-29	792	802	10	140	0	170
272	96	199	-11	1029	1039	10	98	0	172
273	31	68	27	508	518	10	0	501	93
274	234	146	-46	362	372	10	159	0	44
275	14	204	-16	603	613	10	390	0	92
276	121	116	-4	511	521	10	43	0	50
277	88	110	-15	644	654	10	500	0	76
278	25	119	-18	178	188	10	99	0	6
279	262	14	21	708	718	10	0	180	135
280	108	80	1	485	495	10	0	594	103
281	239	84	17	594	604	10	0	572	123
282	107	281	16	137	147	10	0	242	2
283	152	241	-4	681	691	10	123	0	146
284	183	282	42	452	462	10	0	85	81
285	186	26	25	575	585	10	0	219	113
286	175	281	17	650	660	10	0	553	131
287	118	38	-21	223	233	10	210	0	18
288	189	201	-8	986	996	10	357	0	67
289	238	294	22	229	239	10	0	576	17
290	250	49	11	489	499	0	0	633	89
291	109	299	24	387	397	10	0	484	60
292	128	225	-27	647	657	10	460	0	88
293	157	221	-18	421	431	10	157	0	81
294	69	90	-12	786	796	10	213	0	53
295	12	10	22	429	439	10	0	35	60
296	109	61	-23	407	417	10	199	0	33
297	213	299	-27	548	558	10	358	0	77
298	11	176	13	166	176	10	0	403	8
299	271	106	22	597	607	10	0	543	119
300	140	294	-15	419	429	10	455	0	2
301	51	2	41	227	237	10	0	55	14
302	158	140	5	12	22	10	0	89	2
303	102	155	-12	198	208	10	556	0	2
304	75	265	14	676	686	0	0	612	137
305	116	240	-12	535	545	10	19	0	64
306	272	183	-33	716	726	10	528	0	49
307	30	226	-25	948	958	10	547	0	32
308	27	255	-23	251	261	10	537	0	6
309	203	166	-12	1000	1010	10	591	0	148
310	205	130	-10	949	959	10	68	0	175
311	94	93	-5	920	930	10	447	0	54
312	248	280	27	300	310	10	0	5	36
313	57	127	20	356	366	10	0	331	67
314	16	22	-29	535	545	10	395	0	2
315	80	133	30	72	82	10	0	316	2
316	75	127	-30	525	535	10	315	0	2
317	9	239	-28	326	336	10	509	0	23
318	110	83	22	206	216	10	0	33	34
319	297	43	-8	732	742	10	504	0	2
320	247	86	-14	222	232	10	4	0	2
321	248	41	-19	479	489	10	413	0	2
322	102	173	15	53	63	10	0	400	2
323	28	141	-4	655	665	10	143	0	72
324	246	166	18	554	564	10	0	464	116
325	5	189	5	156	166	10	0	135	3
326	216	40	-6	162	172	10	481	0	2
327	282	104	-17	281	291	10	399	0	26
328	44	223	22	265	275	10	0	160	36
329	1	145	6	149	159	10	0	531	2
330	253	84	-25	415	425	10	245	0	9
331	69	134	-20	634	644	10	313	0	67
332	24	76	-40	507	517	10	207	0	2
333	255	203	32	740	750	10	0	412	158
334	94	12	-12	484	494	10	584	0	2
335	14	165	-15	527	537	10	96	0	74
336	164	108	21	44	54	10	0	224	2
337	266	203	-16	650	660	10	469	0	44
338	114	117	31	48	58	10	0	201	0
339	48	141	-25	227	237	10	195	0	4
340	28	124	12	715	725	10	0	257	150
341	12	275	18	522	532	10	0	532	86
342	8	200	-33	696	706	10	249	0	8
343	123	76	-19	308	318	10	586	0	26
344	108	3	16	681	691	10	0	142	133
345	228	217	32	877	887	0	0	602	196
346	253	69	-10	648	658	10	589	0	4
347	147	43	14	113	123	10	0	9	3
348	180	114	9	1080	1090	0	0	621	260
349	76	221	24	730	740	0	0	618	159
350	250	228	22	787	797	10	0	369	167
351	228	276	-18	743	753	10	439	0	4
352	29	72	-31	929	939	10	559	0	110
353	57	192	33	693	703	10	0	497	150
354	166	99	19	53	63	10	0	230	2
355	69	208	17	592	602	0	0	609	125
356	179	123	4	39	49	10	0	121	2
357	208	297	8	419	429	10	0	288	67
358	241	298	27	472	482	10	0	297	77
359	151	172	-25	759	769	10	10	0	34
360	216	203	-13	551	561	10	148	0	112
361	241	208	31	452	462	10	0	426	88
362	219	152	-11	969	979	10	14	0	128
363	238	214	15	468	478	10	0	74	92
364	173	148	-13	1008	1018	10	421	0	12
365	156	57	27	691	701	10	0	50	151
366	157	50	-24	957	967	10	246	0	56
367	276	66	17	151	161	10	0	394	2
368	112	272	-9	347	357	10	383	0	40
369	190	181	-22	914	924	10	350	0	167
370	224	138	-28	919	929	10	253	0	81
371	154	207	-7	429	439	10	60	0	17
372	111	40	22	865	875	10	0	11	189
373	172	2	-14	612	622	10	508	0	2
374	125	278	16	516	526	10	0	259	98
375	186	228	5	423	433	10	0	63	86
376	191	49	12	140	150	10	0	380	10
377	102	81	12	84	94	10	0	385	2
378	246	133	-22	165	175	10	574	0	2
379	47	143	-9	344	354	10	95	0	43
380	220	18	-12	631	641	10	376	0	10
381	40	1	-26	459	469	10	468	0	48
382	135	38	-31	729	739	10	494	0	100
383	124	299	9	302	312	10	0	368	40
384	36	212	4	135	145	10	0	397	3
385	89	61	-12	263	273	10	377	0	2
386	60	72	2	180	190	10	0	396	17
387	83	188	16	329	339	0	0	628	65
388	182	146	-8	818	828	10	404	0	158
389	223	198	-7	469	479	10	449	0	30
390	11	242	16	527	537	10	0	275	92
391	244	13	-14	733	743	10	573	0	50
392	274	66	21	185	195	10	0	512	11
393	15	219	19	151	161	10	0	44	2
394	294	64	-17	493	503	10	367	0	2
395	8	4	29	203	213	10	0	314	2
396	102	76	-2	853	863	10	386	0	17
397	4	296	-4	844	854	10	384	0	3
398	141	120	21	31	41	10	0	16	2
399	262	80	17	228	238	10	0	327	26
400	78	246	-15	334	344	10	322	0	2
401	180	98	3	364	374	10	0	430	78
402	139	33	-15	518	528	10	171	0	94
403	25	191	-13	240	250	10	298	0	8
404	188	198	8	684	694	10	0	388	158
405	82	100	-5	588	598	10	486	0	51
406	3	119	-24	699	709	10	218	0	69
407	239	295	-10	762	772	10	410	0	7
408	80	131	-19	344	354	10	132	0	3
409	152	258	-20	668	678	10	518	0	87
410	181	297	10	172	182	10	0	407	7
411	206	130	26	59	69	10	0	91	2
412	241	183	-32	853	863	10	333	0	158
413	180	106	19	53	63	10	0	321	2
414	131	220	23	131	141	10	0	452	17
415	103	260	-40	904	914	10	558	0	8
416	148	8	-33	196	206	10	443	0	9
417	173	152	12	757	767	10	0	112	184
418	235	31	18	151	161	10	0	542	3
419	157	12	11	176	186	10	0	258	11
420	296	15	-14	511	521	10	438	0	49
421	172	225	13	119	129	10	0	364	12
422	57	125	-30	221	231	10	162	0	2
423	158	83	27	67	77	10	0	499	2
424	51	63	6	138	148	10	0	115	4
425	51	217	36	279	289	10	0	155	42
426	254	206	-31	631	641	10	361	0	88
427	236	108	16	895	905	10	0	505	202
428	224	229	16	351	361	10	0	577	63
429	208	117	15	88	98	0	0	610	7
430	176	72	-3	584	594	10	401	0	78
431	159	287	21	407	417	10	0	169	69
432	149	98	-10	839	849	10	113	0	185
433	25	64	-6	631	641	10	51	0	55
434	135	210	12	912	922	0	0	607	215
435	113	188	-21	314	324	10	150	0	2
436	142	188	-12	972	982	10	247	0	163
437	261	232	12	509	519	10	0	76	95
438	277	41	14	354	364	10	0	420	49
439	189	240	18	105	115	10	0	351	4
440	11	185	-2	279	289	10	176	0	2
441	212	45	-9	639	649	10	540	0	10
442	231	28	-16	864	874	10	562	0	174
443	159	42	33	136	146	10	0	416	9
444	159	41	11	316	326	10	0	154	54
445	99	73	-12	100	110	10	24	0	0
446	110	262	26	502	512	10	0	456	98
447	15	2	5	409	419	10	0	311	54
448	72	89	13	563	573	0	0	605	118
449	229	188	7	199	209	10	0	389	30
450	232	121	-4	587	597	10	192	0	12
451	98	129	2	56	66	10	0	527	2
452	139	270	-23	781	791	10	414	0	17
453	181	277	15	299	309	10	0	12	44
454	281	68	-19	517	527	10	491	0	63
455	159	300	15	150	160	10	0	300	2
456	143	244	-26	695	705	10	446	0	98
457	105	252	25	111	121	10	0	479	2
458	288	127	23	720	730	10	0	521	147
459	230	80	-18	831	841	10	72	0	164
460	76	280	27	495	505	10	0	292	88
461	182	81	29	478	488	10	0	166	102
462	61	84	7	343	353	0	0	613	60
463	159	199	-17	829	839	10	262	0	138
464	280	158	-18	658	668	10	324	0	116
465	215	295	-17	832	842	10	485	0	114
466	38	139	12	347	357	10	0	478	61
467	213	119	25	739	749	0	0	617	169
468	37	36	26	343	353	10	0	381	48
469	229	179	16	252	262	10	0	337	44
470	81	219	-3	974	984	10	15	0	169
471	283	65	27	460	470	10	0	40	78
472	229	25	17	503	513	10	0	83	91
473	121	246	-22	495	505	10	57	0	26
474	129	83	-17	632	642	10	202	0	58
475	87	183	-17	535	545	10	580	0	97
476	274	256	-22	806	816	10	585	0	96
477	234	213	-26	152	162	10	145	0	6
478	46	155	-12	765	775	10	466	0	61
479	139	206	-25	600	610	10	457	0	2
480	283	144	6	133	143	10	0	59	1
481	208	47	6	118	128	10	0	326	2
482	114	211	10	449	459	10	0	541	97
483	15	209	-12	892	902	10	164	0	150
484	107	291	-24	552	562	10	291	0	60
485	154	299	17	598	608	10	0	465	114
486	101	114	5	255	265	10	0	405	51
487	5	195	18	196	206	10	0	7	13
488	120	241	20	615	625	0	0	614	132
489	229	40	-13	249	259	10	58	0	15
490	83	77	-8	438	448	10	526	0	36
491	289	79	19	400	410	10	0	454	63
492	177	281	16	436	446	10	0	269	78
493	175	251	-12	747	757	10	125	0	124
494	80	35	31	525	535	10	0	382	100
495	117	79	-18	914	924	10	93	0	161
496	3	135	7	678	688	10	0	232	135
497	58	240	-33	784	794	10	353	0	150
498	210	236	45	809	819	10	0	66	178
499	173	64	-27	582	592	10	423	0	2
500	93	117	15	360	370	10	0	277	76
501	80	86	-27	610	620	10	273	0	93
502	125	136	5	28	38	10	0	26	2
503	38	44	10	661	671	10	0	268	129
504	211	62	8	107	117	10	0	319	2
505	230	135	-16	988	998	10	427	0	202
506	45	115	-19	227	237	10	599	0	14
507	40	236	-37	760	770	10	131	0	96
508	143	67	14	83	93	10	0	373	2
509	20	245	28	247	257	10	0	317	23
510	220	182	-34	623	633	10	196	0	13
511	246	123	18	579	589	10	0	569	122
512	300	44	-21	767	777	10	392	0	11
513	9	63	-17	319	329	10	28	0	25
514	53	141	16	97	107	0	0	631	2
515	208	208	-23	116	126	10	71	0	1
516	173	72	8	696	706	0	0	627	156
517	265	78	-42	716	726	10	168	0	126
518	143	223	20	413	423	10	0	409	87
519	272	70	-6	682	692	10	544	0	91
520	126	233	20	401	411	10	0	6	81
521	271	145	-23	967	977	10	458	0	147
522	184	102	-27	1058	1068	10	136	0	52
523	131	78	8	588	598	10	0	193	130
524	7	31	29	803	813	0	0	632	156
525	107	39	-1	351	361	10	104	0	2
526	110	145	8	176	186	10	0	490	36
527	111	98	-2	281	291	10	451	0	2
528	251	195	33	298	308	10	0	306	49
529	18	151	15	141	151	10	0	94	4
530	296	279	-7	507	517	10	570	0	2
531	9	122	-6	226	236	10	329	0	2
532	33	231	-18	755	765	10	341	0	86
533	195	9	-17	207	217	10	177	0	4
534	25	14	15	223	233	10	0	34	12
535	158	291	18	172	182	10	0	251	10
536	297	213	21	704	714	10	0	158	138
537	23	218	23	159	169	10	0	308	6
538	117	178	19	776	786	10	0	185	185
539	40	192	30	123	133	10	0	212	3
540	205	44	9	150	160	10	0	441	10
541	116	245	-10	587	597	10	482	0	97
542	281	8	-18	254	264	10	418	0	3
543	232	45	-22	822	832	10	299	0	119
544	266	39	6	518	528	10	0	519	91
545	4	294	-12	560	570	10	107	0	53
546	88	124	2	76	86	10	0	204	4
547	51	278	25	282	292	10	0	307	32
548	26	0	-21	505	515	10	120	0	2
549	80	67	12	437	447	10	0	141	84
550	128	155	11	22	32	10	0	82	2
551	225	210	27	129	139	10	0	47	10
552	18	184	24	381	391	10	0	209	63
553	203	283	-17	751	761	10	286	0	131
554	289	209	23	704	714	0	0	623	140
555	279	189	-22	604	614	10	42	0	77
556	135	139	12	18	28	10	0	303	2
557	284	72	-26	943	953	10	53	0	181
558	132	297	40	174	184	10	0	415	8
559	43	52	31	576	586	10	0	352	110
560	119	214	-17	628	638	10	30	0	66
561	72	36	7	442	452	10	0	32	78
562	228	41	16	822	832	10	0	442	174
563	202	161	16	53	63	10	0	568	2
564	162	250	-25	206	216	10	261	0	2
565	299	153	12	420	430	0	0	626	70
566	202	292	-15	918	928	10	595	0	6
567	108	298	-35	890	900	10	178	0	88
568	238	206	-16	583	593	10	563	0	2
569	275	146	-18	661	671	10	511	0	122
570	194	234	7	94	104	10	0	530	2
571	279	36	29	703	713	10	0	575	135
572	238	103	-17	732	742	10	281	0	123
573	194	11	14	337	347	10	0	391	50
574	265	141	22	115	125	10	0	378	2
575	264	35	-29	993	1003	10	571	0	135
576	285	285	-22	711	721	10	289	0	17
577	211	239	-16	587	597	10	428	0	63
578	233	119	-14	948	958	10	190	0	113
579	191	234	9	93	103	10	0	27	2
580	64	170	17	467	477	10	0	475	97
581	117	168	14	37	47	10	0	181	2
582	265	197	15	331	341	10	0	144	54
583	113	62	-16	534	544	10	64	0	41
584	82	35	12	133	143	10	0	334	2
585	285	283	22	564	574	10	0	476	96
586	122	96	19	157	167	10	0	343	26
587	298	135	-21	910	920	10	244	0	79
588	290	219	-35	197	207	10	86	0	2
589	293	62	10	177	187	10	0	346	4
590	119	183	-27	577	587	10	130	0	77
591	284	244	12	746	756	10	0	309	148
592	214	234	-24	740	750	10	13	0	2
593	176	70	-21	682	692	10	75	0	10
594	94	109	-1	793	803	10	280	0	103
595	148	299	15	164	174	10	0	566	6
596	2	81	-16	274	284	10	260	0	8
597	225	73	-22	529	539	10	129	0	94
598	157	276	18	126	136	10	0	214	2
599	37	126	19	164	174	10	0	506	14
600	208	290	-33	315	325	10	31	0	2
601	242	70	-22	141	151	10	127	0	7
602	228	217	-32	877	887	10	345	0	196
603	133	153	-32	17	27	10	233	0	2
604	139	146	-34	11	21	10	239	0	2
605	72	89	-13	563	573	10	448	0	118
606	133	187	-16	1078	1088	10	237	0	261
607	135	210	-12	912	922	10	434	0	215
608	119	254	-42	817	827	10	17	0	179
609	69	208	-17	592	602	10	355	0	125
610	208	117	-15	88	98	10	429	0	7
611	183	23	-26	584	594	10	197	0	115
612	75	265	-14	676	686	10	304	0	137
613	61	84	-7	343	353	10	462	0	60
614	120	241	-20	615	625	10	488	0	132
615	296	235	-25	570	580	10	165	0	102
616	132	16	-26	259	269	10	228	0	33
617	213	119	-25	739	749	10	467	0	169
618	76	221	-24	730	740	10	349	0	159
619	198	159	-23	788	798	10	138	0	187
620	209	269	-17	456	466	10	41	0	83
621	180	114	-9	1080	1090	10	348	0	260
622	170	93	-39	486	496	10	221	0	108
623	289	209	-23	704	714	10	554	0	140
624	60	287	-15	993	1003	10	70	0	209
625	17	0	-11	587	597	10	23	0	99
626	299	153	-12	420	430	10	565	0	70
627	173	72	-8	696	706	10	516	0	156
628	83	188	-16	329	339	10	387	0	65
629	147	152	-14	3	13	10	266	0	2
630	56	116	-22	240	250	10	20	0	37
631	53	141	-16	97	107	10	514	0	2
632	7	31	-29	803	813	10	524	0	156
633	250	49	-11	489	499	10	290	0	89
634	151	113	-4	356	366	10	235	0	82

