150	200	1
0	150	150	0	0	1206	0	0	0
1	71	268	-27	221	251	10	400	0	9
2	183	80	13	0	1119	10	0	103	81
3	174	238	-15	0	1105	10	595	0	87
4	166	123	14	31	61	10	0	281	2
5	287	293	14	0	998	10	0	92	59
6	140	214	24	0	1132	10	0	125	49
7	47	203	-13	670	700	10	128	0	57
8	247	19	21	818	848	10	0	380	68
9	152	29	-9	899	929	10	373	0	48
10	86	216	25	208	238	10	0	155	14
11	107	29	-26	1011	1041	10	228	0	14
12	212	270	-17	592	622	10	27	0	45
13	148	157	24	7	37	10	0	482	2
14	291	148	-26	636	666	10	521	0	51
15	92	241	-23	767	797	10	414	0	7
16	162	148	-29	0	1184	10	140	0	106
17	119	254	42	807	837	10	0	292	72
18	266	212	11	333	363	10	0	437	23
19	99	226	-26	0	1105	10	446	0	40
20	56	116	-19	0	1097	10	151	0	98
21	110	31	-23	363	393	10	199	0	25
22	175	107	17	0	1147	10	0	245	3
23	17	0	11	577	607	10	0	141	40
24	96	86	12	83	113	10	0	474	2
25	136	228	2	357	387	10	0	170	30
26	100	138	-19	0	1145	10	118	0	108
27	184	277	17	0	1065	10	0	12	45
28	16	42	17	253	283	10	0	594	11
29	67	175	3	0	1110	10	0	580	100
30	72	286	17	0	1040	0	0	618	88
31	176	235	33	0	1108	10	0	169	86
32	116	14	-20	654	684	10	334	0	35
33	26	27	-29	0	1022	10	524	0	80
34	37	14	19	243	273	0	0	605	9
35	1	11	34	480	510	10	0	62	30
36	74	117	-12	804	834	10	584	0	2
37	170	53	21	0	1097	10	0	50	70
38	154	101	21	49	79	10	0	229	2
39	75	191	12	85	115	10	0	65	2
40	227	62	-11	0	1080	10	321	0	35
41	209	269	17	446	476	10	0	216	34
42	207	149	22	347	377	10	0	271	31
43	99	105	4	0	1128	10	0	204	50
44	6	168	21	744	774	0	0	614	62
45	296	211	22	196	226	10	0	554	6
46	254	87	7	0	1075	10	0	346	91
47	201	175	-5	0	1140	10	360	0	48
48	268	113	-42	843	873	10	168	0	51
49	29	8	-5	751	781	10	447	0	55
50	159	89	-21	826	856	10	37	0	70
51	9	30	6	0	1011	0	0	602	82
52	175	294	-27	0	1050	10	358	0	31
53	282	76	26	856	886	10	0	356	73
54	90	44	-10	0	1075	10	495	0	94
55	57	7	25	0	1026	10	0	561	84
56	176	153	-12	0	1170	10	417	0	75
57	106	243	22	0	1094	10	0	368	22
58	207	20	-17	0	1055	10	177	0	2
59	289	143	23	0	1057	10	0	574	90
60	166	194	-29	98	128	10	269	0	7
61	295	123	-27	770	800	10	136	0	21
62	85	62	-34	0	1087	10	35	0	30
63	207	237	-18	0	1092	10	439	0	96
64	136	50	16	0	1096	10	0	287	11
65	42	221	-12	296	326	10	39	0	2
66	208	235	22	0	1094	10	0	592	97
67	267	29	-13	459	489	10	489	0	30
68	206	121	-15	0	1133	10	450	0	52
69	227	5	13	370	400	10	0	90	23
70	60	287	-15	0	1033	10	545	0	37
71	151	133	23	17	47	10	0	354	1
72	222	100	-22	726	756	10	129	0	38
73	152	77	-10	0	1123	10	113	0	75
74	225	192	-27	0	1111	10	551	0	5
75	150	104	-25	0	1150	10	432	0	80
76	296	252	-19	789	819	10	588	0	61
77	63	170	19	0	1107	10	0	94	20
78	106	168	-8	212	242	10	117	0	17
79	73	81	-22	556	586	10	445	0	2
80	97	232	-14	933	963	10	415	0	80
81	112	43	-9	0	1083	10	525	0	25
82	135	251	-4	0	1094	10	123	0	97
83	214	6	-18	865	895	10	418	0	2
84	252	219	-31	301	331	10	361	0	19
85	182	284	3	513	543	10	0	375	40
86	259	187	-18	0	1081	10	203	0	93
87	72	20	32	684	714	10	0	494	56
88	153	61	12	0	1107	10	0	366	86
89	211	174	-28	0	1131	10	182	0	61
90	199	28	-13	0	1065	10	69	0	23
91	274	136	-26	804	834	10	459	0	64
92	226	248	-14	853	883	10	5	0	59
93	85	75	-12	726	756	10	377	0	2
94	52	165	-19	287	317	10	77	0	20
95	54	136	-19	250	280	10	599	0	6
96	34	150	15	0	1080	10	0	478	64
97	203	36	-23	0	1071	10	183	0	32
98	37	258	-11	826	856	10	242	0	65
99	29	130	18	0	1074	10	0	339	93
100	40	181	-19	0	1082	10	275	0	89
101	192	150	6	42	72	10	0	309	3
102	61	138	-16	643	673	10	174	0	53
103	183	88	-13	879	909	10	2	0	81
104	122	127	1	36	66	10	0	120	1
105	126	266	-18	0	1078	10	227	0	89
106	165	179	-20	0	1164	10	520	0	33
107	19	290	-18	0	1005	10	397	0	65
108	30	243	6	286	316	10	0	341	16
109	172	198	-10	830	860	10	371	0	77
110	209	84	13	382	412	10	0	364	32
111	24	261	8	0	1029	0	0	601	86
112	181	145	20	762	792	10	0	310	76
113	149	76	10	800	830	10	0	73	75
114	206	157	-29	911	941	10	426	0	53
115	1	81	21	321	351	0	0	611	18
116	47	153	9	767	797	10	0	379	69
117	125	148	8	0	1171	10	0	78	17
118	109	148	19	0	1155	10	0	26	108
119	256	286	-22	0	1024	10	350	0	82
120	15	52	-1	166	196	10	104	0	1
121	234	107	24	338	368	10	0	572	27
122	108	162	24	627	657	10	0	186	61
123	147	240	4	0	1106	10	0	82	97
124	290	37	1	816	846	10	0	575	66
125	165	256	-24	587	617	10	6	0	49
126	188	69	15	0	1107	10	0	253	32
127	242	70	22	0	1075	0	0	612	95
128	93	165	13	0	1138	10	0	7	57
129	224	61	22	473	503	10	0	72	38
130	72	180	27	0	1113	10	0	537	2
131	44	286	37	539	569	10	0	167	39
132	47	121	-16	107	137	10	514	0	0
133	30	145	23	0	1076	10	0	526	94
134	283	275	-15	0	1014	10	530	0	33
135	2	238	-14	0	1024	10	307	0	84
136	289	130	27	329	359	10	0	61	21
137	159	266	2	0	1080	10	0	492	30
138	198	159	23	0	1148	10	0	429	102
139	155	93	-27	138	168	10	423	0	8
140	201	122	29	0	1138	10	0	16	106
141	34	5	-11	735	765	10	23	0	40
142	103	8	-13	0	1047	10	416	0	7
143	30	149	-17	0	1076	10	152	0	2
144	278	178	17	685	715	10	0	412	58
145	203	183	26	0	1134	10	0	369	84
146	276	28	-29	0	1021	10	571	0	83
147	63	130	-13	0	1107	10	506	0	96
148	199	213	-16	511	541	10	428	0	26
149	274	6	-19	519	549	10	542	0	33
150	107	174	-14	49	79	10	581	0	1
151	57	123	19	0	1100	10	0	20	98
152	14	177	17	138	168	10	0	143	2
153	156	182	20	598	628	10	0	388	59
154	168	42	-14	0	1087	10	508	0	2
155	84	231	-25	545	575	10	10	0	14
156	272	211	-16	359	389	10	226	0	2
157	153	226	18	0	1120	10	0	564	11
158	250	194	-32	877	907	10	333	0	76
159	243	136	-29	0	1102	10	522	0	96
160	56	212	10	0	1084	10	0	272	88
161	221	145	9	1017	1047	10	0	194	97
162	52	109	30	106	136	10	0	331	2
163	88	190	-33	898	928	10	353	0	78
164	11	191	12	0	1052	10	0	483	73
165	296	235	25	560	590	0	0	619	42
166	175	123	-41	823	853	10	326	0	5
167	124	174	-37	0	1161	10	131	0	39
168	271	105	42	617	647	10	0	48	51
169	169	236	-33	939	969	10	31	0	86
170	127	266	-2	0	1078	10	25	0	30
171	139	31	15	0	1077	10	0	230	94
172	160	179	32	0	1166	0	0	623	113
173	200	26	-14	0	1063	10	219	0	91
174	59	113	16	0	1098	10	0	102	53
175	189	197	17	0	1135	10	0	389	100
176	76	160	2	0	1122	10	0	218	27
177	183	44	17	111	141	10	0	58	2
178	45	190	-19	0	1084	10	212	0	95
179	145	38	10	242	272	10	0	202	15
180	271	8	36	0	1010	10	0	211	55
181	161	242	-15	876	906	10	452	0	68
182	230	150	28	662	692	10	0	89	61
183	260	64	23	433	463	10	0	97	32
184	44	189	13	0	1084	10	0	539	1
185	125	168	-11	867	897	10	435	0	28
186	120	155	-24	888	918	10	122	0	61
187	237	171	-34	0	1107	10	464	0	54
188	120	60	-22	512	542	10	318	0	14
189	263	291	2	0	1016	10	0	585	79
190	246	93	14	0	1085	10	0	481	89
191	15	259	-33	678	708	10	249	0	4
192	250	124	4	133	163	10	0	327	5
193	129	77	11	0	1121	10	0	225	103
194	188	142	-9	1128	1158	10	161	0	97
195	29	139	25	0	1075	10	0	298	88
196	241	218	-22	0	1083	10	568	0	95
197	183	23	26	0	1065	10	0	573	19
198	217	138	-16	0	1128	10	563	0	2
199	126	42	23	0	1086	10	0	21	25
200	136	68	19	0	1113	10	0	343	100
201	64	91	29	0	1092	10	0	462	24
202	148	28	-10	336	366	10	179	0	15
203	262	164	18	0	1084	10	0	86	93
204	103	93	-4	566	596	10	43	0	50
205	37	159	7	0	1083	10	0	466	22
206	75	269	-18	808	838	10	236	0	43
207	126	127	-12	33	63	10	556	0	1
208	103	81	-18	0	1113	10	490	0	98
209	18	196	8	432	462	10	0	487	32
210	88	49	21	0	1078	10	0	268	88
211	259	14	-36	739	769	10	180	0	55
212	60	176	19	0	1103	10	0	178	95
213	15	88	-2	0	1048	10	451	0	2
214	178	263	-8	0	1080	10	493	0	95
215	45	74	-14	393	423	10	385	0	17
216	209	246	-17	0	1084	10	41	0	34
217	275	263	33	0	1028	10	0	345	84
218	37	149	-2	372	402	10	176	0	27
219	183	43	14	0	1085	10	0	173	91
220	59	287	17	496	526	10	0	507	36
221	170	93	-4	476	506	10	235	0	33
222	167	171	-21	0	1169	10	288	0	94
223	227	192	15	0	1109	10	0	510	53
224	236	27	-21	372	402	10	442	0	24
225	139	110	-11	0	1155	10	193	0	103
226	243	191	16	101	131	10	0	156	2
227	136	295	18	0	1051	10	0	105	89
228	132	16	26	249	279	10	0	11	14
229	157	84	-21	100	130	10	38	0	2
230	162	92	-15	0	1137	10	171	0	94
231	140	18	26	0	1064	10	0	344	86
232	4	97	-7	874	904	10	335	0	68
233	133	153	32	17	47	10	0	303	2
234	150	185	-16	0	1161	10	237	0	109
235	151	113	4	346	376	10	0	221	33
236	71	294	18	566	596	10	0	206	43
237	133	187	16	0	1156	10	0	234	109
238	136	241	-13	372	402	10	456	0	29
239	139	146	34	0	1185	10	0	276	47
240	184	237	14	0	1103	10	0	498	96
241	15	178	9	0	1059	10	0	552	90
242	41	279	11	0	1028	10	0	98	65
243	96	96	33	0	1120	10	0	583	97
244	230	128	21	380	410	10	0	578	32
245	198	100	-17	87	117	10	22	0	3
246	160	17	24	340	370	10	0	443	23
247	137	212	-21	0	1133	10	267	0	103
248	180	93	2	0	1132	10	0	441	52
249	8	227	33	177	207	10	0	191	4
250	189	41	-17	0	1081	10	472	0	37
251	176	263	-18	0	1081	10	300	0	29
252	263	193	29	0	1076	0	0	620	95
253	220	43	-15	435	465	10	126	0	32
254	296	17	8	0	999	10	0	420	78
255	217	43	-16	0	1070	10	427	0	89
256	150	67	29	0	1113	10	0	444	96
257	117	155	-16	0	1163	10	387	0	27
258	113	4	-11	291	321	10	419	0	12
259	114	259	-12	808	838	10	434	0	71
260	38	74	-32	0	1061	10	596	0	85
261	148	172	25	22	52	10	0	359	2
262	139	250	17	633	663	10	0	283	56
263	163	150	15	13	43	10	0	324	3
264	112	161	11	39	69	10	0	328	2
265	127	77	-8	830	860	10	523	0	53
266	147	152	-19	0	1193	10	538	0	75
267	131	222	21	0	1122	10	0	247	103
268	43	62	-21	0	1058	10	210	0	88
269	167	193	29	0	1150	10	0	60	7
270	157	254	8	0	1092	10	0	293	97
271	187	129	-22	782	812	10	42	0	31
272	96	199	-10	1019	1049	10	160	0	88
273	31	68	-6	0	1052	10	424	0	88
274	234	146	-26	352	382	10	411	0	2
275	14	204	19	0	1050	10	0	100	89
276	121	116	-34	501	531	10	239	0	47
277	88	110	-26	634	664	10	468	0	40
278	25	119	17	168	198	10	0	531	6
279	262	14	-6	698	728	10	544	0	53
280	108	80	-5	0	1115	10	486	0	100
281	239	84	-14	584	614	10	4	0	2
282	107	281	16	137	167	10	0	291	2
283	152	241	-17	671	701	10	262	0	56
284	183	282	42	0	1060	10	0	570	90
285	186	26	25	0	1067	10	0	533	88
286	175	281	17	640	670	0	0	613	53
287	118	38	-16	213	243	10	64	0	11
288	189	201	21	976	1006	10	0	222	94
289	238	294	-22	219	249	10	297	0	5
290	250	49	-5	479	509	10	302	0	2
291	109	299	-16	0	1042	10	282	0	2
292	128	225	-42	0	1118	10	17	0	72
293	157	221	-8	0	1125	10	270	0	97
294	69	90	-23	776	806	10	422	0	66
295	12	10	22	0	1000	10	0	548	77
296	109	61	-19	397	427	10	311	0	30
297	213	299	22	0	1035	10	0	289	5
298	11	176	-25	0	1055	10	195	0	88
299	271	106	22	0	1068	10	0	471	29
300	140	294	18	409	439	10	0	251	29
301	51	2	-15	0	1018	10	534	0	5
302	158	140	5	12	42	10	0	290	2
303	102	155	-32	188	218	10	233	0	2
304	75	265	-25	666	696	10	457	0	2
305	116	240	17	0	1100	10	0	488	52
306	272	183	12	0	1070	10	0	528	92
307	30	226	14	0	1054	10	0	135	84
308	27	255	-4	0	1035	10	384	0	85
309	203	166	-6	990	1020	10	101	0	3
310	205	130	-20	0	1138	10	112	0	76
311	94	93	19	0	1117	10	0	296	30
312	248	280	27	290	320	10	0	576	15
313	57	127	20	0	1101	10	0	502	99
314	16	22	24	0	1011	10	0	503	81
315	80	133	-2	0	1124	10	546	0	103
316	75	127	37	0	1118	10	0	408	102
317	9	239	20	0	1030	0	0	608	86
318	110	83	22	196	226	10	0	188	14
319	297	43	-3	722	752	10	512	0	55
320	247	86	21	212	242	10	0	330	12
321	248	41	11	469	499	10	0	40	35
322	102	173	15	53	83	10	0	475	2
323	28	141	25	0	1074	10	0	496	53
324	246	166	-15	0	1099	10	263	0	3
325	5	189	5	150	180	10	0	342	2
326	216	40	41	152	182	10	0	166	5
327	282	104	-4	271	301	10	192	0	5
328	44	223	-11	0	1068	10	264	0	2
329	1	145	-15	0	1047	10	529	0	2
330	253	84	-21	0	1074	10	320	0	12
331	69	134	-30	624	654	10	162	0	2
332	24	76	-12	497	527	10	340	0	34
333	255	203	32	0	1079	10	0	158	76
334	94	12	20	474	504	10	0	32	35
335	14	165	7	0	1060	10	0	232	68
336	164	108	21	0	1152	10	0	461	103
337	266	203	6	0	1069	10	0	536	55
338	114	117	31	0	1148	10	0	500	30
339	48	141	-18	0	1094	10	99	0	93
340	28	124	12	0	1072	10	0	332	34
341	12	275	-6	512	542	10	108	0	16
342	8	200	-5	0	1046	10	325	0	2
343	123	76	-19	0	1118	10	200	0	100
344	108	3	-26	0	1044	10	231	0	86
345	228	217	-33	0	1094	10	217	0	84
346	253	69	-7	0	1065	10	46	0	91
347	147	43	14	107	137	10	0	402	2
348	180	114	-3	1070	1100	10	401	0	101
349	76	221	-11	720	750	10	550	0	2
350	250	228	22	0	1070	10	0	119	82
351	228	276	21	733	763	10	0	566	61
352	29	72	-8	919	949	10	406	0	73
353	57	192	33	0	1094	10	0	163	78
354	166	99	-23	53	83	10	71	0	1
355	69	208	17	0	1097	10	0	425	94
356	179	123	-26	0	1157	10	53	0	73
357	208	297	8	0	1038	10	0	407	82
358	241	298	27	462	492	10	0	52	31
359	151	172	-25	0	1174	10	261	0	2
360	216	203	5	541	571	10	0	47	48
361	241	208	31	0	1089	10	0	84	19
362	219	152	8	959	989	0	0	604	91
363	238	214	-15	0	1088	10	477	0	6
364	173	148	-13	0	1173	10	110	0	32
365	156	57	-12	681	711	10	499	0	59
366	157	50	-12	947	977	10	88	0	86
367	276	66	17	151	181	10	0	454	2
368	112	272	-22	337	367	10	57	0	22
369	190	181	-26	904	934	10	145	0	84
370	224	138	-15	0	1122	10	505	0	92
371	154	207	10	0	1139	10	0	109	77
372	111	40	-19	855	885	10	382	0	73
373	172	2	9	602	632	10	0	9	48
374	125	278	-17	0	1066	10	567	0	75
375	186	228	-3	0	1111	10	85	0	40
376	191	49	12	130	160	10	0	540	3
377	102	81	12	84	114	10	0	93	2
378	246	133	9	0	1099	10	0	467	61
379	47	143	-9	0	1093	10	116	0	69
380	220	18	-21	0	1047	10	8	0	68
381	40	1	-29	0	1011	10	395	0	2
382	135	38	19	0	1083	10	0	372	73
383	124	299	-40	292	322	10	558	0	4
384	36	212	4	0	1067	10	0	308	85
385	89	61	14	253	283	10	0	215	17
386	60	72	2	0	1077	10	0	559	89
387	83	188	16	319	349	10	0	257	27
388	182	146	-20	808	838	10	153	0	59
389	223	198	-17	0	1109	10	175	0	100
390	11	242	16	517	547	10	0	470	38
391	244	13	-14	0	1030	10	438	0	80
392	274	66	21	175	205	10	0	557	5
393	15	219	19	0	1045	10	0	509	84
394	294	64	-19	483	513	10	491	0	26
395	8	4	29	203	233	10	0	381	2
396	102	76	-13	843	873	10	448	0	48
397	4	296	18	834	864	10	0	107	65
398	141	120	21	31	61	10	0	430	2
399	262	80	17	0	1064	10	0	519	54
400	78	246	27	0	1076	10	0	1	9
401	180	98	3	0	1136	10	0	348	101
402	139	33	-14	0	1079	10	347	0	2
403	25	191	16	230	260	10	0	440	12
404	188	198	-16	0	1135	10	469	0	18
405	82	100	16	0	1112	0	0	610	102
406	3	119	8	0	1046	10	0	352	73
407	239	295	-8	0	1026	10	357	0	82
408	80	131	-37	0	1124	10	316	0	102
409	152	258	35	0	1088	10	0	485	45
410	181	297	10	0	1046	10	0	535	87
411	206	130	26	59	89	10	0	274	2
412	241	183	-17	843	873	10	144	0	58
413	180	106	19	0	1143	0	0	622	108
414	131	220	23	121	151	10	0	15	7
415	103	260	14	894	924	10	0	80	80
416	148	8	13	186	216	10	0	142	7
417	173	152	12	747	777	10	0	56	75
418	235	31	18	146	176	10	0	83	2
419	157	12	11	0	1058	10	0	258	12
420	296	15	-8	0	998	10	254	0	78
421	172	225	13	0	1118	10	0	579	1
422	57	125	23	0	1100	10	0	294	66
423	158	83	27	0	1129	10	0	139	8
424	51	63	6	0	1065	10	0	273	88
425	51	217	-17	0	1077	10	355	0	94
426	254	206	29	621	651	10	0	114	53
427	236	108	16	0	1101	10	0	255	89
428	224	229	16	341	371	10	0	148	26
429	208	117	-23	0	1130	10	138	0	102
430	176	72	-21	574	604	10	398	0	2
431	159	287	21	0	1059	0	0	607	92
432	149	98	25	829	859	10	0	75	80
433	25	64	-13	621	651	10	513	0	17
434	135	210	12	0	1135	10	0	259	71
435	113	188	11	304	334	10	0	185	28
436	142	188	-18	962	992	10	479	0	90
437	261	232	-11	499	529	10	18	0	23
438	277	41	14	0	1029	10	0	391	80
439	189	240	18	0	1098	10	0	63	96
440	11	185	-16	0	1053	10	403	0	12
441	212	45	-2	629	659	10	248	0	52
442	231	28	21	0	1050	10	0	224	24
443	159	42	-24	0	1088	10	246	0	23
444	159	41	-29	0	1087	10	256	0	96
445	99	73	22	92	122	10	0	79	2
446	110	262	26	492	522	10	0	19	40
447	15	2	5	0	996	10	0	49	55
448	72	89	13	553	583	10	0	396	48
449	229	188	-16	0	1109	10	515	0	5
450	232	121	15	577	607	10	0	68	52
451	98	129	2	56	86	10	0	213	2
452	139	270	15	771	801	10	0	181	68
453	181	277	15	0	1066	10	0	600	16
454	281	68	-17	507	537	10	367	0	2
455	159	300	-18	150	180	10	598	0	1
456	143	244	13	0	1102	10	0	238	29
457	105	252	25	111	141	10	0	304	2
458	288	127	23	710	740	10	0	587	60
459	230	80	26	0	1090	10	0	91	64
460	76	280	-25	485	515	10	547	0	14
461	182	81	-21	0	1120	10	336	0	103
462	61	84	-29	333	363	10	201	0	24
463	159	199	12	0	1147	0	0	617	109
464	280	158	34	648	678	10	0	187	54
465	215	295	-6	822	852	10	553	0	68
466	38	139	-7	337	367	10	205	0	22
467	213	119	-9	729	759	10	378	0	61
468	37	36	26	0	1036	10	0	277	40
469	229	179	16	242	272	10	0	404	18
470	81	219	-16	0	1099	10	390	0	38
471	283	65	-22	450	480	10	299	0	29
472	229	25	17	493	523	10	0	250	37
473	121	246	9	0	1096	10	0	484	41
474	129	83	-12	0	1126	10	24	0	2
475	87	183	-15	0	1125	10	322	0	2
476	274	256	-12	0	1033	10	591	0	60
477	234	213	15	142	172	10	0	363	6
478	46	155	-15	755	785	10	96	0	64
479	139	206	18	0	1139	10	0	436	90
480	283	144	6	133	163	0	0	615	2
481	208	47	-14	0	1078	10	190	0	89
482	114	211	-24	439	469	10	13	0	2
483	15	209	-12	882	912	10	164	0	73
484	107	291	-9	542	572	10	473	0	41
485	154	299	-35	588	618	10	409	0	45
486	101	114	5	0	1136	10	0	280	100
487	5	195	-8	0	1045	10	209	0	32
488	120	241	-17	605	635	10	305	0	52
489	229	40	13	0	1061	10	0	67	30
490	83	77	18	0	1097	10	0	208	98
491	289	79	19	390	420	10	0	394	26
492	177	281	-2	426	456	10	137	0	30
493	175	251	8	0	1092	10	0	214	95
494	80	35	-32	0	1062	10	87	0	56
495	117	79	10	0	1118	10	0	54	94
496	3	135	-25	668	698	10	323	0	53
497	58	240	-36	774	804	10	532	0	62
498	210	236	-14	0	1092	10	240	0	96
499	173	64	12	0	1107	10	0	365	59
500	93	117	-31	350	380	10	338	0	30
501	80	86	-12	600	630	10	549	0	34
502	125	136	-20	0	1168	10	313	0	99
503	38	44	-24	0	1042	10	314	0	81
504	211	62	8	107	137	10	0	517	2
505	230	135	15	978	1008	10	0	370	92
506	45	115	13	0	1086	10	0	147	96
507	40	236	-17	0	1057	10	220	0	36
508	143	67	14	83	113	10	0	154	2
509	20	245	-19	0	1035	10	393	0	84
510	220	182	-15	613	643	10	223	0	53
511	246	123	18	0	1097	0	0	624	99
512	300	44	3	0	1013	10	0	319	55
513	9	63	13	309	339	10	0	433	17
514	53	141	16	97	127	10	0	132	0
515	208	208	16	106	136	10	0	449	5
516	173	72	8	0	1115	10	0	593	101
517	265	78	-8	706	736	10	504	0	2
518	143	223	20	403	433	0	0	609	35
519	272	70	-17	672	702	10	399	0	54
520	126	233	20	391	421	10	0	106	33
521	271	145	26	0	1075	10	0	14	51
522	184	102	29	0	1138	10	0	159	96
523	131	78	8	578	608	10	0	265	53
524	7	31	29	0	1010	10	0	33	80
525	107	39	9	341	371	10	0	81	25
526	110	145	-23	0	1156	10	133	0	94
527	111	98	16	0	1131	10	0	586	104
528	251	195	-12	0	1086	10	306	0	92
529	18	151	15	132	162	10	0	329	2
530	296	279	15	497	527	10	0	134	33
531	9	122	-17	216	246	10	278	0	6
532	33	231	36	745	775	10	0	497	62
533	195	9	-25	0	1048	10	285	0	88
534	25	14	15	213	243	10	0	301	5
535	158	291	-10	0	1055	10	410	0	87
536	297	213	-6	694	724	10	337	0	55
537	23	218	-27	149	179	10	130	0	2
538	117	178	19	766	796	10	0	266	75
539	40	192	-13	117	147	10	184	0	1
540	205	44	-12	140	170	10	376	0	3
541	116	245	37	577	607	10	0	560	50
542	281	8	19	0	1003	10	0	149	33
543	232	45	15	812	842	0	0	616	70
544	266	39	6	0	1036	10	0	279	53
545	4	294	15	550	580	10	0	70	37
546	88	124	2	0	1129	10	0	315	103
547	51	278	25	272	302	10	0	460	14
548	26	0	-22	0	1002	10	295	0	77
549	80	67	12	427	457	10	0	501	34
550	128	155	11	22	52	10	0	349	2
551	225	210	27	119	149	10	0	74	5
552	18	184	-9	0	1060	10	241	0	90
553	203	283	6	0	1053	10	0	465	68
554	289	209	-22	0	1045	10	45	0	6
555	279	189	30	0	1062	10	0	582	19
556	135	139	12	0	1178	10	0	207	1
557	284	72	-21	933	963	10	392	0	5
558	132	297	40	164	194	10	0	383	4
559	43	52	-2	0	1051	10	386	0	89
560	119	214	-37	618	648	10	541	0	50
561	72	36	-25	0	1058	10	55	0	84
562	228	41	16	812	842	10	0	597	70
563	202	161	16	53	83	10	0	198	2
564	162	250	-18	196	226	10	157	0	11
565	299	153	-14	410	440	10	569	0	27
566	202	292	-21	0	1045	10	351	0	61
567	108	298	17	880	910	10	0	374	75
568	238	206	22	0	1092	10	0	196	95
569	275	146	14	0	1071	10	0	565	27
570	194	234	-42	0	1102	10	284	0	90
571	279	36	29	0	1024	10	0	146	83
572	238	103	-24	722	752	10	121	0	27
573	194	11	-26	327	357	10	197	0	19
574	265	141	-23	0	1081	10	59	0	90
575	264	35	-1	983	1013	10	124	0	66
576	285	285	-27	0	1006	10	312	0	15
577	211	239	20	0	1089	0	0	603	98
578	233	119	-21	0	1108	10	244	0	32
579	191	234	-13	93	123	10	421	0	1
580	64	170	-3	0	1108	10	29	0	100
581	117	168	14	37	67	10	0	150	1
582	265	197	-30	321	351	10	555	0	19
583	113	62	-33	0	1101	10	243	0	97
584	82	35	12	133	163	10	0	36	2
585	285	283	-2	0	1007	10	189	0	79
586	122	96	-16	0	1136	10	527	0	104
587	298	135	-23	900	930	10	458	0	60
588	290	219	19	0	1040	10	0	76	61
589	293	62	10	0	1029	0	0	606	86
590	119	183	6	567	597	0	0	621	55
591	284	244	12	736	766	10	0	476	60
592	214	234	-22	0	1091	10	66	0	97
593	176	70	-8	0	1112	10	516	0	101
594	94	109	-17	783	813	10	28	0	11
595	148	299	15	0	1047	10	0	3	87
596	2	81	32	0	1033	10	0	260	85
597	225	73	-16	0	1089	10	562	0	70
598	157	276	18	126	156	10	0	455	1
599	37	126	19	154	184	10	0	95	6
600	208	290	-15	305	335	10	453	0	16
601	24	261	-8	0	1029	10	111	0	86
602	9	30	-6	0	1011	10	51	0	82
603	211	239	-20	0	1089	10	577	0	98
604	219	152	-8	959	989	10	362	0	91
605	37	14	-19	243	273	10	34	0	9
606	293	62	-10	0	1029	10	589	0	86
607	159	287	-21	0	1059	10	431	0	92
608	9	239	-20	0	1030	10	317	0	86
609	143	223	-20	403	433	10	518	0	35
610	82	100	-16	0	1112	10	405	0	102
611	1	81	-21	321	351	10	115	0	18
612	242	70	-22	0	1075	10	127	0	95
613	175	281	-17	640	670	10	286	0	53
614	6	168	-21	744	774	10	44	0	62
615	283	144	-6	133	163	10	480	0	2
616	232	45	-15	812	842	10	543	0	70
617	159	199	-12	0	1147	10	463	0	109
618	72	286	-17	0	1040	10	30	0	88
619	296	235	-25	560	590	10	165	0	42
620	263	193	-29	0	1076	10	252	0	95
621	119	183	-6	567	597	10	590	0	55
622	180	106	-19	0	1143	10	413	0	108
623	160	179	-32	0	1166	10	172	0	113
624	246	123	-18	0	1097	10	511	0	99

