50	200	1
0	70	70	0	0	1351	0	0	0
1	33	78	-10	690	870	90	166	0	181
2	59	52	20	487	667	0	0	214	322
3	10	137	30	93	273	90	0	157	91
4	4	28	-10	549	729	90	82	0	92
5	25	26	20	64	244	90	0	46	90
6	86	37	10	415	595	90	0	139	279
7	1	109	10	558	738	0	0	204	329
8	6	135	40	279	459	90	0	98	183
9	32	79	20	598	778	90	0	99	369
10	24	26	20	155	335	90	0	95	135
11	86	36	20	324	504	90	0	122	233
12	95	35	-20	134	314	90	73	0	89
13	63	50	-10	300	480	90	175	0	183
14	100	106	-20	506	686	90	30	0	89
15	99	112	-10	788	968	90	153	0	272
16	36	135	-10	543	723	90	22	0	227
17	57	59	-30	767	947	90	33	0	319
18	8	124	10	174	354	90	0	181	135
19	85	106	20	130	310	90	0	192	135
20	103	69	30	33	213	90	0	172	89
21	109	131	20	72	252	90	0	195	89
22	43	140	10	350	530	90	0	16	227
23	115	134	30	79	259	90	0	145	90
24	98	70	10	399	579	90	0	100	275
25	112	67	-20	408	588	90	41	0	89
26	102	104	20	139	319	90	0	152	136
27	93	75	30	118	298	90	0	154	137
28	90	104	20	787	967	90	0	149	463
29	127	108	10	620	800	90	0	87	365
30	84	99	20	32	212	90	0	14	89
31	113	69	-20	315	495	90	85	0	134
32	129	9	10	84	264	90	0	136	89
33	18	38	30	520	700	90	0	17	319
34	30	27	-10	714	894	90	128	0	272
35	25	80	-20	320	500	90	119	0	135
36	17	37	-20	428	608	90	143	0	181
37	32	106	-10	539	719	90	199	0	286
38	43	135	10	164	344	90	0	142	136
39	61	59	-20	861	1041	90	43	0	274
40	104	106	-10	322	502	90	48	0	90
41	109	71	20	39	219	90	0	25	89
42	121	110	-10	806	986	90	170	0	89
43	61	48	20	393	573	90	0	39	274
44	74	99	-30	119	299	90	131	0	89
45	89	73	10	19	199	90	0	178	45
46	21	25	-20	339	519	90	5	0	90
47	99	28	30	327	507	0	0	213	227
48	101	96	10	41	221	90	0	40	90
49	9	114	20	839	1019	90	0	183	447
50	121	112	20	159	339	90	0	112	136
51	137	6	-30	555	735	90	171	0	90
52	118	131	-20	729	909	90	194	0	275
53	34	82	-20	874	1054	90	71	0	322
54	4	125	30	268	448	90	0	132	181
55	26	105	40	57	237	90	0	184	90
56	35	123	-10	1018	1198	90	114	0	89
57	21	48	10	53	233	0	0	212	89
58	21	115	10	251	431	0	0	210	182
59	99	108	-20	882	1062	90	89	0	365
60	1	34	20	77	257	90	0	125	89
61	94	70	20	493	673	90	0	64	324
62	74	93	20	23	203	90	0	68	89
63	32	128	-20	1011	1191	90	140	0	370
64	94	73	-20	676	856	90	61	0	324
65	135	3	20	185	365	90	0	115	135
66	97	28	-30	50	230	90	164	0	44
67	59	56	20	673	853	90	0	107	417
68	80	97	-20	397	577	90	62	0	89
69	134	31	-30	447	627	90	197	0	135
70	103	34	-40	516	696	90	160	0	181
71	30	79	20	506	686	90	0	53	322
72	4	30	-10	641	821	90	191	0	230
73	87	39	20	35	215	90	0	12	89
74	90	101	-10	880	1060	90	96	0	369
75	119	136	30	269	449	90	0	92	183
76	78	92	30	492	672	0	0	203	324
77	110	66	-10	590	770	90	80	0	179
78	62	58	20	111	291	90	0	90	138
79	127	112	20	526	706	90	0	123	317
80	113	71	10	223	403	90	0	77	179
81	34	104	-20	632	812	90	135	0	137
82	2	28	10	84	264	90	0	4	92
83	17	43	-20	152	332	90	118	0	91
84	1	24	-30	269	449	90	180	0	136
85	112	71	20	132	312	90	0	31	134
86	135	0	10	278	458	90	0	94	181
87	125	108	-10	712	892	90	29	0	365
88	8	138	-10	185	365	90	177	0	89
89	103	111	20	603	783	90	0	59	365
90	57	53	-20	579	759	90	78	0	138
91	98	31	-10	420	600	90	147	0	135
92	116	132	-30	822	1002	90	75	0	183
93	28	99	10	51	231	90	0	137	89
94	137	3	-10	462	642	90	86	0	181
95	29	28	-20	805	985	90	10	0	135
96	94	105	10	602	782	90	0	74	369
97	92	107	30	408	588	90	0	130	272
98	10	134	-40	563	743	90	8	0	183
99	34	79	-20	781	961	90	9	0	369
100	94	72	-10	585	765	90	24	0	275
101	35	76	10	35	215	90	0	144	45
102	76	99	20	211	391	90	0	146	180
103	127	28	-20	71	251	90	148	0	44
104	8	119	20	79	259	90	0	117	89
105	102	110	-20	694	874	90	169	0	318
106	24	24	10	525	705	0	0	206	319
107	64	61	-20	954	1134	90	67	0	417
108	22	38	-10	886	1066	90	165	0	411
109	88	72	30	862	1042	0	0	209	511
110	107	63	30	684	864	90	0	162	413
111	33	131	30	918	1098	0	0	211	513
112	123	112	-20	342	522	90	50	0	136
113	67	55	10	15	195	90	0	155	45
114	39	128	10	65	245	90	0	56	89
115	136	0	-20	369	549	90	65	0	135
116	93	36	20	42	222	90	0	129	90
117	7	115	-20	746	926	90	104	0	89
118	21	44	20	58	238	90	0	83	91
119	28	74	20	134	314	90	0	35	135
120	86	102	10	36	216	90	0	196	90
121	19	37	-20	611	791	90	176	0	227
122	84	36	-20	507	687	90	11	0	233
123	118	108	-20	900	1080	90	79	0	317
124	132	24	10	258	438	90	0	141	180
125	6	25	-20	455	635	90	60	0	89
126	28	78	10	414	594	0	0	207	275
127	2	132	-20	465	645	90	186	0	229
128	22	22	10	432	612	90	0	34	272
129	88	35	-20	231	411	90	116	0	90
130	94	104	-30	693	873	90	97	0	272
131	74	96	30	26	206	90	0	44	89
132	0	117	-30	460	640	90	54	0	181
133	99	96	10	38	218	90	0	198	89
134	119	114	20	66	246	90	0	168	90
135	28	107	20	150	330	90	0	81	137
136	133	12	-10	746	926	90	32	0	89
137	35	102	-10	817	997	90	93	0	89
138	36	105	20	724	904	0	0	202	427
139	84	39	-10	600	780	90	6	0	279
140	34	138	20	637	817	90	0	63	370
141	136	29	-10	354	534	90	124	0	180
142	33	133	-10	826	1006	90	38	0	136
143	16	39	20	246	426	90	0	36	181
144	32	77	-10	39	219	90	101	0	45
145	122	131	-30	545	725	90	23	0	90
146	77	100	-20	303	483	90	102	0	180
147	96	26	10	142	322	90	0	91	135
148	127	29	20	70	250	90	0	103	44
149	91	95	-20	976	1156	90	28	0	463
150	42	136	10	256	436	90	0	151	182
151	36	132	-10	450	630	90	150	0	182
152	103	106	-20	231	411	90	26	0	136
153	107	105	10	415	595	90	0	15	272
154	96	74	-30	304	484	90	27	0	137
155	63	57	-10	20	200	90	113	0	45
156	122	113	20	250	430	0	0	208	181
157	14	131	-30	658	838	90	3	0	91
158	30	31	-20	898	1078	90	193	0	181
159	40	132	20	70	250	90	0	187	90
160	99	26	40	235	415	90	0	70	181
161	10	118	10	76	256	90	0	185	89
162	102	60	-30	780	960	90	110	0	413
163	120	136	-20	360	540	90	182	0	135
164	97	29	30	49	229	90	0	66	44
165	19	39	10	703	883	90	0	108	411
166	27	77	10	227	407	90	0	1	181
167	30	24	-20	621	801	90	190	0	89
168	126	112	-20	435	615	90	134	0	90
169	105	110	20	511	691	90	0	105	318
170	118	114	10	65	245	90	0	42	89
171	135	6	30	92	272	90	0	51	90
172	111	66	-30	499	679	90	20	0	89
173	95	77	10	211	391	90	0	179	182
174	139	10	30	649	829	90	0	189	368
175	61	54	10	205	385	90	0	13	183
176	16	38	20	337	517	90	0	121	227
177	16	138	10	86	266	90	0	88	89
178	91	78	-10	25	205	90	45	0	45
179	91	71	-10	769	949	90	173	0	182
180	0	27	30	176	356	90	0	84	136
181	6	113	-10	654	834	90	18	0	135
182	119	139	20	176	356	90	0	163	135
183	35	99	-20	910	1090	90	49	0	447
184	31	112	-40	351	531	90	55	0	90
185	5	119	-10	364	544	90	161	0	89
186	3	135	20	372	552	90	0	127	229
187	30	136	-20	731	911	90	159	0	90
188	20	39	10	794	974	0	0	205	457
189	131	11	-30	838	1018	90	174	0	368
190	28	33	20	55	235	90	0	167	89
191	4	23	10	362	542	90	0	72	230
192	87	108	-20	223	403	90	19	0	135
193	21	26	20	248	428	90	0	158	181
194	121	134	20	452	632	90	0	52	275
195	119	130	-20	638	818	90	21	0	89
196	91	108	-10	317	497	90	120	0	90
197	130	27	30	164	344	90	0	69	135
198	101	107	-10	974	1154	90	133	0	89
199	34	108	10	446	626	90	0	37	286
200	131	31	20	540	720	0	0	201	323
201	131	31	-20	540	720	90	200	0	323
202	36	105	-20	724	904	90	138	0	427
203	78	92	-30	492	672	90	76	0	324
204	1	109	-10	558	738	90	7	0	329
205	20	39	-10	794	974	90	188	0	457
206	24	24	-10	525	705	90	106	0	319
207	28	78	-10	414	594	90	126	0	275
208	122	113	-20	250	430	90	156	0	181
209	88	72	-30	862	1042	90	109	0	511
210	21	115	-10	251	431	90	58	0	182
211	33	131	-30	918	1098	90	111	0	513
212	21	48	-10	53	233	90	57	0	89
213	99	28	-30	327	507	90	47	0	227
214	59	52	-20	487	667	90	2	0	322

