50	700	1
0	70	70	0	0	3598	0	0	0
1	38	105	-10	2808	2968	90	169	0	1318
2	100	5	20	668	828	90	0	25	756
3	111	78	10	1021	1181	90	0	179	1139
4	96	62	-20	2817	2977	90	19	0	2037
5	122	11	30	1922	2082	90	0	194	2003
6	94	18	30	273	433	0	0	203	375
7	60	89	-30	2597	2757	90	63	0	372
8	67	123	20	906	1066	90	0	87	1012
9	99	53	20	1817	1977	90	0	11	1943
10	26	24	20	173	333	90	0	182	269
11	93	61	-20	2910	3070	90	9	0	1943
12	27	32	20	1209	1369	90	0	130	1311
13	25	31	20	1117	1277	90	0	32	1217
14	98	36	-20	3082	3242	90	127	0	1911
15	101	68	-30	917	1077	90	65	0	747
16	49	48	-30	1403	1563	90	94	0	555
17	56	95	-20	2500	2660	90	60	0	1153
18	14	107	20	835	995	90	0	57	927
19	98	46	20	1914	2074	90	0	4	2037
20	131	4	-20	1637	1797	90	90	0	1516
21	94	89	-30	2795	2955	90	75	0	2602
22	70	113	-20	1301	1461	90	98	0	814
23	94	59	-20	3002	3162	90	189	0	1340
24	64	59	10	1920	2080	90	0	49	2067
25	112	3	-20	1345	1505	90	2	0	756
26	20	108	-10	739	899	90	137	0	277
27	10	118	-10	1516	1676	90	140	0	744
28	76	65	40	7	167	90	0	171	159
29	103	12	20	571	731	90	0	193	664
30	44	62	30	1117	1277	90	0	133	1249
31	96	138	-30	1988	2148	90	102	0	724
32	27	44	-20	1406	1566	90	13	0	1217
33	21	28	-10	1022	1182	90	132	0	173
34	26	91	-20	3101	3261	90	53	0	1689
35	98	75	-40	723	883	90	188	0	169
36	69	48	-20	3120	3280	90	200	0	463
37	19	116	-10	2016	2176	90	174	0	556
38	60	111	-20	426	586	90	40	0	260
39	54	102	20	233	393	90	0	150	357
40	63	103	20	134	294	90	0	38	260
41	91	91	10	424	584	90	0	116	554
42	77	15	10	67	227	90	0	80	171
43	77	117	-10	1582	1742	90	119	0	453
44	115	41	-10	2688	2848	90	71	0	1819
45	12	33	-30	831	991	90	93	0	634
46	44	82	20	802	962	90	0	122	933
47	117	55	20	1334	1494	90	0	79	1444
48	116	10	-10	1156	1316	90	184	0	482
49	57	77	-10	2120	2280	90	24	0	2067
50	29	36	20	1504	1664	90	0	96	1610
51	90	91	10	2889	3049	0	0	201	3020
52	62	73	-20	3070	3230	90	72	0	1738
53	6	121	20	1611	1771	90	0	34	1689
54	105	49	-20	2324	2484	90	175	0	1561
55	28	115	10	2404	2564	90	0	111	2502
56	4	137	-10	1718	1878	90	164	0	459
57	11	100	-20	933	1093	90	18	0	927
58	67	84	30	2877	3037	90	0	66	3022
59	23	22	20	357	517	90	0	112	449
60	41	64	20	1023	1183	90	0	17	1153
61	56	56	-30	1503	1663	90	173	0	461
62	80	40	-10	1712	1872	90	187	0	1031
63	60	66	30	223	383	90	0	7	372
64	16	90	20	78	238	90	0	131	180
65	104	82	30	624	784	90	0	15	747
66	64	78	-30	2974	3134	90	58	0	3022
67	47	36	20	41	201	90	0	153	159
68	46	80	-20	3322	3482	90	135	0	2819
69	86	124	20	1781	1941	90	0	172	1884
70	48	72	-20	608	768	90	136	0	159
71	121	9	10	1739	1899	90	0	44	1819
72	60	52	20	1599	1759	90	0	52	1738
73	25	46	20	1313	1473	90	0	109	1422
74	26	15	20	1999	2159	90	0	120	2088
75	98	116	30	2496	2656	90	0	21	2602
76	66	131	10	808	968	90	0	181	906
77	15	30	20	925	1085	90	0	125	1016
78	66	117	-10	1002	1162	90	167	0	170
79	111	70	-20	2710	2870	90	47	0	1444
80	123	19	-10	2211	2371	90	42	0	171
81	17	18	-10	2191	2351	90	86	0	544
82	57	87	10	2402	2562	90	0	105	2540
83	102	33	-10	2987	3147	90	106	0	2895
84	7	113	10	1421	1581	90	0	123	1504
85	37	115	20	2503	2663	90	0	114	2607
86	17	25	10	454	614	90	0	81	544
87	83	105	-20	2298	2458	90	8	0	1012
88	51	115	-30	2607	2767	90	185	0	1893
89	96	55	20	1629	1789	90	0	195	1758
90	112	2	20	1436	1596	90	0	20	1516
91	116	23	20	2489	2649	90	0	197	2582
92	57	70	-20	2023	2183	90	99	0	655
93	15	23	30	547	707	90	0	45	634
94	45	68	30	421	581	90	0	16	555
95	19	41	10	2986	3146	90	0	129	3087
96	38	16	-20	1616	1776	90	50	0	1610
97	81	135	20	1883	2043	90	0	163	1977
98	62	128	20	713	873	90	0	22	814
99	49	70	20	516	676	90	0	92	655
100	24	19	-30	2094	2254	90	103	0	1900
101	119	20	-10	2395	2555	90	138	0	852
102	62	125	30	620	780	90	0	31	724
103	29	10	30	1813	1973	90	0	100	1900
104	13	80	30	57	217	90	0	157	159
105	65	73	-10	3163	3323	90	82	0	2540
106	109	25	10	2795	2955	90	0	83	2895
107	91	71	-20	220	380	90	196	0	169
108	47	57	30	1213	1373	90	0	160	1346
109	9	42	-20	2689	2849	90	73	0	1422
110	96	23	30	177	337	90	0	148	283
111	26	102	-10	2910	3070	90	55	0	2502
112	4	15	-20	2391	2551	90	59	0	449
113	3	98	10	1031	1191	90	0	121	1118
114	35	88	-20	3298	3458	90	85	0	2607
115	18	107	10	555	715	90	0	180	651
116	95	68	-10	821	981	90	41	0	554
117	58	85	10	2310	2470	90	0	165	2450
118	11	23	10	641	801	90	0	139	725
119	61	107	10	332	492	90	0	43	453
120	3	17	-20	2483	2643	90	74	0	2088
121	26	104	-10	2211	2371	90	113	0	1118
122	74	56	-20	1819	1979	90	46	0	933
123	24	105	-10	2118	2278	90	84	0	1504
124	30	106	-30	2305	2465	90	198	0	367
125	4	33	-20	2589	2749	90	77	0	1016
126	106	0	10	960	1120	90	0	159	1041
127	120	10	20	1830	1990	90	0	14	1911
128	106	5	-10	1055	1215	90	143	0	950
129	30	58	-10	3096	3256	90	95	0	3087
130	9	9	-20	2293	2453	90	12	0	1311
131	7	92	-20	1128	1288	90	64	0	180
132	50	29	10	59	219	90	0	33	173
133	46	52	-30	1308	1468	90	30	0	1249
134	70	110	-10	1208	1368	90	178	0	159
135	37	111	20	2712	2872	90	0	68	2819
136	75	64	20	7	167	90	0	70	159
137	20	93	10	173	333	90	0	26	277
138	94	1	10	766	926	90	0	101	852
139	41	12	-10	1711	1871	90	118	0	725
140	20	109	10	648	808	90	0	27	744
141	28	14	20	1907	2067	90	0	149	1997
142	87	63	30	121	281	90	0	161	262
143	101	4	10	863	1023	90	0	128	950
144	80	22	10	49	209	90	0	158	159
145	117	10	10	1247	1407	90	0	190	1330
146	103	33	10	2018	2178	0	0	202	2128
147	104	51	20	2416	2576	90	0	156	2537
148	103	19	-30	474	634	90	110	0	283
149	7	52	-20	2790	2950	90	141	0	1997
150	73	119	-20	1487	1647	90	39	0	357
151	79	128	-20	1683	1843	90	177	0	1235
152	10	50	20	2883	3043	0	0	204	2979
153	26	23	-20	264	424	90	67	0	159
154	95	103	-10	2691	2851	90	191	0	1507
155	101	59	-20	1533	1693	90	183	0	654
156	113	67	-20	2616	2776	90	147	0	2537
157	25	94	-30	3008	3168	90	104	0	159
158	120	20	-10	2304	2464	90	144	0	159
159	105	26	-10	2889	3049	90	126	0	1041
160	59	77	-30	2212	2372	90	108	0	1346
161	116	34	-30	2216	2376	90	142	0	262
162	45	71	10	701	861	90	0	170	835
163	86	109	-20	2393	2553	90	97	0	1977
164	15	96	10	360	520	90	0	56	459
165	64	88	-10	2782	2942	90	117	0	2450
166	60	115	20	520	680	90	0	168	633
167	63	100	10	41	201	90	0	78	170
168	94	104	-20	2599	2759	90	166	0	633
169	8	102	10	1228	1388	90	0	1	1318
170	64	89	-10	2691	2851	90	162	0	835
171	61	66	-40	132	292	90	28	0	159
172	95	121	-20	2188	2348	90	69	0	1884
173	47	63	30	326	486	90	0	61	461
174	19	96	10	454	614	90	0	37	556
175	103	55	20	1438	1598	90	0	54	1561
176	36	94	-20	3202	3362	90	192	0	1412
177	75	103	20	1109	1269	90	0	151	1235
178	65	80	10	11	171	90	0	134	159
179	94	56	-10	1721	1881	90	3	0	1139
180	18	123	-10	1919	2079	90	115	0	651
181	92	123	-10	2094	2254	90	76	0	906
182	12	31	-20	739	899	90	10	0	269
183	106	81	20	532	692	90	0	155	654
184	98	28	10	373	533	90	0	48	482
185	14	133	30	1818	1978	90	0	88	1893
186	101	32	-10	2111	2271	90	199	0	1229
187	25	66	10	917	1077	90	0	62	1031
188	78	61	40	22	182	90	0	35	169
189	123	64	20	1234	1394	90	0	23	1340
190	126	20	-10	2117	2277	90	145	0	1330
191	72	117	10	1395	1555	90	0	154	1507
192	10	105	20	1322	1482	90	0	176	1412
193	128	0	-20	1542	1702	90	29	0	664
194	130	16	-30	2022	2182	90	5	0	2003
195	114	63	-20	2522	2682	90	89	0	1758
196	80	63	20	22	182	90	0	107	169
197	113	36	-20	2592	2752	90	91	0	2582
198	15	94	30	268	428	90	0	124	367
199	129	77	10	1129	1289	90	0	186	1229
200	85	85	20	325	485	90	0	36	463
201	90	91	-10	2889	3049	90	51	0	3020
202	103	33	-10	2018	2178	90	146	0	2128
203	94	18	-30	273	433	90	6	0	375
204	10	50	-20	2883	3043	90	152	0	2979

