50	200	1
0	70	70	0	0	634	0	0	0
1	107	77	34	0	587	10	0	181	124
2	109	139	-18	123	133	10	53	0	21
3	120	22	39	124	134	10	0	86	32
4	48	47	19	31	41	10	0	184	4
5	116	22	32	148	158	10	0	91	45
6	12	138	14	285	295	10	0	177	102
7	86	40	-11	0	590	10	153	0	20
8	121	124	-15	160	170	10	145	0	9
9	61	57	-15	385	395	10	182	0	135
10	40	113	-16	487	497	10	196	0	4
11	129	24	-13	0	550	10	50	0	221
12	12	84	16	209	219	10	0	74	79
13	44	116	-5	0	572	10	163	0	77
14	102	52	-12	0	588	10	131	0	58
15	41	36	-30	61	71	10	46	0	4
16	132	133	-4	150	160	10	87	0	4
17	104	139	-25	346	356	10	192	0	134
18	104	54	13	63	73	10	0	143	17
19	22	104	-15	241	251	10	65	0	71
20	46	133	-21	86	96	10	194	0	7
21	138	78	-10	212	222	10	26	0	18
22	16	92	-19	369	379	10	94	0	56
23	18	104	-24	347	357	10	178	0	116
24	66	82	-15	511	521	10	111	0	178
25	107	25	-17	284	294	10	41	0	23
26	139	73	10	97	107	10	0	21	18
27	101	0	-20	0	548	10	133	0	63
28	90	14	-6	0	565	10	67	0	19
29	20	69	13	388	398	10	0	43	173
30	64	132	8	67	77	10	0	127	7
31	115	82	-20	277	287	10	176	0	78
32	54	106	9	0	585	10	0	138	140
33	30	21	-9	332	342	10	188	0	12
34	63	129	-32	216	226	10	73	0	5
35	82	100	18	114	124	10	0	90	45
36	108	30	18	106	116	10	0	116	30
37	37	73	-3	0	591	10	175	0	120
38	50	112	18	242	252	10	0	62	102
39	47	83	-20	328	338	10	93	0	11
40	92	138	12	412	422	10	0	105	175
41	81	36	17	72	82	10	0	25	23
42	115	124	11	421	431	0	0	209	180
43	13	48	-13	430	440	10	29	0	173
44	113	35	9	60	70	10	0	172	7
45	60	84	-20	492	502	10	99	0	207
46	44	58	30	28	38	10	0	15	4
47	8	87	-4	411	421	10	85	0	7
48	116	105	23	154	164	10	0	78	53
49	117	4	9	0	543	0	0	202	230
50	140	42	13	0	549	10	0	11	221
51	139	68	25	88	98	10	0	160	14
52	58	95	-19	495	505	10	124	0	120
53	103	119	18	0	565	10	0	2	21
54	32	52	32	161	171	10	0	125	64
55	89	39	23	36	46	10	0	195	4
56	54	41	-35	0	591	10	151	0	89
57	39	100	31	76	86	10	0	118	21
58	5	99	-10	0	553	10	189	0	205
59	67	96	-21	0	598	10	165	0	109
60	73	96	9	0	598	0	0	208	285
61	112	13	-13	535	545	10	180	0	124
62	55	127	-18	268	278	10	38	0	102
63	103	44	12	42	52	10	0	156	4
64	97	12	-36	216	226	10	68	0	53
65	16	62	15	0	570	10	0	19	71
66	140	36	-18	186	196	10	158	0	4
67	90	44	6	62	72	10	0	28	19
68	113	32	36	154	164	10	0	64	53
69	104	73	17	259	269	10	0	103	117
70	36	38	5	448	458	10	0	107	205
71	15	4	23	111	121	10	0	186	17
72	54	33	-20	0	584	10	157	0	4
73	70	94	32	24	34	10	0	34	5
74	35	90	-16	456	466	10	12	0	79
75	88	29	-13	570	580	10	130	0	229
76	109	131	16	236	246	10	0	121	86
77	10	111	-3	503	513	10	98	0	90
78	138	105	-23	413	423	10	48	0	53
79	113	45	4	309	319	10	0	197	134
80	92	22	-5	0	572	10	117	0	231
81	85	75	-19	0	609	10	187	0	227
82	10	86	14	421	431	0	0	207	184
83	51	92	9	458	468	0	0	204	219
84	46	112	10	296	306	10	0	88	128
85	12	48	4	68	78	10	0	47	7
86	137	7	-39	166	176	10	3	0	32
87	79	80	4	13	23	10	0	16	4
88	69	116	-10	354	364	10	84	0	128
89	28	62	-15	206	216	10	164	0	78
90	50	106	-18	0	583	10	35	0	45
91	83	38	-32	486	496	10	5	0	45
92	120	102	18	107	117	0	0	210	28
93	65	0	20	84	94	10	0	39	11
94	4	71	19	170	180	10	0	22	56
95	19	120	16	271	281	10	0	173	104
96	18	70	26	401	411	10	0	191	179
97	58	80	-16	470	480	10	147	0	182
98	49	140	3	244	254	10	0	77	90
99	69	115	20	0	579	10	0	45	207
100	36	124	-13	0	561	10	104	0	96
101	84	88	-17	366	376	10	134	0	138
102	17	138	8	443	453	0	0	205	183
103	103	82	-17	336	346	10	69	0	117
104	38	122	13	244	254	10	0	100	96
105	70	83	-12	495	505	10	40	0	175
106	29	60	14	42	52	10	0	108	4
107	61	34	-5	483	493	10	70	0	205
108	54	78	-14	560	570	10	106	0	4
109	83	12	-18	240	250	10	137	0	52
110	34	72	-7	559	569	10	141	0	243
111	80	103	15	382	392	10	0	24	178
112	78	111	-15	0	583	10	152	0	256
113	116	83	-13	0	577	10	148	0	190
114	29	94	-15	0	577	10	128	0	221
115	137	137	27	110	120	10	0	146	12
116	110	28	-18	315	325	10	36	0	30
117	116	13	5	0	551	10	0	80	231
118	59	115	-31	324	334	10	57	0	21
119	71	70	-23	490	500	10	126	0	143
120	120	60	18	64	74	10	0	123	11
121	85	111	-16	0	581	10	76	0	86
122	121	123	-16	0	551	10	161	0	233
123	137	84	-18	114	124	10	120	0	11
124	103	86	19	268	278	10	0	52	120
125	30	57	-32	240	250	10	54	0	64
126	139	72	23	347	357	10	0	119	143
127	2	106	-8	0	548	10	30	0	7
128	64	138	15	0	556	10	0	114	221
129	23	39	20	0	568	10	0	144	151
130	126	23	13	0	551	10	0	75	229
131	138	24	12	190	200	10	0	14	58
132	78	63	19	10	20	10	0	154	4
133	98	4	20	188	198	10	0	27	63
134	103	77	17	301	311	10	0	101	138
135	58	11	-8	137	147	10	199	0	19
136	26	130	20	278	288	10	0	159	106
137	104	32	18	145	155	10	0	109	52
138	55	102	-9	325	335	10	32	0	140
139	137	101	-21	0	551	10	169	0	136
140	65	80	20	11	21	10	0	183	4
141	26	50	7	0	576	10	0	110	243
142	56	139	18	320	330	10	0	198	129
143	119	73	-13	127	137	10	18	0	17
144	9	19	-20	383	393	10	129	0	151
145	82	103	15	45	55	10	0	8	9
146	107	102	-27	0	576	10	115	0	12
147	60	23	16	0	576	10	0	97	182
148	123	84	13	426	436	10	0	113	190
149	79	72	-31	0	615	10	170	0	127
150	99	34	-8	0	578	10	155	0	4
151	27	46	35	219	229	10	0	56	89
152	64	115	15	0	579	10	0	112	256
153	32	6	11	105	115	10	0	7	20
154	86	80	-19	384	394	10	132	0	4
155	81	57	8	17	27	10	0	150	4
156	135	65	-12	349	359	10	63	0	4
157	66	40	20	30	40	10	0	72	4
158	120	47	18	55	65	10	0	66	4
159	37	125	-20	353	363	10	136	0	106
160	120	14	-25	269	279	10	51	0	14
161	114	109	16	0	566	10	0	122	233
162	137	127	28	206	216	10	0	171	64
163	37	138	5	220	230	10	0	13	77
164	36	54	15	0	587	10	0	89	78
165	109	78	21	248	258	10	0	59	109
166	34	20	15	161	171	10	0	167	54
167	39	13	-15	386	396	10	166	0	54
168	137	96	9	71	81	10	0	185	4
169	110	99	21	313	323	10	0	139	136
170	136	123	31	329	339	10	0	149	127
171	133	130	-28	232	242	10	162	0	64
172	120	52	-9	384	394	10	44	0	7
173	33	117	-16	0	565	10	95	0	104
174	37	79	5	438	448	0	0	203	206
175	60	54	3	249	259	10	0	37	120
176	125	68	20	202	212	10	0	31	78
177	13	129	-14	361	371	10	6	0	102
178	20	106	24	285	295	10	0	23	116
179	15	9	-16	420	430	10	193	0	61
180	106	10	13	309	319	10	0	61	124
181	100	99	-34	309	319	10	1	0	124
182	89	24	15	311	321	10	0	9	135
183	67	120	-20	369	379	10	140	0	4
184	42	29	-19	70	80	10	4	0	4
185	117	92	-9	0	573	10	168	0	4
186	15	18	-23	0	549	10	71	0	17
187	139	110	19	0	545	10	0	81	227
188	44	36	9	58	68	10	0	33	12
189	8	138	10	0	532	10	0	58	205
190	33	0	20	492	502	0	0	206	211
191	4	44	-26	0	554	10	96	0	179
192	97	115	25	0	572	10	0	17	134
193	23	19	16	182	192	10	0	179	61
194	56	129	21	0	564	10	0	20	7
195	105	2	-23	234	244	10	55	0	4
196	66	91	16	21	31	10	0	10	4
197	93	61	-4	531	541	10	79	0	134
198	27	104	-18	512	522	10	142	0	129
199	69	6	8	93	103	10	0	135	19
200	95	135	27	411	421	0	0	201	175
201	95	135	-27	411	421	10	200	0	175
202	117	4	-9	0	543	10	49	0	230
203	37	79	-5	438	448	10	174	0	206
204	51	92	-9	458	468	10	83	0	219
205	17	138	-8	443	453	10	102	0	183
206	33	0	-20	492	502	10	190	0	211
207	10	86	-14	421	431	10	82	0	184
208	73	96	-9	0	598	10	60	0	285
209	115	124	-11	421	431	10	42	0	180
210	120	102	-18	107	117	10	92	0	28

