50	1000	1
0	70	70	0	0	2535	0	0	0
1	101	0	-16	1782	2321	10	170	0	238
2	26	50	7	1442	1778	10	0	39	432
3	30	57	-30	723	1239	10	34	0	87
4	29	60	-22	42	312	10	56	0	51
5	69	116	26	1383	1492	10	0	111	361
6	137	137	-16	319	598	10	183	0	103
7	103	119	-3	1106	1686	10	144	0	290
8	78	111	22	41	315	10	0	30	68
9	107	25	13	980	1330	10	0	129	317
10	17	138	8	1461	2120	10	0	85	508
11	37	138	-16	627	1170	10	95	0	133
12	20	69	13	1317	1828	10	0	87	444
13	121	123	-43	769	1408	10	178	0	243
14	22	104	-15	791	1178	10	94	0	155
15	137	7	-1	574	793	10	132	0	169
16	50	106	-17	1230	1452	10	166	0	305
17	46	112	10	1025	1383	10	0	66	278
18	79	72	22	9	93	10	0	193	20
19	104	32	18	462	736	10	0	171	171
20	8	87	-27	1424	1906	10	79	0	95
21	109	139	-15	227	796	10	45	0	65
22	80	103	-25	1141	1955	10	122	0	324
23	78	63	19	10	226	10	0	134	53
24	95	135	-18	1562	1762	10	143	0	109
25	37	79	-24	1719	1829	10	182	0	414
26	64	132	-20	198	382	10	91	0	69
27	133	130	-20	701	1198	10	191	0	265
28	39	13	-15	1378	1749	10	82	0	415
29	120	14	20	976	1213	10	0	160	284
30	10	86	-22	1431	1974	10	8	0	68
31	140	42	13	256	668	10	0	120	148
32	121	124	-41	550	769	10	167	0	103
33	42	29	12	222	379	10	0	177	82
34	44	58	30	28	380	10	0	3	87
35	32	6	-16	285	596	10	179	0	100
36	41	36	-6	97	435	10	47	0	85
37	106	10	13	1126	1384	10	0	159	324
38	107	102	12	632	1241	10	0	150	191
39	83	38	-7	1647	2285	10	2	0	432
40	132	133	24	414	824	10	0	93	183
41	81	57	8	17	482	10	0	76	116
42	120	52	-12	1465	1649	10	77	0	94
43	113	32	-32	431	841	10	103	0	153
44	137	101	12	470	1005	10	0	151	156
45	82	103	15	100	298	10	0	21	65
46	10	111	-24	1887	2176	10	189	0	403
47	90	44	6	32	682	10	0	36	85
48	139	73	10	150	667	10	0	148	149
49	89	24	15	989	1539	10	0	136	372
50	64	138	-34	1742	1897	10	60	0	103
51	98	4	20	606	935	10	0	185	215
52	61	34	-21	1703	2197	10	157	0	348
53	60	84	-9	1790	2183	10	169	0	522
54	13	48	-17	1554	1929	10	69	0	331
55	84	88	16	1455	1514	10	0	109	372
56	86	40	22	34	289	10	0	4	51
57	69	115	-25	630	1213	10	71	0	129
58	59	115	-16	1248	1382	10	105	0	286
59	105	2	1	597	1312	10	0	127	308
60	107	77	34	37	451	10	0	50	103
61	104	54	13	184	357	10	0	146	79
62	54	33	20	40	415	10	0	104	93
63	32	52	32	384	944	10	0	165	225
64	37	125	10	1199	1668	10	0	84	318
65	99	34	9	274	453	10	0	118	101
66	38	122	-10	805	1187	10	17	0	278
67	85	75	37	15	546	10	0	88	132
68	109	131	-30	913	1017	10	200	0	204
69	103	77	17	1087	1358	10	0	54	331
70	47	83	-1	1085	1576	10	180	0	330
71	139	68	25	159	587	10	0	57	129
72	88	29	-10	2146	2481	10	108	0	446
73	39	100	31	98	550	10	0	121	126
74	48	47	-17	31	566	10	199	0	121
75	104	73	17	759	1355	10	0	184	205
76	9	19	-8	1360	1742	10	41	0	116
77	103	44	12	42	420	10	0	42	94
78	73	96	-32	659	790	10	181	0	89
79	44	116	27	111	433	10	0	20	95
80	71	70	-9	1683	2280	10	155	0	455
81	83	12	29	813	1148	10	0	126	272
82	36	54	15	1305	1790	10	0	28	415
83	16	92	-14	1337	1653	10	130	0	285
84	56	139	-10	1227	1371	10	64	0	318
85	27	104	-8	1938	2200	10	10	0	508
86	67	96	-5	1909	2147	10	139	0	78
87	34	72	-13	1768	2489	10	12	0	444
88	120	22	-37	340	692	10	67	0	132
89	54	106	9	1000	1475	10	0	174	358
90	63	129	-20	762	1008	10	164	0	34
91	33	117	20	59	840	10	0	26	69
92	102	52	15	567	824	10	0	107	196
93	13	129	-24	1180	1750	10	40	0	183
94	34	20	15	641	683	10	0	14	155
95	114	109	16	147	591	10	0	11	133
96	86	80	21	1343	1772	10	0	190	438
97	33	0	-3	1749	2231	10	141	0	327
98	18	104	-34	1152	1661	10	142	0	260
99	70	83	-25	1895	2104	10	156	0	385
100	12	48	4	62	614	10	0	162	137
101	139	72	-13	1244	1572	10	147	0	330
102	109	78	21	820	1201	10	0	163	290
103	116	22	32	540	681	10	0	43	153
104	27	46	-20	673	1118	10	62	0	93
105	19	120	16	992	1218	10	0	58	286
106	23	39	-19	1426	1507	10	135	0	199
107	110	99	-15	1145	1397	10	92	0	196
108	15	18	10	1458	1862	10	0	72	446
109	18	70	-16	1410	1837	10	55	0	372
110	16	62	-5	1440	1848	10	173	0	422
111	61	57	-26	1392	1727	10	5	0	361
112	123	84	-29	1613	1838	10	187	0	395
113	37	73	33	1307	1501	10	0	115	366
114	115	124	11	1499	1909	10	0	154	459
115	93	61	-33	1871	2418	10	113	0	366
116	89	39	23	36	431	10	0	188	98
117	65	0	-8	106	607	10	137	0	131
118	108	30	-9	70	815	10	65	0	101
119	120	60	18	129	424	10	0	158	93
120	92	22	-13	601	1039	10	31	0	148
121	2	106	-31	1441	1774	10	73	0	126
122	117	92	25	1033	1350	10	0	22	324
123	26	130	-18	945	1315	10	133	0	243
124	85	111	25	1054	1090	10	0	196	261
125	113	45	4	1063	1449	10	0	138	349
126	40	113	-29	1660	2273	10	81	0	272
127	138	105	-1	1568	1780	10	59	0	308
128	116	105	23	352	922	10	0	194	116
129	110	28	-13	1067	1497	10	9	0	317
130	12	138	14	1085	1232	10	0	83	285
131	66	40	20	30	226	10	0	140	48
132	140	36	1	540	984	10	0	15	169
133	50	112	18	954	1020	10	0	123	243
134	23	19	-19	432	1060	10	23	0	53
135	4	71	19	539	865	10	0	106	199
136	92	138	-15	1469	1867	10	49	0	372
137	69	6	8	64	745	10	0	117	131
138	100	99	-4	956	1556	10	125	0	349
139	116	13	5	196	389	10	0	86	78
140	112	13	-20	2093	2226	10	131	0	48
141	49	140	3	607	1385	10	0	97	327
142	36	124	34	886	1105	10	0	98	260
143	120	47	18	55	494	10	0	24	109
144	60	54	3	854	1179	10	0	7	290
145	115	82	30	1028	1232	10	0	186	296
146	139	110	-13	740	912	10	61	0	79
147	126	23	13	831	1397	10	0	101	330
148	58	80	-10	1733	2064	10	48	0	149
149	30	21	-9	1134	1566	10	192	0	87
150	64	115	-12	332	868	10	38	0	191
151	82	100	-12	189	765	10	44	0	156
152	113	35	-4	55	671	10	168	0	123
153	35	90	-10	1624	2063	10	198	0	328
154	58	95	-11	1919	2080	10	114	0	459
155	117	4	9	1566	1902	10	0	80	455
156	97	115	25	1472	1595	10	0	99	385
157	56	129	21	960	1453	10	0	52	348
158	54	41	-18	940	1429	10	119	0	93
159	136	123	-13	1173	1495	10	37	0	324
160	129	24	-20	1199	1601	10	29	0	284
161	46	133	7	193	532	10	0	197	70
162	58	11	-4	365	772	10	100	0	137
163	54	78	-21	2204	2314	10	102	0	290
164	65	80	20	11	149	10	0	90	34
165	28	62	-32	661	1027	10	63	0	225
166	55	127	17	907	1280	10	0	16	305
167	137	84	41	472	484	10	0	32	103
168	79	80	4	13	509	10	0	152	123
169	51	92	9	1581	2121	10	0	53	522
170	12	84	16	697	1013	10	0	1	238
171	66	82	-18	1825	2303	10	19	0	171
172	97	12	-12	705	1065	10	195	0	232
173	67	120	5	1250	1740	10	0	110	422
174	55	102	-9	1108	1529	10	89	0	358
175	90	14	-24	1619	2212	10	176	0	289
176	20	106	24	1102	1220	10	0	175	289
177	15	4	-12	306	621	10	33	0	82
178	138	78	43	695	1044	10	0	13	243
179	60	23	16	99	451	10	0	35	100
180	29	94	1	967	1371	10	0	70	330
181	70	94	32	24	383	10	0	78	89
182	4	44	24	1715	1729	10	0	25	414
183	66	91	16	21	434	10	0	6	103
184	119	73	-17	175	881	10	75	0	205
185	135	65	-20	1343	1487	10	51	0	215
186	103	82	-30	1292	1438	10	145	0	296
187	104	139	29	1145	1659	10	0	112	395
188	15	9	-23	1596	1806	10	116	0	98
189	5	99	24	1027	1687	10	0	46	403
190	36	38	-21	1606	2016	10	96	0	438
191	125	68	20	539	1116	10	0	27	265
192	44	36	9	108	393	10	0	149	87
193	137	127	-22	688	996	10	18	0	20
194	120	102	-23	356	537	10	128	0	116
195	138	24	12	484	1072	10	0	172	232
196	103	86	-25	1017	1165	10	124	0	261
197	137	96	-7	116	459	10	161	0	70
198	8	138	10	1044	1406	10	0	153	328
199	81	36	17	35	600	10	0	74	121
200	116	83	30	691	865	10	0	68	204

