50	200	1
0	70	70	0	0	634	0	0	0
1	10	86	-10	411	441	10	8	0	0
2	16	62	-10	0	570	10	42	0	0
3	84	36	10	102	132	10	0	175	0
4	79	72	22	9	39	10	0	101	0
5	16	39	-10	81	111	10	197	0	0
6	61	54	10	40	70	10	0	171	0
7	96	26	-20	57	87	10	183	0	0
8	16	92	10	359	389	10	0	1	0
9	85	106	-10	45	75	10	37	0	0
10	6	25	-10	0	546	10	25	0	0
11	37	125	10	343	373	10	0	105	0
12	87	108	20	58	88	10	0	143	0
13	18	104	18	337	367	10	0	75	0
14	61	48	-10	68	98	10	28	0	0
15	97	29	30	0	575	10	0	27	0
16	112	67	10	83	113	10	0	119	0
17	50	106	25	320	350	10	0	30	0
18	99	28	30	82	112	10	0	80	0
19	15	9	2	410	440	10	0	170	0
20	19	37	-19	126	156	10	162	0	0
21	90	101	-10	155	185	10	173	0	0
22	125	68	-40	192	222	10	68	0	0
23	127	108	10	135	165	10	0	117	0
24	90	44	6	0	592	10	0	179	0
25	4	23	10	117	147	10	0	10	0
26	17	37	30	0	562	10	0	62	0
27	113	32	-30	0	567	10	15	0	0
28	63	57	10	15	45	10	0	14	0
29	94	104	10	128	158	10	0	139	0
30	58	95	-25	485	515	10	17	0	0
31	137	96	9	71	101	10	0	109	0
32	127	112	-20	121	151	10	45	0	0
33	103	119	-10	334	364	10	125	0	0
34	20	69	-23	378	408	10	131	0	0
35	2	28	10	79	109	10	0	193	0
36	88	29	33	0	580	10	0	124	0
37	86	102	10	35	65	10	0	9	0
38	126	112	10	110	140	10	0	114	0
39	61	34	-30	473	503	10	159	0	0
40	113	69	-30	70	100	10	182	0	0
41	109	78	21	238	268	10	0	158	0
42	21	48	10	53	83	10	0	2	0
43	86	36	20	79	109	10	0	96	0
44	97	12	-9	206	236	10	196	0	0
45	121	112	20	74	104	10	0	32	0
46	19	39	10	138	168	10	0	149	0
47	66	40	20	30	60	10	0	48	0
48	87	39	-20	0	589	10	47	0	0
49	63	50	10	55	85	10	0	132	0
50	121	123	-10	257	287	10	94	0	0
51	116	22	32	138	168	10	0	106	0
52	137	101	12	169	199	10	0	74	0
53	137	137	27	100	130	10	0	151	0
54	70	94	32	24	54	0	0	205	0
55	117	92	-10	283	313	10	165	0	0
56	122	113	20	85	115	10	0	154	0
57	109	71	20	39	69	10	0	161	0
58	35	102	-10	172	202	10	69	0	0
59	91	108	-20	72	102	10	100	0	0
60	8	87	-10	401	431	10	123	0	0
61	140	42	-19	101	131	10	142	0	0
62	16	38	-30	0	562	10	26	0	0
63	44	36	9	0	582	0	0	206	0
64	60	84	-18	482	512	10	87	0	0
65	109	139	-20	113	143	10	168	0	0
66	80	103	-20	0	590	10	177	0	0
67	66	82	-30	501	531	10	99	0	0
68	99	26	40	70	100	10	0	22	0
69	34	108	10	121	151	10	0	58	0
70	135	65	-12	339	369	10	152	0	0
71	36	124	-18	0	561	10	115	0	0
72	102	60	-10	135	165	10	147	0	0
73	30	21	-20	0	561	10	186	0	0
74	139	110	-12	0	545	10	52	0	0
75	10	111	-18	493	523	10	13	0	0
76	18	70	-20	391	421	10	136	0	0
77	4	28	10	0	546	10	0	146	0
78	57	53	10	94	124	10	0	187	0
79	54	41	-10	281	311	10	180	0	0
80	107	25	-30	274	304	10	18	0	0
81	110	99	-10	303	333	10	86	0	0
82	84	88	-10	356	386	10	188	0	0
83	101	0	9	498	528	0	0	201	0
84	28	99	10	51	81	10	0	137	0
85	119	114	20	0	559	10	0	112	0
86	118	108	10	175	205	10	0	81	0
87	50	112	18	0	578	10	0	64	0
88	44	116	-16	53	83	10	140	0	0
89	82	100	18	104	134	10	0	166	0
90	83	12	-16	230	260	10	200	0	0
91	126	23	13	263	293	10	0	116	0
92	85	75	-34	0	609	10	195	0	0
93	39	13	20	376	406	10	0	120	0
94	120	136	10	115	145	10	0	50	0
95	105	2	1	0	548	10	0	148	0
96	36	54	-20	372	402	10	43	0	0
97	35	90	-5	446	476	10	144	0	0
98	111	66	-20	94	124	10	133	0	0
99	119	136	30	104	134	10	0	67	0
100	84	99	20	32	62	10	0	59	0
101	137	127	-22	196	226	10	4	0	0
102	95	35	-20	0	581	10	156	0	0
103	69	6	-10	83	113	10	153	0	0
104	1	24	-30	104	134	10	164	0	0
105	31	112	-10	0	567	10	11	0	0
106	138	78	-32	0	556	10	51	0	0
107	100	99	-11	299	329	10	157	0	0
108	123	112	20	0	557	10	0	194	0
109	119	130	-9	0	547	10	31	0	0
110	92	22	18	0	572	10	0	178	0
111	137	7	40	156	186	10	0	145	0
112	121	124	-20	150	180	10	85	0	0
113	34	104	-20	0	575	10	127	0	0
114	121	110	-10	161	191	10	38	0	0
115	56	139	18	310	340	10	0	71	0
116	106	10	-13	299	329	10	91	0	0
117	125	108	-10	0	558	10	23	0	0
118	21	115	-40	86	116	10	199	0	0
119	110	66	-10	105	135	10	16	0	0
120	36	38	-20	438	468	10	93	0	0
121	56	129	-8	0	564	10	155	0	0
122	4	30	-20	0	547	10	181	0	0
123	8	138	10	291	321	10	0	60	0
124	88	35	-33	0	585	10	36	0	0
125	116	132	10	0	547	10	0	33	0
126	113	45	-9	299	329	10	167	0	0
127	28	107	20	0	569	10	0	113	0
128	115	134	30	78	108	10	0	189	0
129	116	83	30	179	209	0	0	204	0
130	57	59	10	122	152	10	0	150	0
131	89	39	23	36	66	10	0	34	0
132	59	52	-10	82	112	10	49	0	0
133	112	71	20	47	77	10	0	98	0
134	35	99	-10	185	215	10	176	0	0
135	23	39	20	0	568	10	0	138	0
136	84	39	20	115	145	10	0	76	0
137	19	120	-10	261	291	10	84	0	0
138	20	39	-20	149	179	10	135	0	0
139	90	104	-10	142	172	10	29	0	0
140	66	91	16	21	51	10	0	88	0
141	4	44	24	416	446	0	0	203	0
142	78	63	19	10	40	10	0	61	0
143	92	107	-20	0	581	10	12	0	0
144	37	138	5	210	240	10	0	97	0
145	120	14	-40	259	289	10	111	0	0
146	33	0	-10	482	512	10	77	0	0
147	113	71	10	58	88	10	0	72	0
148	112	13	-1	524	554	10	95	0	0
149	41	36	-10	0	580	10	46	0	0
150	64	61	-10	149	179	10	130	0	0
151	121	134	-27	127	157	10	53	0	0
152	103	44	12	42	72	10	0	70	0
153	67	55	10	15	45	10	0	103	0
154	86	80	-20	0	606	10	56	0	0
155	64	132	8	62	92	10	0	121	0
156	93	36	20	41	71	10	0	102	0
157	115	124	11	0	554	10	0	107	0
158	103	82	-21	326	356	10	41	0	0
159	18	38	30	115	145	10	0	39	0
160	122	131	-13	0	544	10	192	0	0
161	107	63	-20	0	587	10	57	0	0
162	48	47	19	31	61	10	0	20	0
163	62	58	20	26	56	0	0	202	0
164	0	27	30	91	121	10	0	104	0
165	118	114	10	65	95	10	0	55	0
166	91	95	-18	171	201	10	89	0	0
167	113	35	9	0	569	10	0	126	0
168	119	139	20	91	121	10	0	65	0
169	104	54	13	53	83	10	0	184	0
170	15	4	-2	0	539	10	19	0	0
171	59	56	-10	108	138	10	6	0	0
172	21	44	20	55	85	10	0	185	0
173	100	106	10	101	131	10	0	21	0
174	47	83	-20	0	598	10	191	0	0
175	34	72	-10	549	579	10	3	0	0
176	32	106	10	134	164	10	0	134	0
177	109	131	20	72	102	10	0	66	0
178	89	24	-18	301	331	10	110	0	0
179	97	28	-6	0	575	10	24	0	0
180	86	37	10	90	120	10	0	79	0
181	1	34	20	77	107	10	0	122	0
182	103	69	30	33	63	10	0	40	0
183	98	31	20	0	576	10	0	7	0
184	103	34	-13	0	576	10	169	0	0
185	13	48	-20	420	450	10	172	0	0
186	22	38	20	161	191	10	0	73	0
187	61	59	-10	0	610	10	78	0	0
188	94	105	10	117	147	10	0	82	0
189	118	131	-30	164	194	10	128	0	0
190	108	30	18	96	126	10	0	198	0
191	36	105	20	0	576	10	0	174	0
192	133	130	13	222	252	10	0	160	0
193	15	18	-10	0	549	10	35	0	0
194	103	86	-20	0	588	10	108	0	0
195	107	77	34	0	587	10	0	92	0
196	99	34	9	76	106	10	0	44	0
197	17	43	10	67	97	10	0	5	0
198	140	36	-18	176	206	10	190	0	0
199	26	105	40	56	86	10	0	118	0
200	60	23	16	54	84	10	0	90	0
201	101	0	-9	498	528	10	83	0	0
202	62	58	-20	26	56	10	163	0	0
203	4	44	-24	416	446	10	141	0	0
204	116	83	-30	179	209	10	129	0	0
205	70	94	-32	24	54	10	54	0	0
206	44	36	-9	0	582	10	63	0	0

