50	1000	1
0	70	70	0	0	2535	0	0	0
1	10	86	-10	0	2463	10	123	0	1154
2	16	62	15	0	2471	10	0	78	1198
3	84	36	10	0	2489	10	0	167	123
4	79	72	22	0	2516	10	0	47	1220
5	16	39	-20	0	2463	10	181	0	1179
6	61	54	10	0	2507	10	0	163	1239
7	96	26	10	229	349	10	0	135	148
8	16	92	-10	1435	1555	10	58	0	738
9	85	106	20	0	2486	10	0	137	524
10	6	25	-23	0	2447	10	131	0	1158
11	37	125	-10	0	2461	10	130	0	1182
12	87	108	20	0	2484	10	0	71	1178
13	18	104	-20	0	2463	10	187	0	323
14	61	48	-20	0	2502	10	145	0	1174
15	97	29	-10	0	2476	10	44	0	440
16	112	67	10	0	2483	10	0	169	131
17	50	106	25	0	2484	10	0	30	997
18	99	28	-13	0	2474	10	116	0	1187
19	15	9	2	0	2443	10	0	76	765
20	19	37	-20	0	2465	10	124	0	1173
21	90	101	-10	0	2489	10	37	0	103
22	125	68	20	768	888	10	0	91	416
23	127	108	-20	0	2457	10	100	0	78
24	90	44	6	209	329	10	0	68	148
25	4	23	-19	0	2444	10	142	0	1169
26	17	37	30	0	2463	10	0	170	208
27	113	32	36	0	2468	10	0	178	1191
28	63	57	-20	0	2511	10	171	0	1239
29	94	104	10	0	2484	10	0	94	1175
30	58	95	-25	1940	2060	10	17	0	997
31	137	96	-10	0	2454	10	173	0	1179
32	127	112	20	0	2455	10	0	109	315
33	103	119	-16	0	2466	10	82	0	1198
34	20	69	-20	0	2475	10	186	0	1188
35	2	28	10	316	436	10	0	96	178
36	88	29	33	0	2481	10	0	172	1173
37	86	102	10	123	243	10	0	21	103
38	126	112	10	439	559	10	0	101	244
39	61	34	-29	0	2488	10	90	0	1193
40	113	69	20	0	2482	10	0	51	1179
41	109	78	-13	951	1071	10	80	0	474
42	21	48	-10	0	2472	10	193	0	1177
43	86	36	-37	314	434	10	92	0	184
44	97	12	10	825	945	10	0	15	440
45	121	112	20	0	2459	10	0	153	1177
46	19	39	-20	0	2466	10	62	0	1195
47	66	40	-22	0	2495	10	4	0	1220
48	87	39	20	81	201	10	0	159	82
49	63	50	-8	0	2504	10	103	0	1192
50	121	123	-20	0	2452	10	139	0	1183
51	116	22	-20	0	2459	10	40	0	1179
52	137	101	12	0	2452	10	0	95	413
53	137	137	-20	0	2431	10	160	0	1162
54	70	94	-21	0	2501	10	121	0	1196
55	117	92	25	0	2474	10	0	81	1202
56	122	113	20	0	2458	10	0	70	1166
57	109	71	20	0	2486	10	0	111	312
58	35	102	10	0	2478	10	0	8	738
59	91	108	10	287	407	10	0	144	181
60	8	87	-30	0	2461	10	143	0	1160
61	140	42	13	402	522	10	0	148	223
62	16	38	20	0	2463	10	0	46	1195
63	44	36	-20	191	311	10	156	0	105
64	60	84	23	0	2508	10	0	67	1239
65	109	139	8	0	2446	10	0	192	1161
66	80	103	15	0	2491	10	0	157	1184
67	66	82	-23	0	2513	10	64	0	1239
68	99	26	-6	0	2473	10	24	0	148
69	34	108	-20	0	2473	10	134	0	1204
70	135	65	-20	0	2460	10	56	0	1166
71	36	124	-20	0	2462	10	12	0	1178
72	102	60	-20	540	660	10	132	0	213
73	30	21	-13	0	2462	10	149	0	1194
74	139	110	-18	0	2446	10	89	0	1172
75	10	111	21	1971	2091	10	0	118	1009
76	18	70	-2	1564	1684	10	19	0	765
77	4	28	-10	576	696	10	180	0	283
78	57	53	-15	0	2504	10	2	0	1198
79	54	41	-9	1125	1245	10	83	0	548
80	107	25	13	0	2467	10	0	41	474
81	110	99	-25	0	2476	10	55	0	1202
82	84	88	16	0	2503	10	0	33	1198
83	101	0	9	0	2449	10	0	79	548
84	28	99	10	144	264	10	0	199	106
85	119	114	20	244	364	10	0	189	149
86	118	108	-20	0	2464	10	151	0	1172
87	50	112	18	0	2479	10	0	113	1200
88	44	116	-18	0	2473	10	115	0	644
89	82	100	18	0	2493	10	0	74	1172
90	83	12	29	0	2466	10	0	39	1193
91	126	23	-20	0	2452	10	22	0	416
92	85	75	37	0	2510	10	0	43	184
93	39	13	-5	0	2461	10	120	0	1189
94	120	136	-10	0	2443	10	29	0	1175
95	105	2	-12	895	1015	10	52	0	413
96	36	54	-10	1488	1608	10	35	0	178
97	35	90	20	0	2485	10	0	105	236
98	111	66	20	376	496	10	0	194	227
99	119	136	-20	0	2443	10	166	0	1175
100	84	99	20	69	189	10	0	23	78
101	137	127	-10	0	2438	10	38	0	244
102	95	35	10	0	2482	10	0	164	1147
103	69	6	8	0	2461	10	0	49	1192
104	1	24	10	0	2443	10	0	185	1172
105	31	112	-20	425	545	10	97	0	236
106	138	78	-10	0	2457	10	165	0	1170
107	100	99	17	1196	1316	0	0	201	637
108	123	112	20	387	507	10	0	200	219
109	119	130	-20	612	732	10	32	0	315
110	92	22	18	0	2473	10	0	158	650
111	137	7	-20	623	743	10	57	0	312
112	121	124	-10	599	719	10	125	0	311
113	34	104	-18	0	2476	10	87	0	1200
114	121	110	-20	0	2461	10	177	0	1177
115	56	139	18	1239	1359	10	0	88	644
116	106	10	13	0	2456	10	0	18	1187
117	125	108	20	0	2459	10	0	198	1148
118	21	115	-21	0	2459	10	75	0	1009
119	110	66	-20	0	2485	10	133	0	133
120	36	38	5	0	2479	10	0	93	1189
121	56	129	21	0	2465	10	0	54	1196
122	4	30	-20	0	2448	10	136	0	1161
123	8	138	10	0	2433	10	0	1	1154
124	88	35	20	0	2486	10	0	20	1173
125	116	132	10	0	2448	10	0	112	311
126	113	45	4	0	2476	10	0	183	1198
127	28	107	20	0	2470	10	0	155	120
128	115	134	30	296	416	10	0	168	168
129	116	83	-30	0	2478	10	184	0	1184
130	57	59	10	0	2508	10	0	11	1182
131	89	39	23	0	2489	10	0	10	1158
132	59	52	20	328	448	10	0	72	213
133	112	71	20	189	309	10	0	119	133
134	35	99	20	0	2480	10	0	69	1204
135	23	39	-10	0	2469	10	7	0	148
136	84	39	20	0	2491	10	0	122	1161
137	19	120	-20	1045	1165	10	9	0	524
138	20	39	-12	0	2467	10	152	0	92
139	90	104	20	0	2486	10	0	50	1183
140	66	91	-20	0	2504	10	191	0	1206
141	4	44	24	0	2455	10	0	197	1186
142	78	63	19	0	2515	10	0	25	1169
143	92	107	30	0	2482	10	0	60	1160
144	37	138	-10	839	959	10	59	0	181
145	120	14	20	0	2450	10	0	14	1174
146	33	0	20	0	2446	0	0	202	1183
147	113	71	10	0	2482	10	0	161	1212
148	112	13	-13	0	2455	10	61	0	223
149	41	36	13	0	2481	10	0	73	1194
150	64	61	-19	0	2515	10	162	0	1225
151	121	134	20	0	2444	10	0	86	1172
152	103	44	12	108	228	10	0	138	92
153	67	55	-20	0	2510	10	45	0	1177
154	86	80	-9	0	2507	10	196	0	1201
155	64	132	-20	230	350	10	127	0	120
156	93	36	20	148	268	10	0	63	105
157	115	124	-15	0	2455	10	66	0	1184
158	103	82	-18	1305	1425	10	110	0	650
159	18	38	-20	0	2464	10	48	0	82
160	122	131	20	0	2445	10	0	53	1162
161	107	63	-10	0	2488	10	147	0	1212
162	48	47	19	0	2494	10	0	150	1225
163	62	58	-10	0	2511	10	6	0	1239
164	0	27	-10	0	2443	10	102	0	1147
165	118	114	10	0	2460	10	0	106	1170
166	91	95	20	0	2493	10	0	99	1175
167	113	35	-10	202	322	10	3	0	123
168	119	139	-30	362	482	10	128	0	168
169	104	54	-10	210	330	10	16	0	131
170	15	4	-30	403	523	10	26	0	208
171	59	56	20	0	2508	10	0	28	1239
172	21	44	-33	0	2470	10	36	0	1173
173	100	106	10	0	2479	10	0	31	1179
174	47	83	1	0	2499	10	0	175	1217
175	34	72	-1	0	2489	10	174	0	1217
176	32	106	-10	536	656	10	188	0	270
177	109	131	20	0	2453	10	0	114	1177
178	89	24	-36	0	2476	10	27	0	1191
179	97	28	20	0	2476	10	0	195	1189
180	86	37	10	0	2489	10	0	77	283
181	1	34	20	0	2448	10	0	5	1179
182	103	69	-18	0	2492	10	190	0	1193
183	98	31	-4	0	2477	10	126	0	1198
184	103	34	30	0	2477	10	0	129	1184
185	13	48	-10	0	2464	10	104	0	1172
186	22	38	20	0	2468	10	0	34	1188
187	61	59	20	542	662	10	0	13	323
188	94	105	10	469	589	10	0	176	270
189	118	131	-20	0	2448	10	85	0	149
190	108	30	18	0	2470	10	0	182	1193
191	36	105	20	0	2477	10	0	140	1206
192	133	130	-8	0	2438	10	65	0	1161
193	15	18	10	0	2450	10	0	42	1177
194	103	86	-20	0	2489	10	98	0	227
195	107	77	-20	0	2488	10	179	0	1189
196	99	34	9	0	2479	10	0	154	1201
197	17	43	-24	0	2466	10	141	0	1186
198	140	36	-20	0	2448	10	117	0	1148
199	26	105	-10	209	329	10	84	0	106
200	60	23	-20	0	2477	10	108	0	219
201	100	99	-17	1196	1316	10	107	0	637
202	33	0	-20	0	2446	10	146	0	1183

