100	200	1
0	100	100	0	0	1501	0	0	0
1	181	172	-10	333	434	90	181	0	141
2	154	31	10	746	909	90	0	347	0
3	123	106	20	727	817	0	0	421	793
4	23	137	20	675	791	90	0	190	0
5	190	28	20	115	270	90	0	147	154
6	8	71	-20	700	795	90	357	0	133
7	103	130	-30	350	445	90	149	0	241
8	62	50	20	454	587	0	0	417	524
9	89	161	-30	297	398	90	360	0	108
10	117	91	-30	437	522	90	185	0	0
11	12	156	-20	486	634	90	61	0	321
12	88	165	30	185	322	90	0	249	255
13	107	125	-20	617	738	90	375	0	167
14	8	74	20	516	613	90	0	288	517
15	105	125	-20	709	829	90	101	0	0
16	118	192	30	219	332	90	0	317	238
17	146	11	10	100	214	90	0	326	47
18	93	13	30	508	612	90	0	238	524
19	188	125	-10	396	514	90	193	0	332
20	87	117	-10	785	928	90	37	0	814
21	123	31	20	645	786	90	0	346	0
22	121	189	-10	584	732	90	314	0	317
23	174	128	20	79	161	90	0	38	81
24	197	80	10	213	347	90	0	295	247
25	151	165	10	592	727	90	0	353	644
26	140	4	10	416	516	90	0	183	412
27	78	184	20	967	1080	0	0	408	993
28	96	150	-10	759	840	90	33	0	0
29	96	147	10	142	317	90	0	212	269
30	149	182	-20	687	811	90	73	0	109
31	87	191	10	115	255	90	0	248	163
32	189	151	30	127	259	90	0	396	156
33	99	144	10	44	163	90	0	28	0
34	64	52	-10	826	966	90	323	0	704
35	7	151	20	780	896	90	0	223	0
36	151	99	10	360	465	0	0	419	413
37	87	118	10	682	849	90	0	20	814
38	179	141	-20	227	320	90	23	0	81
39	192	151	10	319	443	90	0	307	337
40	143	0	10	790	882	0	0	405	773
41	66	58	-10	1108	1241	90	43	0	809
42	122	14	-20	1043	1200	90	365	0	353
43	66	52	10	739	868	90	0	41	809
44	173	55	20	130	222	90	0	235	0
45	119	37	-30	853	953	90	342	0	442
46	199	28	20	606	726	90	0	89	0
47	90	161	10	382	495	90	0	305	433
48	36	193	20	608	704	90	0	98	591
49	159	160	20	84	196	90	0	201	111
50	194	112	10	585	710	90	0	131	615
51	176	173	20	105	211	0	0	403	105
52	117	193	30	129	240	0	0	407	145
53	186	96	-20	864	985	90	293	0	705
54	39	56	10	121	211	90	0	197	135
55	189	120	-30	491	609	90	322	0	126
56	29	139	10	81	170	90	0	275	88
57	37	190	10	497	628	0	0	402	518
58	165	117	10	485	580	90	0	134	512
59	16	84	-10	778	879	90	102	0	120
60	187	97	-10	774	893	90	199	0	250
61	10	153	20	325	426	90	0	11	321
62	194	149	20	221	354	90	0	65	247
63	187	112	30	87	267	90	0	233	179
64	103	70	10	155	271	90	0	145	240
65	193	159	-20	505	636	90	62	0	247
66	77	115	20	335	449	90	0	368	421
67	190	154	30	419	529	0	0	404	424
68	3	75	-10	411	528	90	74	0	235
69	17	93	20	126	228	90	0	159	144
70	151	167	-30	321	426	90	298	0	142
71	12	85	10	482	615	90	0	211	525
72	120	11	10	132	236	90	0	273	0
73	140	181	20	90	200	90	0	30	109
74	6	67	10	226	335	90	0	68	235
75	137	4	-20	1074	1164	90	282	0	597
76	103	124	20	807	915	90	0	241	890
77	10	67	30	139	235	90	0	327	139
78	48	30	50	222	315	90	0	188	227
79	53	67	-20	548	692	90	165	0	243
80	164	113	20	65	240	90	0	284	174
81	47	49	-20	767	870	90	379	0	514
82	187	92	20	300	428	90	0	359	340
83	121	115	20	128	284	90	0	99	258
84	46	51	-20	929	1071	90	179	0	347
85	144	189	30	315	427	90	0	177	327
86	180	93	-30	1045	1179	90	313	0	985
87	152	168	20	216	347	90	0	302	0
88	117	95	10	36	180	90	0	217	141
89	195	25	-20	877	1012	90	46	0	0
90	108	168	-20	480	602	90	140	0	337
91	149	103	-20	719	842	90	191	0	518
92	60	58	20	58	182	90	0	146	124
93	197	79	-10	305	438	90	144	0	129
94	39	58	30	74	192	90	0	246	117
95	147	186	-30	592	716	90	328	0	403
96	154	163	10	676	829	0	0	413	746
97	96	128	30	28	184	0	0	422	155
98	30	187	-20	786	915	90	48	0	591
99	123	121	-20	427	542	90	83	0	258
100	104	68	10	342	453	90	0	318	420
101	102	128	20	244	366	90	0	15	0
102	18	89	10	82	203	90	0	59	120
103	197	77	-20	678	797	90	229	0	415
104	156	11	-20	1165	1264	90	289	0	0
105	144	33	30	80	201	90	0	124	0
106	101	67	-10	616	728	90	208	0	333
107	159	121	20	765	863	0	0	401	800
108	84	192	10	313	423	90	0	239	329
109	139	7	20	228	338	90	0	123	237
110	7	152	-20	684	809	90	290	0	119
111	181	147	20	392	546	0	0	420	452
112	104	170	20	104	218	90	0	135	145
113	13	81	30	581	704	90	0	253	614
114	172	57	10	83	213	90	0	348	129
115	80	108	-10	56	170	90	126	0	56
116	180	171	20	413	537	90	0	245	430
117	146	3	10	393	545	90	0	320	437
118	123	33	-10	559	688	90	309	0	526
119	127	8	-10	861	1002	90	187	0	700
120	185	115	-10	589	704	90	151	0	158
121	192	113	20	232	314	90	0	161	221
122	194	75	-20	858	986	90	303	0	132
123	135	0	-20	974	1074	90	109	0	237
124	157	30	-30	673	797	90	105	0	0
125	53	29	-30	476	631	90	387	0	116
126	85	110	10	18	124	90	0	115	56
127	182	171	30	496	639	90	0	242	0
128	79	193	-10	866	983	90	192	0	788
129	181	52	-10	563	715	90	281	0	513
130	148	103	30	795	948	90	0	372	885
131	190	109	-10	854	992	90	50	0	615
132	119	188	-30	773	909	90	291	0	98
133	197	140	10	228	348	90	0	205	243
134	162	123	-10	666	775	90	58	0	512
135	102	170	-20	198	308	90	112	0	145
136	120	198	10	409	519	90	0	399	418
137	175	50	-10	865	981	90	176	0	774
138	23	142	-20	487	607	90	274	0	428
139	149	99	20	84	194	90	0	280	143
140	102	174	20	281	412	90	0	90	337
141	30	142	10	111	237	90	0	170	155
142	175	143	-10	950	1085	90	194	0	535
143	193	27	10	419	541	90	0	166	422
144	193	82	10	147	224	90	0	93	129
145	103	67	-10	444	534	90	64	0	240
146	55	64	-20	382	480	90	92	0	124
147	197	25	-20	690	829	90	5	0	154
148	42	105	20	465	581	90	0	378	506
149	100	129	30	155	270	90	0	7	241
150	120	115	-30	46	184	90	366	0	68
151	183	120	10	110	244	90	0	120	158
152	115	89	-20	523	622	90	209	0	328
153	196	27	10	782	923	90	0	258	802
154	131	38	-20	99	219	90	186	0	59
155	145	31	20	134	211	90	0	272	0
156	196	137	-20	122	267	90	324	0	72
157	98	150	10	255	391	90	0	237	340
158	159	8	10	1056	1186	90	0	227	1076
159	15	88	-20	309	420	90	69	0	144
160	191	27	10	154	260	90	0	330	143
161	196	111	-20	502	608	90	121	0	221
162	150	6	-10	591	717	90	247	0	518
163	95	74	20	894	1018	0	0	410	991
164	42	101	10	660	753	90	0	367	694
165	53	59	20	184	306	90	0	79	243
166	193	23	-10	962	1112	90	143	0	422
167	40	105	-20	387	475	90	340	0	246
168	152	4	20	777	902	90	0	283	780
169	100	151	-10	464	548	90	255	0	145
170	24	140	-10	572	707	90	141	0	155
171	87	195	10	492	615	90	0	243	510
172	140	6	-10	286	462	90	292	0	113
173	197	113	20	400	527	90	0	261	0
174	40	183	20	126	259	90	0	244	156
175	127	114	-20	613	734	90	184	0	607
176	182	46	10	778	873	90	0	137	774
177	151	190	-30	504	612	90	85	0	327
178	8	69	-10	777	903	90	394	0	341
179	44	52	20	285	421	90	0	84	347
180	43	54	10	207	315	90	0	386	0
181	179	174	10	148	250	90	0	1	141
182	13	152	20	149	233	90	0	236	131
183	137	1	-10	880	984	90	26	0	412
184	127	118	20	515	644	90	0	175	607
185	118	92	30	331	446	90	0	10	0
186	129	40	20	66	169	90	0	154	59
187	123	4	10	691	799	90	0	119	700
188	55	24	-50	389	528	90	78	0	227
189	41	182	30	101	228	90	0	271	126
190	22	133	-20	775	879	90	4	0	0
191	151	101	20	439	570	90	0	91	518
192	82	194	10	779	884	90	0	128	788
193	185	124	10	297	426	90	0	19	332
194	180	147	10	492	628	90	0	142	535
195	97	7	-30	312	429	90	216	0	142
196	108	165	-10	565	702	90	393	0	149
197	47	50	-10	831	987	90	54	0	135
198	93	167	40	91	225	90	0	299	157
199	186	91	10	208	337	90	0	60	250
200	124	6	-20	771	903	90	397	0	0
201	149	167	-20	491	641	90	49	0	111
202	125	38	-10	280	410	90	381	0	233
203	123	8	10	222	333	90	0	207	238
204	199	76	30	507	602	90	0	220	0
205	194	129	-10	690	816	90	133	0	243
206	124	117	-10	328	452	90	354	0	313
207	115	4	-10	593	702	90	203	0	238
208	105	70	10	247	364	90	0	106	333
209	120	92	20	243	350	90	0	152	328
210	200	136	20	316	449	90	0	382	326
211	14	84	-10	675	798	90	71	0	525
212	100	150	-10	357	472	90	29	0	269
213	190	112	20	125	236	90	0	383	145
214	146	7	10	231	339	90	0	355	235
215	196	28	-30	522	624	90	337	0	252
216	100	6	30	132	236	90	0	195	142
217	118	97	-10	151	251	90	88	0	141
218	12	154	10	408	529	90	0	240	425
219	97	162	10	621	773	0	0	416	710
220	196	78	-30	765	892	90	204	0	0
221	172	114	-10	197	310	90	315	0	133
222	14	92	30	198	343	90	0	304	256
223	7	142	-20	866	1007	90	35	0	0
224	63	55	-10	1015	1146	90	225	0	631
225	54	30	10	575	715	90	0	224	631
226	141	8	20	145	237	90	0	350	136
227	156	12	-10	1203	1307	90	158	0	1076
228	134	6	-10	1164	1261	90	352	0	695
229	198	78	20	408	516	90	0	103	415
230	65	53	-10	928	1047	90	319	0	617
231	52	28	-20	318	408	90	278	0	142
232	125	15	-20	967	1089	90	341	0	513
233	199	115	-30	305	435	90	63	0	179
234	32	178	-30	966	1121	90	345	0	695
235	179	55	-20	297	430	90	44	0	0
236	11	151	-20	218	350	90	182	0	131
237	99	154	-10	548	650	90	157	0	340
238	95	16	-30	599	708	90	18	0	524
239	83	197	-10	682	794	90	108	0	329
240	27	135	-10	968	1064	90	218	0	425
241	102	121	-20	985	1104	90	76	0	890
242	179	165	-30	696	815	90	127	0	0
243	87	196	-10	592	697	90	171	0	510
244	38	190	-20	409	534	90	174	0	156
245	183	167	-20	590	733	90	116	0	430
246	46	49	-30	657	797	90	94	0	117
247	149	5	10	499	626	90	0	162	518
248	84	194	-10	407	512	90	31	0	163
249	93	150	-30	856	928	90	12	0	255
250	35	186	-20	894	996	90	390	0	227
251	177	146	10	671	815	90	0	276	725
252	26	147	20	200	341	90	0	370	0
253	21	85	-30	870	977	90	113	0	614
254	195	97	-20	583	708	90	385	0	148
255	99	146	10	80	192	90	0	169	145
256	195	129	-10	608	716	90	338	0	518
257	105	127	10	432	549	90	0	300	520
258	190	24	-10	1072	1188	90	153	0	802
259	178	165	-30	791	903	90	389	0	238
260	68	50	-10	653	770	90	400	0	425
261	190	110	-20	757	907	90	173	0	0
262	60	51	-10	284	392	90	310	0	0
263	180	50	-20	690	771	90	388	0	454
264	181	151	-10	783	930	90	374	0	113
265	143	189	10	124	253	90	0	380	0
266	56	59	30	94	210	90	0	308	149
267	48	108	20	52	174	90	0	373	121
268	50	67	10	471	582	0	0	418	522
269	101	70	-30	65	178	90	343	0	0
270	185	123	30	210	332	90	0	294	0
271	38	188	-30	329	430	90	189	0	126
272	151	28	-20	384	529	90	155	0	0
273	121	8	-10	399	521	90	72	0	0
274	25	143	20	393	517	90	0	138	428
275	26	138	-10	845	1001	90	56	0	88
276	176	144	-10	865	987	90	251	0	725
277	78	119	30	425	548	90	0	325	518
278	51	31	20	124	227	90	0	231	142
279	109	175	20	395	493	90	0	321	417
280	150	98	-20	177	284	90	139	0	143
281	180	52	10	488	607	90	0	129	513
282	141	4	20	595	702	90	0	75	597
283	152	3	-20	880	981	90	168	0	780
284	166	117	-20	295	405	90	80	0	174
285	93	7	20	410	518	90	0	297	424
286	113	94	30	14	157	90	0	336	142
287	83	188	30	89	210	90	0	362	120
288	8	73	-20	605	707	90	14	0	517
289	154	2	20	964	1081	90	0	104	0
290	17	150	20	96	216	90	0	110	119
291	116	189	30	90	189	90	0	132	98
292	140	11	10	97	211	90	0	172	113
293	189	97	20	689	795	90	0	53	705
294	184	116	-30	694	782	90	270	0	0
295	198	76	-10	577	715	90	24	0	247
296	186	94	-10	399	513	90	335	0	126
297	97	65	-20	711	822	90	285	0	424
298	154	172	30	142	232	90	0	70	142
299	90	160	-40	482	577	90	198	0	157
300	109	126	-10	527	642	90	257	0	520
301	148	98	20	48	152	90	0	349	103
302	144	170	-20	409	532	90	87	0	0
303	193	83	20	94	227	90	0	122	132
304	15	87	-30	395	516	90	222	0	256
305	89	158	-10	570	673	90	47	0	433
306	153	29	20	486	611	0	0	412	522
307	183	152	-10	682	847	90	39	0	337
308	53	61	-30	256	418	90	266	0	149
309	123	36	10	463	597	90	0	118	526
310	59	57	10	96	205	90	0	262	0
311	102	122	10	900	1008	0	0	415	985
312	45	48	10	568	704	0	0	414	628
313	185	96	30	961	1071	90	0	86	985
314	120	192	10	323	412	90	0	22	317
315	165	113	10	112	200	90	0	221	133
316	177	145	-10	780	889	90	371	0	146
317	126	192	-30	498	626	90	16	0	238
318	103	66	-10	517	643	90	100	0	420
319	69	47	10	557	679	90	0	230	617
320	150	3	-10	685	809	90	117	0	437
321	110	164	-20	652	801	90	279	0	417
322	178	123	30	81	208	90	0	55	126
323	53	31	10	685	788	90	0	34	704
324	193	131	20	98	204	90	0	156	72
325	83	118	-30	518	645	90	277	0	518
326	145	9	-10	145	240	90	17	0	47
327	12	69	-30	868	1000	90	77	0	139
328	145	189	30	422	503	90	0	95	403
329	97	67	10	824	892	0	0	411	858
330	193	28	-10	307	471	90	160	0	143
331	79	115	30	160	260	90	0	398	234
332	63	58	20	55	157	90	0	339	0
333	187	142	10	315	428	90	0	363	331
334	99	12	30	88	188	90	0	358	0
335	181	89	10	81	208	90	0	296	126
336	111	93	-30	622	714	90	286	0	142
337	192	28	30	227	369	90	0	215	252
338	198	132	10	492	645	90	0	256	518
339	57	54	-20	183	304	90	332	0	0
340	39	112	20	177	309	90	0	167	246
341	118	5	20	499	610	90	0	232	513
342	122	37	30	368	509	90	0	45	442
343	100	70	30	30	167	90	0	269	0
344	150	103	-20	639	739	90	392	0	319
345	28	193	30	694	813	90	0	234	695
346	121	36	-20	758	863	90	21	0	0
347	152	31	-10	866	973	90	2	0	0
348	175	57	-10	215	322	90	114	0	129
349	149	101	-20	534	660	90	301	0	103
350	140	3	-20	485	630	90	226	0	136
351	165	116	10	386	498	90	0	356	431
352	143	5	10	682	800	90	0	228	695
353	153	160	-10	773	919	90	25	0	644
354	121	116	10	254	340	90	0	206	313
355	147	6	-10	311	441	90	214	0	235
356	162	118	-10	561	690	90	351	0	431
357	12	66	20	94	228	90	0	6	133
358	98	4	-30	219	334	90	334	0	0
359	189	95	-20	480	618	90	82	0	340
360	91	160	30	60	169	90	0	9	108
361	147	26	-10	295	428	90	395	0	248
362	85	192	-30	219	334	90	287	0	120
363	178	147	-10	591	714	90	333	0	331
364	40	113	10	93	211	90	0	391	149
365	122	8	20	290	448	90	0	42	353
366	119	113	30	23	115	90	0	150	68
367	45	104	-10	747	855	90	164	0	694
368	84	118	-20	603	743	90	66	0	421
369	8	154	20	596	713	0	0	406	606
370	25	146	-20	307	417	90	252	0	0
371	178	140	10	130	234	90	0	316	146
372	146	103	-30	901	1026	90	130	0	885
373	40	108	-20	265	411	90	267	0	121
374	183	148	10	95	209	90	0	264	113
375	99	128	20	47	196	90	0	13	167
376	151	35	-20	953	1075	90	377	0	617
377	154	27	20	574	708	90	0	376	617
378	42	102	-20	574	658	90	148	0	506
379	45	46	20	495	592	90	0	81	514
380	144	190	-10	218	342	90	265	0	0
381	129	38	10	200	302	90	0	202	233
382	199	132	-20	427	527	90	210	0	326
383	193	111	-20	668	810	90	213	0	145
384	172	51	10	938	1095	0	0	409	1007
385	188	88	20	121	237	90	0	254	148
386	40	49	-10	394	502	90	180	0	0
387	52	38	30	78	195	90	0	125	116
388	178	54	20	365	545	90	0	263	454
389	181	175	30	232	349	90	0	259	238
390	41	187	20	240	333	90	0	250	227
391	49	104	-10	839	951	90	364	0	149
392	150	99	20	274	370	90	0	344	319
393	106	166	10	66	216	90	0	196	149
394	5	73	10	314	440	90	0	178	341
395	148	32	10	196	335	90	0	361	248
396	182	154	-30	598	747	90	32	0	156
397	116	12	20	89	208	90	0	200	0
398	78	115	-30	244	359	90	331	0	234
399	121	188	-10	700	799	90	136	0	418
400	61	50	10	369	489	90	0	260	425
401	159	121	-20	765	863	90	107	0	800
402	37	190	-10	497	628	90	57	0	518
403	176	173	-20	105	211	90	51	0	105
404	190	154	-30	419	529	90	67	0	424
405	143	0	-10	790	882	90	40	0	773
406	8	154	-20	596	713	90	369	0	606
407	117	193	-30	129	240	90	52	0	145
408	78	184	-20	967	1080	90	27	0	993
409	172	51	-10	938	1095	90	384	0	1007
410	95	74	-20	894	1018	90	163	0	991
411	97	67	-10	824	892	90	329	0	858
412	153	29	-20	486	611	90	306	0	522
413	154	163	-10	676	829	90	96	0	746
414	45	48	-10	568	704	90	312	0	628
415	102	122	-10	900	1008	90	311	0	985
416	97	162	-10	621	773	90	219	0	710
417	62	50	-20	454	587	90	8	0	524
418	50	67	-10	471	582	90	268	0	522
419	151	99	-10	360	465	90	36	0	413
420	181	147	-20	392	546	90	111	0	452
421	123	106	-20	727	817	90	3	0	793
422	96	128	-30	28	184	90	97	0	155

