100	200	1
0	100	100	0	0	1501	0	0	0
1	181	172	10	204	564	90	0	242	113
2	154	31	-20	648	1008	90	306	0	159
3	123	106	-20	592	952	90	184	0	181
4	23	137	20	553	913	0	0	405	206
5	190	28	20	115	475	90	0	215	89
6	8	71	-30	568	928	90	77	0	89
7	103	130	-20	217	577	90	101	0	114
8	62	50	20	340	700	0	0	408	159
9	89	161	10	167	527	90	0	237	116
10	117	91	-30	299	659	90	206	0	128
11	12	156	-10	380	740	90	56	0	89
12	88	165	30	73	433	90	0	305	91
13	107	125	-30	497	857	90	343	0	90
14	8	74	20	385	745	90	0	178	162
15	105	125	-10	589	949	90	64	0	90
16	118	192	30	96	456	90	0	317	90
17	146	11	10	100	460	90	0	247	89
18	93	13	-20	380	740	90	262	0	113
19	188	125	10	275	635	90	0	294	135
20	87	117	-10	677	1037	90	157	0	113
21	123	31	20	535	895	90	0	346	205
22	121	189	-10	478	838	90	314	0	113
23	174	128	-20	79	439	90	80	0	66
24	197	80	-10	100	460	90	144	0	67
25	151	165	-10	479	839	90	354	0	112
26	140	4	-20	286	646	90	109	0	90
27	78	184	-10	844	1204	90	171	0	159
28	96	150	-30	619	979	90	360	0	89
29	96	147	10	49	409	90	0	243	90
30	149	182	-20	569	929	90	150	0	90
31	87	191	10	91	451	90	0	362	68
32	189	151	30	102	462	90	0	39	89
33	99	144	-30	44	404	90	97	0	67
34	64	52	-20	716	1076	90	308	0	113
35	7	151	-20	658	1018	90	182	0	89
36	151	99	-20	233	593	90	139	0	89
37	87	118	-10	586	946	90	255	0	89
38	179	141	20	93	453	90	0	65	90
39	192	151	-30	201	561	90	32	0	89
40	143	0	-10	656	1016	90	72	0	89
41	66	58	-20	994	1354	90	79	0	185
42	122	14	-20	941	1301	90	358	0	90
43	66	52	-10	624	984	90	319	0	184
44	173	55	20	85	445	90	0	160	66
45	119	37	-20	723	1083	90	186	0	89
46	199	28	-10	486	846	90	143	0	135
47	90	161	10	258	618	0	0	411	139
48	36	193	20	476	836	90	0	345	180
49	159	160	20	84	444	90	0	181	67
50	194	112	-20	468	828	90	221	0	89
51	176	173	20	105	465	90	0	389	67
52	117	193	-30	94	454	90	291	0	67
53	186	96	20	745	1105	90	0	86	254
54	39	56	10	75	435	90	0	197	89
55	189	120	10	370	730	90	0	60	159
56	29	139	10	81	441	90	0	11	89
57	37	190	-10	383	743	90	244	0	135
58	165	117	-20	353	713	90	392	0	112
59	16	84	-20	648	1008	90	340	0	90
60	187	97	-10	654	1014	90	55	0	159
61	10	153	-20	196	556	90	290	0	89
62	194	149	20	108	468	90	0	307	90
63	187	112	30	87	447	90	0	213	67
64	103	70	10	33	393	90	0	15	90
65	193	159	-20	390	750	90	38	0	90
66	77	115	20	212	572	90	0	148	136
67	190	154	30	294	654	90	0	396	137
68	3	75	-10	289	649	90	102	0	89
69	17	93	20	83	443	90	0	304	89
70	151	167	10	193	553	90	0	96	117
71	12	85	-10	369	729	90	364	0	89
72	120	11	10	91	451	90	0	40	89
73	140	181	-30	90	450	90	298	0	63
74	6	67	10	101	461	90	0	394	90
75	137	4	-10	939	1299	90	350	0	158
76	103	124	-20	681	1041	90	106	0	204
77	10	67	30	95	455	90	0	6	89
78	48	30	50	89	449	90	0	125	90
79	53	67	20	440	800	90	0	41	185
80	164	113	20	65	425	90	0	23	66
81	47	49	-20	638	998	90	246	0	208
82	187	92	-10	184	544	90	335	0	89
83	121	115	-30	26	386	90	366	0	67
84	46	51	20	820	1180	0	0	413	276
85	144	189	-10	191	551	90	380	0	89
86	180	93	-20	932	1292	90	53	0	254
87	152	168	20	102	462	90	0	302	94
88	117	95	10	17	377	90	0	191	89
89	195	25	10	764	1124	90	0	166	250
90	108	168	-20	361	721	90	112	0	89
91	149	103	-20	600	960	90	344	0	204
92	60	58	-20	58	418	90	332	0	67
93	197	79	-20	191	551	90	385	0	89
94	39	58	30	74	434	90	0	179	89
95	147	186	-30	474	834	90	328	0	135
96	154	163	-10	573	933	90	70	0	117
97	96	128	30	28	388	90	0	33	67
98	30	187	-10	670	1030	90	126	0	89
99	123	121	-10	305	665	90	300	0	133
100	104	68	10	217	577	90	0	318	136
101	102	128	20	125	485	90	0	7	114
102	18	89	10	82	442	90	0	68	89
103	197	77	20	557	917	0	0	403	204
104	156	11	-20	946	1306	90	162	0	181
105	144	33	30	80	440	90	0	155	67
106	101	67	20	492	852	90	0	76	204
107	159	121	20	634	994	0	0	414	232
108	84	192	10	188	548	90	0	192	113
109	139	7	20	103	463	90	0	26	90
110	7	152	-20	567	927	90	252	0	90
111	181	147	20	289	649	90	0	142	138
112	104	170	20	70	430	90	0	90	89
113	13	81	30	463	823	90	0	211	183
114	172	57	10	83	443	90	0	384	89
115	80	108	20	21	381	90	0	163	89
116	180	171	20	295	655	90	0	245	137
117	146	3	10	289	649	90	0	283	135
118	123	33	-20	443	803	90	154	0	89
119	127	8	-20	751	1111	90	200	0	229
120	185	115	20	466	826	90	0	293	181
121	192	113	20	93	453	90	0	233	89
122	194	75	-30	742	1102	90	204	0	158
123	135	0	-10	844	1204	90	203	0	90
124	157	30	-10	555	915	90	395	0	90
125	53	29	-50	373	733	90	78	0	90
126	85	110	10	18	378	90	0	98	89
127	182	171	30	387	747	90	0	259	159
128	79	193	-20	744	1104	90	239	0	204
129	181	52	-10	459	819	90	281	0	158
130	148	103	-20	691	1051	90	349	0	181
131	190	109	-20	743	1103	90	383	0	206
132	119	188	-10	661	1021	90	393	0	89
133	197	140	-20	108	468	90	156	0	67
134	162	123	-20	541	901	90	284	0	115
135	102	170	40	73	433	90	0	249	90
136	120	198	10	284	644	90	0	399	135
137	175	50	-10	743	1103	90	176	0	226
138	23	142	-20	367	727	90	274	0	137
139	149	99	20	49	409	90	0	36	89
140	102	174	20	167	527	90	0	219	113
141	30	142	10	81	441	90	0	218	89
142	175	143	-20	837	1197	90	111	0	138
143	193	27	10	300	660	90	0	46	135
144	193	82	10	94	454	90	0	24	67
145	103	67	20	309	669	0	0	417	158
146	55	64	30	251	611	90	0	400	111
147	197	25	10	580	940	90	0	153	204
148	42	105	-20	343	703	90	66	0	136
149	100	129	-20	33	393	90	375	0	68
150	120	115	20	25	385	90	0	30	90
151	183	120	-10	85	445	90	315	0	67
152	115	89	20	392	752	90	0	336	183
153	196	27	-10	672	1032	90	147	0	204
154	131	38	20	69	429	90	0	118	89
155	145	31	-30	82	442	90	105	0	67
156	196	137	20	102	462	90	0	133	67
157	98	150	10	143	503	90	0	20	113
158	159	8	-20	941	1301	90	289	0	272
159	15	88	-30	184	544	90	222	0	90
160	191	27	-20	116	476	90	44	0	66
161	196	111	-20	375	735	90	173	0	136
162	150	6	20	474	834	90	0	104	181
163	95	74	-20	776	1136	90	115	0	89
164	42	101	-30	527	887	90	378	0	184
165	53	59	20	65	425	90	0	188	90
166	193	23	-10	857	1217	90	89	0	250
167	40	105	10	251	611	90	0	367	137
168	152	4	-10	659	1019	90	320	0	204
169	100	151	10	326	686	90	0	277	121
170	24	140	-30	459	819	90	370	0	113
171	87	195	10	373	733	90	0	27	159
172	140	6	30	194	554	90	0	282	112
173	197	113	20	283	643	90	0	161	136
174	40	183	20	102	462	90	0	390	67
175	127	114	-10	494	854	90	257	0	160
176	182	46	10	645	1005	90	0	137	226
177	151	190	-10	378	738	90	265	0	89
178	8	69	-20	660	1020	90	14	0	162
179	44	52	-30	173	533	90	94	0	89
180	43	54	10	81	441	90	0	386	91
181	179	174	-20	108	468	90	49	0	67
182	13	152	20	101	461	90	0	35	89
183	137	1	-20	752	1112	90	226	0	89
184	127	118	20	400	760	90	0	3	181
185	118	92	30	208	568	0	0	407	137
186	129	40	20	66	426	90	0	45	89
187	123	4	-20	565	925	90	341	0	159
188	55	24	-20	278	638	90	165	0	90
189	41	182	30	101	461	90	0	271	89
190	22	133	10	647	1007	90	0	253	220
191	151	101	-10	325	685	90	88	0	89
192	82	194	-10	651	1011	90	108	0	113
193	185	124	10	182	542	0	0	409	113
194	180	147	-30	380	740	90	322	0	89
195	97	7	-30	190	550	90	334	0	89
196	108	165	-20	454	814	90	279	0	137
197	47	50	-10	729	1089	90	54	0	89
198	93	167	40	67	427	90	0	299	89
199	186	91	10	92	452	90	0	359	91
200	124	6	20	657	1017	90	0	119	229
201	149	167	40	386	746	90	0	353	165
202	125	38	-10	165	525	90	381	0	90
203	123	8	10	98	458	90	0	123	90
204	199	76	30	375	735	90	0	122	158
205	194	129	-40	573	933	90	256	0	185
206	124	117	30	210	570	90	0	10	128
207	115	4	20	467	827	0	0	415	182
208	105	70	-20	125	485	90	269	0	89
209	120	92	-20	116	476	90	217	0	90
210	200	136	-20	203	563	90	324	0	89
211	14	84	-30	556	916	90	113	0	183
212	100	150	10	235	595	0	0	412	136
213	190	112	-30	90	450	90	63	0	67
214	146	7	10	105	465	90	0	355	90
215	196	28	-20	393	753	90	5	0	89
216	100	6	30	94	454	90	0	365	85
217	118	97	20	21	381	90	0	209	90
218	12	154	-10	288	648	90	141	0	89
219	97	162	-20	517	877	90	140	0	113
220	196	78	-10	648	1008	90	295	0	181
221	172	114	20	73	433	90	0	50	89
222	14	92	30	90	450	90	0	159	90
223	7	142	-20	757	1117	90	236	0	90
224	63	55	-10	900	1260	90	268	0	161
225	54	30	10	465	825	0	0	406	185
226	141	8	20	100	460	90	0	183	89
227	156	12	-20	947	1307	90	397	0	89
228	134	6	20	952	1312	0	0	401	303
229	198	78	-20	282	642	90	303	0	89
230	65	53	-10	807	1167	90	323	0	208
231	52	28	-20	183	543	90	278	0	89
232	125	15	-20	848	1208	90	339	0	90
233	199	115	-20	190	550	90	121	0	89
234	32	178	-10	864	1224	90	250	0	254
235	179	55	30	183	543	0	0	410	113
236	11	151	20	104	464	90	0	223	90
237	99	154	-10	419	779	90	9	0	116
238	95	16	-30	474	834	90	266	0	89
239	83	197	20	558	918	90	0	128	204
240	27	135	-10	836	1196	90	275	0	254
241	102	121	-10	865	1225	90	311	0	277
242	179	165	-10	576	936	90	1	0	113
243	87	196	-10	464	824	90	29	0	90
244	38	190	10	292	652	90	0	57	135
245	183	167	-20	481	841	90	116	0	137
246	46	49	20	547	907	90	0	81	208
247	149	5	-10	383	743	90	17	0	89
248	84	194	-30	280	640	90	287	0	89
249	93	150	-40	712	1072	90	135	0	90
250	35	186	10	765	1125	90	0	234	254
251	177	146	10	563	923	90	0	276	208
252	26	147	20	91	451	90	0	110	90
253	21	85	-10	743	1103	90	190	0	220
254	195	97	20	466	826	90	0	313	182
255	99	146	10	46	406	90	0	37	89
256	195	129	40	482	842	90	0	205	185
257	105	127	10	311	671	90	0	175	160
258	190	24	20	934	1294	0	0	404	294
259	178	165	-30	667	1027	90	127	0	159
260	68	50	-30	531	891	90	387	0	89
261	190	110	-10	652	1012	90	338	0	161
262	60	51	20	158	518	90	0	18	113
263	180	50	-30	551	911	90	348	0	90
264	181	151	-10	677	1037	90	374	0	89
265	143	189	10	98	458	90	0	177	89
266	56	59	30	60	420	90	0	238	89
267	48	108	-10	52	412	90	398	0	66
268	50	67	10	347	707	90	0	224	161
269	101	70	20	30	390	90	0	208	89
270	185	123	30	91	451	90	0	382	90
271	38	188	-30	200	560	90	189	0	89
272	151	28	20	276	636	0	0	402	136
273	121	8	10	280	640	90	0	352	136
274	25	143	20	275	635	90	0	138	137
275	26	138	10	743	1103	90	0	240	254
276	176	144	-10	746	1106	90	251	0	208
277	78	119	-10	307	667	90	169	0	121
278	51	31	20	84	444	90	0	231	89
279	109	175	20	264	624	90	0	196	137
280	150	98	-20	51	411	90	301	0	67
281	180	52	10	368	728	90	0	129	158
282	141	4	-30	469	829	90	172	0	112
283	152	3	-10	750	1110	90	117	0	135
284	166	117	20	170	530	90	0	134	115
285	93	7	-10	284	644	90	310	0	89
286	113	94	30	14	374	90	0	388	89
287	83	188	30	89	449	90	0	248	89
288	8	73	20	476	836	90	0	327	185
289	154	2	20	843	1203	90	0	158	272
290	17	150	20	96	456	90	0	61	89
291	116	189	30	90	450	90	0	52	67
292	140	11	10	97	457	90	0	326	67
293	189	97	-20	562	922	90	120	0	181
294	184	116	-10	558	918	90	19	0	135
295	198	76	10	466	826	90	0	220	181
296	186	94	20	276	636	90	0	372	137
297	97	65	20	586	946	90	0	329	227
298	154	172	30	90	450	90	0	73	63
299	90	160	-40	349	709	90	198	0	89
300	109	126	10	405	765	90	0	99	133
301	148	98	20	48	408	90	0	280	67
302	144	170	-20	291	651	90	87	0	94
303	193	83	20	94	454	90	0	229	89
304	15	87	-20	275	635	90	69	0	89
305	89	158	-30	442	802	90	12	0	91
306	153	29	20	368	728	90	0	2	159
307	183	152	-20	585	945	90	62	0	90
308	53	61	20	157	517	90	0	34	113
309	123	36	-30	350	710	90	342	0	137
310	59	57	10	59	419	90	0	285	89
311	102	122	10	774	1134	90	0	241	277
312	45	48	-20	456	816	90	379	0	161
313	185	96	-20	836	1196	90	254	0	182
314	120	192	10	188	548	90	0	22	113
315	165	113	10	66	426	90	0	151	67
316	177	145	-10	654	1014	90	363	0	185
317	126	192	-30	382	742	90	16	0	90
318	103	66	-10	400	760	90	100	0	136
319	69	47	10	438	798	90	0	43	184
320	150	3	10	567	927	90	0	168	204
321	110	164	-30	546	906	90	331	0	91
322	178	123	30	81	441	90	0	194	89
323	53	31	10	556	916	90	0	230	208
324	193	131	20	98	458	90	0	210	89
325	83	118	20	402	762	90	0	368	184
326	145	9	-10	101	461	90	292	0	67
327	12	69	-20	754	1114	90	288	0	185
328	145	189	30	282	642	90	0	95	135
329	97	67	-20	678	1038	90	297	0	227
330	193	28	-30	209	569	90	337	0	90
331	79	115	30	30	390	90	0	321	91
332	63	58	20	55	415	90	0	92	67
333	187	142	-10	191	551	90	371	0	89
334	99	12	30	88	448	90	0	195	89
335	181	89	10	81	441	90	0	82	89
336	111	93	-20	488	848	90	152	0	183
337	192	28	30	118	478	90	0	330	90
338	198	132	10	388	748	90	0	261	161
339	57	54	20	64	424	90	0	232	90
340	39	112	20	63	423	90	0	59	90
341	118	5	20	374	734	90	0	187	159
342	122	37	30	259	619	90	0	309	137
343	100	70	30	30	390	90	0	13	90
344	150	103	20	509	869	90	0	91	204
345	28	193	-20	574	934	90	48	0	180
346	121	36	-20	630	990	90	21	0	205
347	152	31	10	740	1100	90	0	376	253
348	175	57	30	89	449	90	0	263	90
349	149	101	20	417	777	90	0	130	181
350	140	3	10	377	737	90	0	75	158
351	165	116	10	262	622	90	0	356	138
352	143	5	-10	561	921	90	273	0	136
353	153	160	-40	666	1026	90	201	0	165
354	121	116	10	117	477	90	0	25	112
355	147	6	-10	196	556	90	214	0	90
356	162	118	-10	446	806	90	351	0	138
357	12	66	20	94	454	0	0	416	89
358	98	4	20	97	457	90	0	42	90
359	189	95	-10	369	729	90	199	0	91
360	91	160	30	60	420	90	0	28	89
361	147	26	30	182	542	90	0	377	113
362	85	192	-10	97	457	90	31	0	68
363	178	147	10	472	832	90	0	316	185
364	40	113	10	61	421	90	0	71	89
365	122	8	-30	189	549	90	216	0	85
366	119	113	30	23	383	90	0	83	67
367	45	104	-10	621	981	90	167	0	137
368	84	118	-20	493	853	90	325	0	184
369	8	154	20	475	835	0	0	418	182
370	25	146	30	182	542	90	0	170	113
371	178	140	10	87	447	90	0	333	89
372	146	103	-20	783	1143	90	296	0	137
373	40	108	30	158	518	90	0	391	114
374	183	148	10	95	455	90	0	264	89
375	99	128	20	28	388	90	0	149	68
376	151	35	-10	834	1194	90	347	0	253
377	154	27	-30	461	821	90	361	0	113
378	42	102	30	436	796	90	0	164	184
379	45	46	20	364	724	90	0	312	161
380	144	190	10	100	460	90	0	85	89
381	129	38	10	71	431	90	0	202	90
382	199	132	-30	297	657	90	270	0	90
383	193	111	20	559	919	90	0	131	206
384	172	51	-10	837	1197	90	114	0	89
385	188	88	20	88	448	90	0	93	89
386	40	49	-10	268	628	90	180	0	91
387	52	38	30	78	438	90	0	260	89
388	178	54	-30	275	635	90	286	0	89
389	181	175	-20	111	471	90	51	0	67
390	41	187	-20	107	467	90	174	0	67
391	49	104	-30	715	1075	90	373	0	114
392	150	99	20	142	502	90	0	58	112
393	106	166	10	66	426	90	0	132	89
394	5	73	-10	197	557	90	74	0	90
395	148	32	10	86	446	90	0	124	90
396	182	154	-30	492	852	90	67	0	137
397	116	12	20	89	449	90	0	227	89
398	78	115	10	121	481	90	0	267	66
399	121	188	-10	569	929	90	136	0	135
400	61	50	-30	249	609	90	146	0	111
401	134	6	-20	952	1312	90	228	0	303
402	151	28	-20	276	636	90	272	0	136
403	197	77	-20	557	917	90	103	0	204
404	190	24	-20	934	1294	90	258	0	294
405	23	137	-20	553	913	90	4	0	206
406	54	30	-10	465	825	90	225	0	185
407	118	92	-30	208	568	90	185	0	137
408	62	50	-20	340	700	90	8	0	159
409	185	124	-10	182	542	90	193	0	113
410	179	55	-30	183	543	90	235	0	113
411	90	161	-10	258	618	90	47	0	139
412	100	150	-10	235	595	90	212	0	136
413	46	51	-20	820	1180	90	84	0	276
414	159	121	-20	634	994	90	107	0	232
415	115	4	-20	467	827	90	207	0	182
416	12	66	-20	94	454	90	357	0	89
417	103	67	-20	309	669	90	145	0	158
418	8	154	-20	475	835	90	369	0	182

