100	200	1
0	100	100	0	0	1501	0	0	0
1	181	172	-30	219	549	90	389	0	27
2	154	31	-20	663	992	90	377	0	68
3	123	106	-30	649	895	90	270	0	30
4	23	137	20	636	829	0	0	401	74
5	190	28	20	115	430	90	0	153	31
6	8	71	-30	627	868	90	77	0	18
7	103	130	20	212	583	90	0	206	34
8	62	50	20	404	637	90	0	230	57
9	89	161	10	224	471	90	0	28	40
10	117	91	20	347	611	90	0	336	59
11	12	156	30	431	689	90	0	110	58
12	88	165	30	131	375	0	0	413	30
13	107	125	10	572	783	90	0	76	75
14	8	74	20	429	701	90	0	327	60
15	105	125	10	646	892	90	0	241	86
16	118	192	-10	141	410	90	393	0	22
17	146	11	10	100	279	90	0	214	17
18	93	13	30	434	687	90	0	329	59
19	188	125	10	339	571	90	0	55	47
20	87	117	10	719	994	0	0	415	97
21	123	31	-10	584	846	90	309	0	55
22	121	189	20	564	752	90	0	132	66
23	174	128	20	79	268	90	0	210	18
24	197	80	10	134	426	90	0	103	32
25	151	165	10	538	781	90	0	96	67
26	140	4	10	377	556	90	0	123	45
27	78	184	-10	913	1135	90	31	0	24
28	96	150	-10	642	956	90	9	0	40
29	96	147	-30	128	330	90	97	0	19
30	149	182	-40	653	844	90	177	0	58
31	87	191	10	91	335	90	0	27	24
32	189	151	-10	102	283	90	374	0	9
33	99	144	10	44	281	90	0	108	23
34	64	52	-20	785	1007	90	92	0	31
35	7	151	-10	721	955	90	218	0	48
36	151	99	10	310	515	90	0	91	46
37	87	118	-20	652	879	90	368	0	76
38	179	141	-20	156	391	90	150	0	21
39	192	151	10	255	507	90	0	62	21
40	143	0	10	718	955	0	0	403	84
41	66	58	-10	1069	1279	90	319	0	69
42	122	14	-20	1013	1229	90	207	0	69
43	66	52	-10	675	932	90	310	0	15
44	173	55	-10	85	336	90	114	0	15
45	119	37	-30	793	1012	90	202	0	39
46	199	28	-20	506	827	90	215	0	57
47	90	161	10	348	528	90	0	299	45
48	36	193	-20	545	767	90	390	0	29
49	159	160	20	84	313	90	0	298	12
50	194	112	10	509	787	90	0	383	66
51	176	173	20	105	351	90	0	242	24
52	117	193	30	94	308	90	0	314	21
53	186	96	20	791	1059	90	0	313	96
54	39	56	10	75	388	90	0	180	20
55	189	120	-10	424	677	90	19	0	47
56	29	139	10	81	327	90	0	182	12
57	37	190	-20	470	656	90	271	0	41
58	165	117	-20	401	664	90	83	0	29
59	16	84	-10	720	937	90	71	0	58
60	187	97	-20	733	935	90	293	0	74
61	10	153	-20	255	497	90	290	0	27
62	194	149	-10	161	414	90	39	0	21
63	187	112	-20	87	325	90	80	0	14
64	103	70	-20	107	319	90	269	0	19
65	193	159	20	450	690	90	0	396	57
66	77	115	20	267	518	90	0	277	48
67	190	154	30	372	577	90	0	264	47
68	3	75	-20	375	563	90	357	0	23
69	17	93	20	83	301	90	0	253	21
70	151	167	10	233	513	0	0	410	42
71	12	85	10	427	671	90	0	59	58
72	120	11	10	91	322	90	0	273	23
73	140	181	20	90	312	90	0	265	18
74	6	67	10	184	377	90	0	394	27
75	137	4	-20	1015	1223	90	109	0	29
76	103	124	-10	726	997	90	13	0	75
77	10	67	30	95	277	90	0	6	18
78	48	30	50	163	374	90	0	323	28
79	53	67	-20	482	757	90	165	0	30
80	164	113	20	65	312	90	0	63	14
81	47	49	-20	705	931	90	379	0	61
82	187	92	20	217	510	90	0	86	42
83	121	115	20	88	324	90	0	58	29
84	46	51	-20	875	1126	90	246	0	75
85	144	189	-10	260	483	90	380	0	29
86	180	93	-20	997	1227	90	82	0	42
87	152	168	20	203	360	90	0	302	27
88	117	95	10	17	331	90	0	152	31
89	195	25	-10	843	1045	90	160	0	26
90	108	168	-20	431	650	90	112	0	25
91	149	103	-10	638	922	90	36	0	46
92	60	58	20	58	373	90	0	34	31
93	197	79	-20	293	450	90	303	0	25
94	39	58	30	74	324	90	0	312	24
95	147	186	-30	515	793	90	328	0	47
96	154	163	-10	650	856	90	25	0	67
97	96	128	30	28	293	90	0	29	19
98	30	187	-30	745	956	90	345	0	74
99	123	121	20	365	605	90	0	175	57
100	104	68	-30	289	505	90	343	0	27
101	102	128	-30	190	419	90	149	0	27
102	18	89	10	82	303	90	0	211	22
103	197	77	-10	669	805	90	24	0	32
104	156	11	-20	1077	1306	90	168	0	85
105	144	33	30	80	267	90	0	272	18
106	101	67	-10	555	788	90	208	0	37
107	159	121	-20	700	929	90	356	0	67
108	84	192	-10	255	480	90	33	0	23
109	139	7	20	174	391	90	0	75	29
110	7	152	-30	646	847	90	11	0	58
111	181	147	20	336	602	90	0	194	49
112	104	170	20	70	327	90	0	90	25
113	13	81	-20	509	776	90	304	0	50
114	172	57	10	83	304	90	0	44	15
115	80	108	20	21	315	90	0	138	29
116	180	171	-10	390	560	90	181	0	25
117	146	3	10	370	568	90	0	247	46
118	123	33	-30	505	742	90	342	0	47
119	127	8	-20	814	1048	90	341	0	57
120	185	115	20	514	778	0	0	411	69
121	192	113	20	151	396	90	0	173	30
122	194	75	-30	824	1020	90	204	0	57
123	135	0	-10	907	1142	90	26	0	45
124	157	30	-20	639	830	90	155	0	24
125	53	29	-10	448	659	90	231	0	41
126	85	110	10	18	212	90	0	331	18
127	182	171	30	438	696	90	0	245	58
128	79	193	-10	788	1060	90	192	0	87
129	181	52	-20	500	777	90	388	0	50
130	148	103	-10	722	1020	90	280	0	34
131	190	109	-30	814	1032	90	161	0	60
132	119	188	-20	706	977	90	22	0	66
133	197	140	10	179	397	90	0	382	29
134	162	123	-10	618	823	90	351	0	49
135	102	170	-10	107	398	90	255	0	23
136	120	198	10	349	579	90	0	317	46
137	175	50	20	786	1060	90	0	384	95
138	23	142	-20	417	678	90	115	0	29
139	149	99	20	49	295	90	0	344	24
140	102	174	20	243	450	90	0	321	37
141	30	142	10	81	281	90	0	252	19
142	175	143	-10	894	1141	90	363	0	70
143	193	27	-20	326	634	90	330	0	40
144	193	82	10	94	345	90	0	295	25
145	103	67	20	321	656	90	0	318	55
146	55	64	30	291	570	90	0	268	51
147	197	25	-30	621	898	90	337	0	31
148	42	105	20	387	658	90	0	378	59
149	100	129	30	119	307	90	0	101	27
150	120	115	20	25	255	90	0	38	21
151	183	120	-30	85	391	90	322	0	21
152	115	89	-10	480	665	90	88	0	31
153	196	27	-20	742	963	90	5	0	31
154	131	38	20	69	266	90	0	381	19
155	145	31	20	82	329	90	0	124	24
156	196	137	-20	102	327	90	324	0	13
157	98	150	10	212	433	90	0	300	38
158	159	8	-10	1015	1226	90	320	0	74
159	15	88	-30	249	479	90	222	0	29
160	191	27	10	116	378	90	0	89	26
161	196	111	30	408	702	90	0	131	60
162	150	6	-10	531	777	90	326	0	25
163	95	74	20	835	1077	0	0	414	105
164	42	101	-10	594	820	90	167	0	50
165	53	59	20	122	368	90	0	79	30
166	193	23	20	937	1137	90	0	258	101
167	40	105	10	301	561	90	0	164	50
168	152	4	20	716	962	90	0	104	85
169	100	151	10	366	645	90	0	257	43
170	24	140	20	532	747	90	0	190	66
171	87	195	-30	454	653	90	287	0	27
172	140	6	30	263	486	90	0	352	38
173	197	113	-20	344	583	90	121	0	30
174	40	183	20	102	304	90	0	244	20
175	127	114	-20	544	803	90	99	0	57
176	182	46	10	693	958	0	0	405	85
177	151	190	40	428	688	90	0	30	58
178	8	69	-20	668	1012	90	288	0	68
179	44	52	20	226	479	0	0	412	40
180	43	54	-10	148	373	90	54	0	20
181	179	174	10	108	360	90	0	116	25
182	13	152	-10	101	316	90	56	0	12
183	137	1	-20	788	1077	90	226	0	23
184	127	118	-20	491	668	90	375	0	25
185	118	92	-20	275	502	90	217	0	32
186	129	40	20	66	313	90	0	346	24
187	123	4	10	653	837	90	0	200	73
188	55	24	-20	320	596	90	278	0	29
189	41	182	30	101	399	0	0	402	29
190	22	133	-20	710	944	90	170	0	66
191	151	101	20	395	614	0	0	409	56
192	82	194	10	694	968	90	0	128	87
193	185	124	10	245	478	90	0	294	38
194	180	147	-20	437	684	90	111	0	49
195	97	7	20	263	477	0	0	406	38
196	108	165	-20	521	746	90	279	0	45
197	47	50	-20	789	1029	90	386	0	48
198	93	167	-30	67	261	90	360	0	10
199	186	91	-10	140	404	90	335	0	22
200	124	6	-10	741	934	90	187	0	73
201	149	167	40	467	666	90	0	353	58
202	125	38	30	225	465	90	0	45	39
203	123	8	10	126	429	90	0	232	33
204	199	76	30	437	673	90	0	122	57
205	194	129	-10	624	882	90	338	0	55
206	124	117	-20	292	489	90	7	0	34
207	115	4	20	504	790	90	0	42	69
208	105	70	10	208	403	90	0	106	37
209	120	92	-30	192	401	90	286	0	22
210	200	136	-20	250	516	90	23	0	18
211	14	84	-10	626	846	90	102	0	22
212	100	150	10	288	542	90	0	311	49
213	190	112	20	90	322	90	0	233	23
214	146	7	-10	188	382	90	17	0	17
215	196	28	20	447	699	90	0	46	57
216	100	6	30	94	310	90	0	297	21
217	118	97	20	57	345	90	0	185	32
218	12	154	10	346	590	90	0	35	48
219	97	162	10	563	832	90	0	249	76
220	196	78	-20	708	948	90	229	0	46
221	172	114	-10	142	365	90	315	0	20
222	14	92	30	102	439	90	0	159	29
223	7	142	20	815	1058	0	0	408	95
224	63	55	-10	928	1232	90	225	0	65
225	54	30	10	552	737	90	0	224	65
226	141	8	20	100	336	90	0	183	23
227	156	12	-10	1090	1307	90	355	0	38
228	134	6	-20	1055	1312	90	282	0	67
229	198	78	20	356	568	90	0	220	46
230	65	53	-20	841	1134	90	8	0	57
231	52	28	10	227	500	90	0	125	41
232	125	15	-10	891	1166	90	203	0	33
233	199	115	-20	260	481	90	213	0	23
234	32	178	-10	947	1140	90	250	0	93
235	179	55	-30	257	469	90	348	0	28
236	11	151	20	166	401	90	0	369	29
237	99	154	-30	447	750	90	305	0	59
238	95	16	-20	542	766	90	285	0	50
239	83	197	-30	609	868	90	243	0	67
240	27	135	-30	895	1138	90	370	0	39
241	102	121	-10	916	1173	90	15	0	86
242	179	165	-20	664	848	90	51	0	24
243	87	196	30	512	777	90	0	239	67
244	38	190	-20	335	608	90	174	0	20
245	183	167	-30	535	787	90	127	0	58
246	46	49	20	628	826	90	0	84	75
247	149	5	-10	463	663	90	117	0	46
248	84	194	-10	326	593	90	362	0	29
249	93	150	-10	778	1007	90	219	0	76
250	35	186	10	842	1049	90	0	234	93
251	177	146	-10	623	864	90	354	0	42
252	26	147	-10	128	413	90	141	0	19
253	21	85	-20	795	1052	90	69	0	21
254	195	97	-20	523	769	90	296	0	49
255	99	146	10	46	293	90	0	135	23
256	195	129	40	544	781	90	0	261	68
257	105	127	-10	385	596	90	169	0	43
258	190	24	-20	1008	1252	90	166	0	101
259	178	165	30	719	975	0	0	416	87
260	68	50	-10	583	839	90	400	0	43
261	190	110	-40	688	977	90	256	0	68
262	60	51	-20	221	454	90	339	0	28
263	180	50	-10	602	859	90	281	0	56
264	181	151	-30	777	936	90	67	0	47
265	143	189	-20	98	374	90	73	0	18
266	56	59	30	60	329	90	0	308	26
267	48	108	20	52	364	90	0	364	11
268	50	67	-30	374	679	90	146	0	51
269	101	70	20	30	263	90	0	64	19
270	185	123	30	145	397	90	0	3	30
271	38	188	20	240	519	90	0	57	41
272	151	28	-30	325	587	90	105	0	18
273	121	8	-10	321	599	90	72	0	23
274	25	143	20	338	571	90	0	275	48
275	26	138	-20	840	1006	90	274	0	48
276	176	144	-10	801	1051	90	316	0	87
277	78	119	-20	363	611	90	66	0	48
278	51	31	20	84	379	90	0	188	29
279	109	175	20	361	527	90	0	196	45
280	150	98	10	68	393	90	0	130	34
281	180	52	10	436	660	90	0	263	56
282	141	4	20	521	777	90	0	228	67
283	152	3	20	786	1074	90	0	289	93
284	166	117	-30	243	457	90	366	0	26
285	93	7	20	331	598	90	0	238	50
286	113	94	30	14	241	90	0	209	22
287	83	188	30	89	369	90	0	171	27
288	8	73	20	535	776	90	0	178	68
289	154	2	-20	913	1133	90	283	0	93
290	17	150	20	96	373	90	0	61	27
291	116	189	30	90	266	90	0	399	17
292	140	11	10	97	351	90	0	350	25
293	189	97	20	645	839	90	0	60	74
294	184	116	-10	611	864	90	193	0	38
295	198	76	-10	549	742	90	144	0	25
296	186	94	20	334	578	90	0	254	49
297	97	65	-30	622	911	90	216	0	21
298	154	172	-20	90	310	90	49	0	12
299	90	160	-10	448	611	90	47	0	45
300	109	126	-10	474	695	90	157	0	38
301	148	98	20	48	363	90	0	349	31
302	144	170	-20	362	579	90	87	0	27
303	193	83	20	94	413	90	0	93	25
304	15	87	20	325	586	90	0	113	50
305	89	158	30	521	723	90	0	237	59
306	153	29	-10	416	681	90	395	0	26
307	183	152	30	623	907	0	0	404	80
308	53	61	-30	198	477	90	266	0	26
309	123	36	10	441	619	90	0	21	55
310	59	57	10	87	214	90	0	43	15
311	102	122	-10	809	1099	90	212	0	49
312	45	48	-30	533	739	90	94	0	24
313	185	96	-20	885	1146	90	53	0	96
314	120	192	-30	232	504	90	52	0	21
315	165	113	10	66	328	90	0	221	20
316	177	145	10	705	964	90	0	276	87
317	126	192	-10	464	660	90	136	0	46
318	103	66	-20	477	683	90	145	0	55
319	69	47	10	480	755	90	0	41	69
320	150	3	10	639	855	90	0	158	74
321	110	164	-20	594	858	90	140	0	37
322	178	123	30	81	353	90	0	151	21
323	53	31	-50	606	867	90	78	0	28
324	193	131	20	98	410	90	0	156	13
325	83	118	-10	479	684	90	398	0	37
326	145	9	10	101	357	90	0	162	25
327	12	69	-20	821	1047	90	14	0	60
328	145	189	30	350	574	90	0	95	47
329	97	67	-30	753	964	90	18	0	59
330	193	28	20	258	521	90	0	143	40
331	79	115	-10	121	300	90	126	0	18
332	63	58	20	55	356	90	0	387	9
333	187	142	-10	254	489	90	371	0	30
334	99	12	30	88	339	90	0	358	19
335	181	89	10	81	363	90	0	199	22
336	111	93	-20	549	786	90	10	0	59
337	192	28	30	167	429	90	0	147	31
338	198	132	10	474	663	90	0	205	55
339	57	54	20	138	349	90	0	262	28
340	39	112	20	110	377	90	0	373	31
341	118	5	20	432	676	90	0	119	57
342	122	37	30	340	537	90	0	118	47
343	100	70	30	30	303	90	0	100	27
344	150	103	-20	547	831	90	139	0	24
345	28	193	30	642	865	90	0	98	74
346	121	36	-20	684	937	90	186	0	24
347	152	31	-30	791	1048	90	361	0	43
348	175	57	30	164	373	90	0	235	28
349	149	101	-20	463	730	90	301	0	31
350	140	3	-10	417	697	90	292	0	25
351	165	116	10	321	563	90	0	134	49
352	143	5	-30	650	832	90	172	0	38
353	153	160	-40	765	928	90	201	0	58
354	121	116	10	141	453	90	0	251	42
355	147	6	10	263	489	90	0	227	38
356	162	118	20	513	738	90	0	107	67
357	12	66	20	94	327	90	0	68	23
358	98	4	-30	168	386	90	334	0	19
359	189	95	-20	437	661	90	385	0	25
360	91	160	30	60	195	90	0	198	10
361	147	26	30	203	521	90	0	347	43
362	85	192	10	167	386	90	0	248	29
363	178	147	10	511	794	90	0	142	70
364	40	113	-20	61	267	90	267	0	11
365	122	8	-20	244	493	90	397	0	18
366	119	113	30	23	291	90	0	284	26
367	45	104	20	696	906	90	0	391	85
368	84	118	20	540	806	90	0	37	76
369	8	154	-20	521	788	90	236	0	29
370	25	146	30	246	478	90	0	240	39
371	178	140	10	87	416	90	0	333	30
372	146	103	-20	841	1085	90	392	0	39
373	40	108	-20	204	472	90	340	0	31
374	183	148	10	95	321	90	0	32	9
375	99	128	20	28	281	90	0	184	25
376	151	35	20	894	1134	0	0	407	105
377	154	27	20	510	772	90	0	2	68
378	42	102	-20	466	766	90	148	0	59
379	45	46	20	395	692	90	0	81	61
380	144	190	10	110	450	90	0	85	29
381	129	38	-20	105	398	90	154	0	19
382	199	132	-10	387	568	90	133	0	29
383	193	111	-10	628	850	90	50	0	66
384	172	51	-20	898	1135	90	137	0	95
385	188	88	20	88	341	90	0	359	25
386	40	49	20	336	560	90	0	197	48
387	52	38	-20	78	259	90	332	0	9
388	178	54	20	316	594	90	0	129	50
389	181	175	30	199	383	90	0	1	27
390	41	187	20	169	404	90	0	48	29
391	49	104	-20	765	1025	90	367	0	85
392	150	99	20	201	443	90	0	372	39
393	106	166	10	66	304	90	0	16	22
394	5	73	-10	253	501	90	74	0	27
395	148	32	10	179	352	90	0	306	26
396	182	154	-20	558	786	90	65	0	57
397	116	12	20	89	276	90	0	365	18
398	78	115	10	198	405	90	0	325	37
399	121	188	-30	620	878	90	291	0	17
400	61	50	10	360	499	90	0	260	43
401	23	137	-20	636	829	90	4	0	74
402	41	182	-30	101	399	90	189	0	29
403	143	0	-10	718	955	90	40	0	84
404	183	152	-30	623	907	90	307	0	80
405	182	46	-10	693	958	90	176	0	85
406	97	7	-20	263	477	90	195	0	38
407	151	35	-20	894	1134	90	376	0	105
408	7	142	-20	815	1058	90	223	0	95
409	151	101	-20	395	614	90	191	0	56
410	151	167	-10	233	513	90	70	0	42
411	185	115	-20	514	778	90	120	0	69
412	44	52	-20	226	479	90	179	0	40
413	88	165	-30	131	375	90	12	0	30
414	95	74	-20	835	1077	90	163	0	105
415	87	117	-10	719	994	90	20	0	97
416	178	165	-30	719	975	90	259	0	87

