100	200	1
0	100	100	0	0	804	0	0	0
1	20	59	20	0	705	10	0	206	60
2	178	61	19	369	379	10	0	284	29
3	39	186	-28	0	689	10	41	0	13
4	182	110	-25	173	183	10	187	0	2
5	186	65	39	0	702	10	0	279	59
6	58	19	10	192	202	10	0	17	11
7	60	71	22	254	264	10	0	124	21
8	86	150	22	499	509	0	0	414	45
9	40	95	-11	512	522	10	209	0	19
10	123	90	21	25	35	10	0	21	0
11	55	100	22	0	749	10	0	165	21
12	18	35	24	629	639	10	0	202	53
13	88	152	-12	0	741	10	302	0	66
14	26	41	-22	0	700	10	370	0	39
15	24	131	31	319	329	10	0	49	24
16	97	192	23	204	214	10	0	293	12
17	63	44	-10	510	520	10	6	0	11
18	1	54	14	0	685	10	0	80	56
19	134	157	20	428	438	10	0	288	37
20	176	132	10	348	358	10	0	176	27
21	155	17	-21	106	116	10	10	0	0
22	159	187	9	487	497	10	0	382	39
23	174	194	8	472	482	10	0	247	36
24	136	90	-15	0	757	10	274	0	68
25	1	149	35	413	423	0	0	409	31
26	83	180	-30	276	286	10	273	0	0
27	63	141	14	0	739	10	0	371	45
28	39	112	-13	0	732	10	334	0	65
29	184	140	15	366	376	10	0	159	28
30	50	31	20	90	100	10	0	348	1
31	28	160	-24	403	413	10	174	0	29
32	143	179	-21	281	291	10	164	0	0
33	74	163	-25	0	726	10	188	0	0
34	39	151	-30	122	132	10	307	0	4
35	171	69	19	197	207	10	0	50	12
36	153	19	-9	0	698	10	363	0	53
37	111	189	3	0	705	10	0	169	60
38	5	122	15	373	383	10	0	158	28
39	159	105	20	586	596	0	0	416	53
40	49	99	32	0	743	10	0	60	67
41	53	175	28	213	223	10	0	3	13
42	48	106	23	183	193	10	0	154	14
43	101	127	31	27	37	10	0	309	0
44	149	78	6	0	741	10	0	275	12
45	78	169	-12	0	722	10	338	0	29
46	157	142	13	70	80	10	0	285	0
47	75	170	-23	0	720	10	366	0	58
48	156	93	-17	0	738	10	166	0	66
49	5	130	-31	0	695	10	15	0	24
50	158	81	-19	519	529	10	35	0	12
51	85	85	14	0	773	10	0	108	73
52	189	83	43	214	224	10	0	121	13
53	66	3	9	0	692	10	0	110	54
54	45	95	15	0	739	0	0	412	68
55	162	162	20	0	707	10	0	321	60
56	84	188	17	0	705	10	0	141	36
57	38	101	-21	0	732	10	137	0	39
58	55	51	17	0	728	10	0	157	58
59	176	58	-13	0	708	10	79	0	60
60	48	94	-32	0	742	10	40	0	67
61	173	147	19	0	708	0	0	402	62
62	35	9	29	240	250	10	0	123	13
63	112	42	33	0	735	10	0	180	33
64	11	118	33	122	132	10	0	323	4
65	155	22	-19	137	147	10	77	0	3
66	42	174	13	0	700	10	0	387	21
67	154	7	-14	0	687	10	314	0	0
68	181	39	11	0	693	0	0	410	59
69	60	153	11	107	117	10	0	112	5
70	171	36	6	0	699	10	0	97	15
71	158	132	-17	0	728	10	208	0	56
72	112	174	20	80	90	10	0	139	1
73	97	129	-4	594	604	10	102	0	43
74	68	191	-11	542	552	10	190	0	2
75	124	191	24	206	216	10	0	301	12
76	86	110	-28	549	559	10	215	0	27
77	158	20	19	0	696	10	0	65	3
78	130	55	-19	432	442	10	322	0	30
79	180	66	13	0	708	10	0	59	60
80	18	59	-14	0	703	10	18	0	56
81	139	158	-27	488	498	10	294	0	10
82	37	146	-26	320	330	10	221	0	17
83	17	32	-15	481	491	10	93	0	19
84	86	69	14	0	760	10	0	111	22
85	67	70	18	0	750	10	0	245	68
86	119	113	35	48	58	10	0	324	3
87	136	12	21	134	144	10	0	134	4
88	49	71	36	0	736	10	0	179	66
89	121	48	17	293	303	10	0	182	24
90	118	117	20	49	59	10	0	163	3
91	104	88	-7	0	782	10	193	0	24
92	89	176	-16	437	447	10	250	0	0
93	46	40	15	262	272	10	0	83	19
94	78	72	9	0	759	10	0	226	42
95	69	150	-10	0	736	10	362	0	17
96	6	120	25	0	698	0	0	411	60
97	154	29	-6	269	279	10	70	0	15
98	70	130	-7	0	752	10	368	0	67
99	172	186	35	0	682	10	0	212	54
100	23	168	13	0	692	10	0	327	57
101	65	42	12	0	727	0	0	407	65
102	53	180	4	0	702	10	0	73	43
103	90	4	-16	0	698	10	308	0	3
104	76	102	15	24	34	0	0	408	0
105	30	67	-29	280	290	10	298	0	19
106	138	72	-11	0	747	10	173	0	30
107	68	115	-31	575	585	10	276	0	26
108	84	81	-14	0	770	10	51	0	73
109	104	142	24	0	752	10	0	400	68
110	104	5	-9	0	699	10	53	0	54
111	31	63	-14	316	326	10	84	0	22
112	30	183	-11	297	307	10	69	0	5
113	141	146	15	0	733	10	0	251	65
114	159	196	-16	248	258	10	155	0	0
115	20	72	21	261	271	10	0	242	18
116	113	100	-18	0	781	10	325	0	65
117	184	101	-23	249	259	10	184	0	11
118	82	48	-21	0	739	10	341	0	4
119	57	157	-19	90	100	10	146	0	1
120	67	138	11	81	91	10	0	399	4
121	181	70	-43	0	708	10	52	0	13
122	63	149	17	0	733	10	0	374	55
123	41	43	-29	0	712	10	62	0	13
124	74	67	-22	335	345	10	7	0	21
125	138	61	-23	272	282	10	303	0	9
126	182	9	30	302	312	10	0	135	18
127	104	176	-10	0	718	10	367	0	38
128	60	184	7	336	346	10	0	162	25
129	63	192	-25	0	695	10	240	0	56
130	77	119	-13	370	380	10	270	0	0
131	137	41	15	425	435	10	0	287	36
132	151	180	-30	565	575	10	237	0	22
133	63	151	22	0	731	10	0	376	65
134	146	3	-21	0	687	10	87	0	4
135	186	8	-30	334	344	10	126	0	18
136	51	162	20	0	715	10	0	255	57
137	57	118	21	431	441	10	0	57	39
138	107	96	-24	0	786	10	213	0	67
139	154	184	-20	328	338	10	72	0	1
140	46	5	-10	0	685	10	292	0	0
141	80	190	-17	454	464	10	56	0	36
142	100	144	17	259	269	10	0	337	22
143	121	46	-25	0	737	10	170	0	65
144	177	134	26	336	346	10	0	286	26
145	155	107	10	0	739	10	0	396	64
146	62	152	19	0	730	10	0	119	1
147	148	38	-22	0	716	10	201	0	55
148	178	127	23	213	223	10	0	207	14
149	41	16	6	0	692	10	0	256	41
150	144	92	-22	0	750	10	236	0	0
151	122	13	27	0	705	10	0	330	59
152	197	7	13	0	660	10	0	297	24
153	9	122	-8	387	397	10	329	0	28
154	27	97	-23	306	316	10	42	0	14
155	149	176	16	90	100	10	0	114	0
156	106	41	-18	0	735	10	263	0	64
157	19	51	-17	0	700	10	58	0	58
158	8	89	-15	0	702	10	38	0	28
159	151	132	-15	0	734	10	29	0	28
160	56	148	-11	0	729	10	344	0	65
161	122	38	-21	450	460	10	304	0	4
162	90	174	-7	0	720	10	128	0	25
163	114	122	-20	223	233	10	90	0	3
164	108	148	21	48	58	10	0	32	0
165	41	73	-22	292	302	10	11	0	21
166	149	103	17	0	745	10	0	48	66
167	42	148	14	603	613	10	0	203	53
168	103	97	9	4	14	10	0	195	0
169	107	133	-3	0	761	10	37	0	60
170	95	50	25	0	744	10	0	143	65
171	114	183	35	0	710	10	0	350	6
172	113	105	-3	255	265	10	388	0	10
173	142	27	11	380	390	10	0	106	30
174	25	165	24	383	393	10	0	31	29
175	168	58	29	232	242	0	0	403	16
176	200	162	-10	504	514	10	20	0	27
177	135	110	7	36	46	10	0	372	0
178	66	98	-41	643	653	10	227	0	17
179	55	87	-36	0	748	10	88	0	66
180	116	52	-33	402	412	10	63	0	33
181	125	53	-34	0	741	10	218	0	4
182	115	50	-17	380	390	10	89	0	24
183	97	9	-29	0	703	10	343	0	1
184	184	110	23	191	201	10	0	117	11
185	110	110	-18	602	612	10	232	0	52
186	63	116	-13	505	515	10	391	0	41
187	152	122	25	73	83	10	0	4	2
188	94	119	25	19	29	10	0	33	0
189	46	131	-22	351	361	10	305	0	19
190	81	183	11	97	107	10	0	74	2
191	3	101	-15	577	587	10	197	0	46
192	191	124	7	0	700	10	0	373	58
193	135	45	7	298	308	10	0	91	24
194	125	49	17	0	738	10	0	342	4
195	173	42	-9	0	701	10	168	0	0
196	172	179	-15	571	581	10	246	0	1
197	23	123	15	0	714	10	0	191	46
198	12	15	-11	0	672	10	331	0	52
199	118	45	-10	364	374	10	316	0	13
200	10	20	-11	0	674	10	252	0	52
201	161	3	22	0	680	10	0	147	55
202	19	38	-24	0	692	10	12	0	53
203	62	138	-14	0	741	10	167	0	53
204	145	71	10	0	741	0	0	406	68
205	32	23	-18	0	692	10	264	0	24
206	42	72	-20	0	730	10	1	0	60
207	193	127	-23	0	698	10	148	0	14
208	183	170	17	0	686	10	0	71	56
209	36	104	11	251	261	10	0	9	19
210	124	165	24	0	725	10	0	361	62
211	198	97	14	234	244	10	0	312	14
212	168	146	-35	0	712	10	99	0	54
213	121	50	24	0	740	10	0	138	67
214	92	178	26	0	716	10	0	380	11
215	68	156	28	326	336	10	0	76	27
216	115	75	26	29	39	10	0	220	0
217	59	139	-20	0	738	10	299	0	26
218	112	78	34	58	68	10	0	181	4
219	7	119	30	0	700	10	0	340	42
220	123	59	-26	0	747	10	216	0	0
221	5	162	26	0	681	10	0	82	17
222	147	193	29	130	140	10	0	271	3
223	186	149	-6	0	696	10	390	0	18
224	122	58	15	0	747	10	0	353	68
225	113	158	19	418	428	10	0	243	36
226	76	93	-9	477	487	10	94	0	42
227	40	115	41	229	239	10	0	178	17
228	53	79	14	482	492	10	0	384	44
229	172	55	11	0	710	10	0	397	61
230	137	10	21	0	697	10	0	378	22
231	37	177	21	432	442	0	0	413	34
232	131	136	18	0	747	10	0	185	52
233	100	53	-31	686	696	10	313	0	59
234	113	14	-14	564	574	10	269	0	22
235	159	129	10	0	729	10	0	295	41
236	114	72	22	31	41	10	0	150	0
237	157	196	30	331	341	10	0	132	22
238	148	196	13	350	360	10	0	265	25
239	24	197	17	0	671	10	0	365	52
240	85	193	25	0	700	10	0	129	56
241	68	40	23	68	78	10	0	332	1
242	23	74	-21	567	577	10	115	0	18
243	85	164	-19	0	729	10	225	0	36
244	111	129	27	31	41	10	0	259	0
245	69	64	-18	0	747	10	85	0	68
246	174	185	15	122	132	10	0	196	1
247	165	156	-8	0	709	10	23	0	36
248	26	45	8	0	702	10	0	392	58
249	127	143	7	551	561	0	0	405	51
250	75	134	16	42	52	10	0	92	0
251	141	132	-15	0	742	10	113	0	65
252	8	8	11	0	664	10	0	200	52
253	12	113	-24	0	706	10	326	0	59
254	28	187	-22	509	519	10	267	0	31
255	41	186	-20	0	690	10	136	0	57
256	62	38	-6	549	559	10	149	0	41
257	16	141	-22	536	546	10	290	0	1
258	78	118	-23	638	648	10	315	0	31
259	113	151	-27	350	360	10	244	0	0
260	40	130	-21	148	158	10	291	0	0
261	142	60	13	423	433	10	0	359	37
262	116	4	13	102	112	10	0	346	1
263	94	31	18	0	725	10	0	156	64
264	28	15	18	342	352	10	0	205	24
265	152	190	-13	0	691	10	238	0	25
266	7	108	32	0	701	0	0	401	60
267	42	165	22	393	403	10	0	254	31
268	182	89	21	0	712	10	0	282	47
269	125	34	14	282	292	10	0	234	22
270	118	139	13	42	52	10	0	130	0
271	148	157	-29	0	720	10	222	0	3
272	59	24	19	374	384	10	0	306	29
273	75	173	30	77	87	10	0	26	0
274	143	103	15	0	751	10	0	24	68
275	188	70	-6	214	224	10	44	0	12
276	78	136	31	302	312	10	0	107	26
277	146	166	-1	0	714	10	377	0	1
278	103	25	2	80	90	10	0	385	1
279	152	68	-39	0	733	10	5	0	59
280	137	59	23	322	332	10	0	395	27
281	98	77	7	0	771	10	0	389	1
282	136	111	-21	611	621	10	268	0	47
283	198	16	-16	206	216	10	345	0	7
284	154	59	-19	0	727	10	2	0	29
285	176	134	-13	0	711	10	46	0	0
286	179	151	-26	0	700	10	144	0	26
287	125	78	-15	0	761	10	131	0	36
288	114	112	-20	0	776	10	19	0	37
289	172	66	23	296	306	10	0	360	22
290	20	113	22	89	99	10	0	257	1
291	67	127	21	42	52	10	0	260	0
292	70	37	10	69	79	10	0	140	0
293	109	197	-23	0	697	10	16	0	12
294	135	171	27	173	183	10	0	81	10
295	181	156	-10	517	527	10	235	0	41
296	35	160	-15	0	706	10	369	0	60
297	193	12	-13	384	394	10	152	0	24
298	98	89	29	0	783	10	0	105	19
299	23	176	20	363	373	10	0	217	26
300	54	37	-7	0	716	10	375	0	0
301	151	179	-24	0	700	10	75	0	12
302	116	118	12	0	770	10	0	13	66
303	127	60	23	138	148	10	0	125	9
304	103	77	21	54	64	10	0	161	4
305	17	166	22	0	688	10	0	189	19
306	46	22	-19	0	700	10	272	0	29
307	42	144	30	0	722	10	0	34	4
308	44	10	16	128	138	10	0	103	3
309	108	187	-31	0	707	10	43	0	0
310	64	156	-12	360	370	10	386	0	8
311	83	81	21	0	769	10	0	335	71
312	199	123	-14	0	693	10	211	0	14
313	120	39	31	0	730	10	0	233	59
314	109	45	14	55	65	10	0	67	0
315	114	153	23	362	372	10	0	258	31
316	87	30	10	198	208	10	0	199	13
317	131	92	22	0	762	10	0	383	61
318	137	158	3	220	230	10	0	357	16
319	65	77	-12	0	753	10	381	0	63
320	191	138	2	0	696	10	0	333	56
321	161	158	-20	0	710	10	55	0	60
322	164	37	19	0	705	10	0	78	30
323	47	118	-33	729	739	10	64	0	4
324	111	98	-35	608	618	10	86	0	3
325	144	59	18	0	734	10	0	116	65
326	28	127	24	0	718	10	0	253	59
327	34	145	-13	0	715	10	100	0	57
328	165	181	22	103	113	10	0	352	0
329	50	135	8	0	733	10	0	153	28
330	105	26	-27	0	720	10	151	0	59
331	70	28	11	0	716	10	0	198	52
332	10	60	-23	538	548	10	241	0	1
333	172	161	-2	0	700	10	320	0	56
334	51	112	13	0	744	10	0	28	65
335	73	81	-21	0	761	10	311	0	71
336	69	133	-13	0	749	10	356	0	51
337	71	114	-17	671	681	10	142	0	22
338	84	180	12	371	381	10	0	45	29
339	112	6	-26	628	638	10	393	0	40
340	31	79	-30	567	577	10	219	0	42
341	99	45	21	94	104	10	0	118	4
342	127	39	-17	110	120	10	194	0	4
343	62	15	29	99	109	10	0	183	1
344	71	131	11	0	752	10	0	160	65
345	197	29	16	0	674	10	0	283	7
346	138	31	-13	0	716	10	262	0	1
347	138	69	9	0	745	10	0	379	60
348	25	48	-20	452	462	10	30	0	1
349	59	83	24	237	247	0	0	415	20
350	126	199	-35	165	175	10	171	0	6
351	32	47	-3	160	170	10	355	0	6
352	188	194	-22	290	300	10	328	0	0
353	109	85	-15	0	777	10	224	0	68
354	13	139	-28	682	692	10	364	0	6
355	74	55	3	0	743	10	0	351	6
356	6	193	13	0	662	10	0	336	51
357	130	149	-3	0	737	10	318	0	16
358	45	55	11	0	723	0	0	404	65
359	126	100	-13	0	768	10	261	0	37
360	178	88	-23	332	342	10	289	0	22
361	129	176	-24	0	713	10	210	0	62
362	80	167	10	232	242	10	0	95	17
363	179	5	9	0	671	10	0	36	53
364	12	131	28	145	155	10	0	354	6
365	15	197	-17	0	666	10	239	0	52
366	66	196	23	0	693	10	0	47	58
367	110	184	10	461	471	10	0	127	38
368	71	145	7	0	741	10	0	98	67
369	45	142	15	0	725	10	0	296	60
370	56	19	22	481	491	10	0	14	39
371	26	197	-14	581	591	10	27	0	45
372	179	95	-7	485	495	10	177	0	0
373	196	126	-7	0	695	10	192	0	58
374	32	190	-17	0	682	10	122	0	55
375	101	29	7	71	81	10	0	300	0
376	83	112	-22	0	774	10	133	0	65
377	125	180	1	90	100	10	0	277	1
378	145	19	-21	335	345	10	230	0	22
379	150	26	-9	0	705	10	347	0	60
380	98	193	-26	212	222	10	214	0	11
381	28	77	12	0	719	10	0	319	63
382	143	116	-9	0	749	10	22	0	39
383	175	60	-22	0	709	10	317	0	61
384	56	90	-14	539	549	10	228	0	44
385	88	15	-2	0	709	10	278	0	1
386	89	153	12	131	141	10	0	310	8
387	38	183	-13	319	329	10	66	0	21
388	109	48	3	145	155	10	0	172	10
389	89	39	-7	73	83	10	281	0	1
390	195	132	6	273	283	10	0	223	18
391	108	141	13	0	753	10	0	186	41
392	22	61	-8	0	707	10	248	0	58
393	110	8	26	488	498	10	0	339	40
394	64	123	17	180	190	10	0	398	14
395	139	97	-23	635	645	10	280	0	27
396	168	119	-10	0	724	10	145	0	64
397	151	66	-11	0	733	10	229	0	61
398	29	121	-17	0	720	10	394	0	14
399	32	166	-11	0	700	10	120	0	4
400	88	143	-24	0	750	10	109	0	68
401	7	108	-32	0	701	10	266	0	60
402	173	147	-19	0	708	10	61	0	62
403	168	58	-29	232	242	10	175	0	16
404	45	55	-11	0	723	10	358	0	65
405	127	143	-7	551	561	10	249	0	51
406	145	71	-10	0	741	10	204	0	68
407	65	42	-12	0	727	10	101	0	65
408	76	102	-15	24	34	10	104	0	0
409	1	149	-35	413	423	10	25	0	31
410	181	39	-11	0	693	10	68	0	59
411	6	120	-25	0	698	10	96	0	60
412	45	95	-15	0	739	10	54	0	68
413	37	177	-21	432	442	10	231	0	34
414	86	150	-22	499	509	10	8	0	45
415	59	83	-24	237	247	10	349	0	20
416	159	105	-20	586	596	10	39	0	53

