100	200	1
0	100	100	0	0	804	0	0	0
1	20	59	20	512	522	10	0	242	43
2	178	61	-19	369	379	10	35	0	12
3	39	186	-27	185	195	10	255	0	5
4	182	110	-25	173	183	10	187	0	2
5	186	65	39	477	487	10	0	279	39
6	58	19	10	192	202	10	0	272	11
7	60	71	-24	254	264	10	349	0	19
8	86	150	22	499	509	10	0	400	45
9	40	95	-26	512	522	10	28	0	8
10	123	90	21	25	35	0	0	415	0
11	55	100	22	45	55	10	0	290	0
12	18	35	-6	629	639	10	149	0	2
13	88	152	13	160	170	10	0	258	11
14	26	41	14	153	163	10	0	18	6
15	24	131	31	319	329	10	0	137	24
16	97	192	23	204	214	10	0	215	12
17	63	44	-29	510	520	10	343	0	1
18	1	54	-14	297	307	10	14	0	6
19	134	157	-21	428	438	10	271	0	26
20	176	132	10	348	358	10	0	235	27
21	155	17	32	106	116	10	0	201	1
22	159	187	9	487	497	0	0	404	39
23	174	194	-22	472	482	10	328	0	0
24	136	90	18	37	47	10	0	79	0
25	1	149	-16	413	423	10	296	0	1
26	83	180	15	276	286	10	0	146	20
27	63	141	-16	163	173	10	250	0	0
28	39	112	26	140	150	10	0	9	8
29	184	140	-6	366	376	10	159	0	12
30	50	31	20	90	100	10	0	123	1
31	28	160	-17	403	413	10	399	0	23
32	143	179	24	281	291	10	0	265	20
33	74	163	-26	650	660	10	119	0	2
34	39	151	26	122	132	10	0	260	4
35	171	69	19	197	207	10	0	2	12
36	153	19	-19	343	353	10	97	0	18
37	111	189	3	513	523	10	0	109	43
38	5	122	15	373	383	10	0	153	28
39	159	105	20	586	596	10	0	395	53
40	49	99	32	227	237	10	0	384	18
41	53	175	28	213	223	10	0	128	13
42	48	106	23	183	193	10	0	209	14
43	101	127	31	27	37	10	0	72	0
44	149	78	6	457	467	10	0	150	41
45	78	169	-22	298	308	10	309	0	0
46	157	142	13	70	80	10	0	390	0
47	75	170	-25	528	538	10	240	0	23
48	156	93	-12	431	441	10	71	0	31
49	5	130	-18	660	670	10	206	0	13
50	158	81	-13	519	529	10	275	0	13
51	85	85	-17	579	589	10	58	0	22
52	189	83	43	214	224	10	0	360	13
53	66	3	-13	381	391	10	183	0	24
54	45	95	15	211	221	10	0	57	16
55	162	162	-6	353	363	10	114	0	14
56	84	188	-20	498	508	10	136	0	4
57	38	101	-15	342	352	10	54	0	16
58	55	51	17	278	288	10	0	51	22
59	176	58	-18	236	246	10	383	0	1
60	48	94	-15	383	393	10	104	0	0
61	173	147	-20	479	489	10	286	0	24
62	35	9	-11	240	250	10	252	0	2
63	112	42	33	458	468	10	0	91	40
64	11	118	33	122	132	10	0	364	4
65	155	22	24	137	147	10	0	134	5
66	42	174	-30	123	133	10	273	0	0
67	154	7	-30	360	370	10	126	0	18
68	181	39	11	380	390	10	0	229	28
69	60	153	11	107	117	10	0	267	5
70	171	36	-21	643	653	10	230	0	36
71	158	132	12	368	378	10	0	48	31
72	112	174	-31	80	90	10	43	0	0
73	97	129	11	594	604	0	0	408	57
74	68	191	-13	542	552	10	141	0	37
75	124	191	24	206	216	10	0	367	12
76	86	110	-11	549	559	10	344	0	47
77	158	20	-11	582	592	10	287	0	0
78	130	55	28	432	442	10	0	353	38
79	180	66	-18	92	102	10	24	0	0
80	18	59	-21	433	443	10	115	0	18
81	139	158	-3	488	498	10	318	0	16
82	37	146	-21	320	330	10	327	0	21
83	17	32	16	481	491	0	0	412	38
84	86	69	14	186	196	10	0	85	16
85	67	70	-14	442	452	10	84	0	16
86	119	113	35	48	58	10	0	169	3
87	136	12	21	134	144	10	0	173	4
88	49	71	-11	488	498	10	111	0	24
89	121	48	-21	293	303	10	341	0	4
90	118	117	20	49	59	10	0	288	3
91	104	88	-33	737	747	10	63	0	40
92	89	176	13	437	447	10	0	214	37
93	46	40	-12	262	272	10	101	0	16
94	78	72	9	35	45	10	0	205	0
95	69	150	-18	574	584	10	361	0	8
96	6	120	-11	569	579	10	108	0	0
97	154	29	19	269	279	10	0	36	18
98	70	130	-21	479	489	10	189	0	29
99	172	186	35	121	131	10	0	185	1
100	23	168	13	489	499	10	0	257	39
101	65	42	12	223	233	10	0	93	16
102	53	180	4	288	298	10	0	174	20
103	90	4	22	113	123	10	0	370	2
104	76	102	15	24	34	10	0	60	0
105	30	67	-29	280	290	10	298	0	0
106	138	72	8	152	162	10	0	125	11
107	68	115	-21	575	585	10	186	0	47
108	84	81	11	24	34	10	0	96	0
109	104	142	-3	636	646	10	37	0	43
110	104	5	26	201	211	10	0	331	11
111	31	63	11	316	326	10	0	88	24
112	30	183	9	297	307	10	0	387	19
113	141	146	-9	542	552	10	352	0	17
114	159	196	6	248	258	10	0	55	14
115	20	72	21	261	271	10	0	80	18
116	113	100	-15	240	250	10	274	0	14
117	184	101	17	249	259	10	0	176	17
118	82	48	8	100	110	10	0	351	5
119	57	157	26	90	100	10	0	33	2
120	67	138	11	81	91	10	0	191	4
121	181	70	-13	535	545	10	152	0	16
122	63	149	17	70	80	10	0	368	1
123	41	43	-20	517	527	10	30	0	1
124	74	67	-23	335	345	10	303	0	9
125	138	61	-8	272	282	10	106	0	11
126	182	9	30	302	312	10	0	67	18
127	104	176	-18	240	250	10	350	0	7
128	60	184	-28	336	346	10	41	0	13
129	63	192	12	243	253	10	0	369	15
130	77	119	-31	370	380	10	276	0	26
131	137	41	15	425	435	10	0	233	36
132	151	180	-15	565	575	10	246	0	1
133	63	151	-27	560	570	10	380	0	12
134	146	3	-24	442	452	10	65	0	5
135	186	8	-3	334	344	10	195	0	0
136	51	162	20	112	122	10	0	56	4
137	57	118	-31	431	441	10	15	0	24
138	107	96	23	8	18	10	0	172	0
139	154	184	36	328	338	10	0	295	23
140	46	5	8	373	383	10	0	306	27
141	80	190	13	454	464	10	0	74	37
142	100	144	17	259	269	0	0	413	22
143	121	46	-9	176	186	10	168	0	0
144	177	134	-7	336	346	10	192	0	7
145	155	107	10	560	570	10	0	359	51
146	62	152	-15	464	474	10	26	0	20
147	148	38	6	246	256	10	0	378	17
148	178	127	23	213	223	10	0	212	14
149	41	16	6	122	132	10	0	12	2
150	144	92	-6	521	531	10	44	0	41
151	122	13	-13	150	160	10	342	0	5
152	197	7	13	288	298	10	0	121	16
153	9	122	-15	387	397	10	38	0	28
154	27	97	30	306	316	10	0	323	24
155	149	176	16	90	100	10	0	222	0
156	106	41	13	276	286	10	0	330	22
157	19	51	19	175	185	10	0	198	9
158	8	89	-32	218	228	10	266	0	0
159	151	132	6	175	185	10	0	29	12
160	56	148	-26	537	547	10	217	0	28
161	122	38	-28	450	460	10	199	0	31
162	90	174	18	227	237	10	0	310	16
163	114	122	10	223	233	10	0	302	20
164	108	148	21	48	58	10	0	377	0
165	41	73	21	292	302	10	0	228	23
166	149	103	17	49	59	10	0	211	0
167	42	148	14	603	613	10	0	307	53
168	103	97	9	4	14	10	0	143	0
169	107	133	-35	435	445	10	86	0	3
170	95	50	-18	247	257	10	263	0	0
171	114	183	35	263	273	10	0	293	18
172	113	105	-23	255	265	10	138	0	0
173	142	27	-21	380	390	10	87	0	4
174	25	165	-4	383	393	10	102	0	20
175	168	58	-22	232	242	10	317	0	0
176	200	162	-17	504	514	10	117	0	17
177	135	110	7	36	46	10	0	251	0
178	66	98	-46	643	653	10	398	0	21
179	55	87	30	213	223	0	0	403	17
180	116	52	10	402	412	10	0	313	36
181	125	53	-10	383	393	10	204	0	14
182	115	50	-21	380	390	10	304	0	4
183	97	9	13	329	339	10	0	53	24
184	184	110	23	191	201	10	0	312	11
185	110	110	-35	602	612	10	99	0	1
186	63	116	21	505	515	10	0	107	47
187	152	122	25	73	83	10	0	4	2
188	94	119	25	19	29	10	0	366	0
189	46	131	21	351	361	10	0	98	29
190	81	183	-23	97	107	10	243	0	0
191	3	101	-11	577	587	10	120	0	4
192	191	124	7	160	170	10	0	144	7
193	135	45	-15	298	308	10	224	0	1
194	125	49	-3	300	310	10	388	0	10
195	173	42	3	93	103	10	0	135	0
196	172	179	1	571	581	10	0	232	47
197	23	123	-24	300	310	10	326	0	14
198	12	15	-19	535	545	10	157	0	9
199	118	45	28	364	374	10	0	161	31
200	10	20	14	599	609	10	0	335	48
201	161	3	-32	531	541	10	21	0	1
202	19	38	-23	464	474	10	241	0	1
203	62	138	-21	635	645	10	231	0	34
204	145	71	10	193	203	10	0	181	14
205	32	23	-9	190	200	10	94	0	0
206	42	72	18	190	200	10	0	49	13
207	193	127	7	517	527	10	0	396	43
208	183	170	-6	203	213	10	333	0	4
209	36	104	-23	251	261	10	42	0	14
210	124	165	-27	462	472	10	244	0	0
211	198	97	-17	234	244	10	166	0	0
212	168	146	-23	263	273	10	148	0	14
213	121	50	-26	122	132	10	216	0	0
214	92	178	-13	481	491	10	92	0	37
215	68	156	-23	326	336	10	16	0	12
216	115	75	26	29	39	10	0	213	0
217	59	139	26	331	341	10	0	160	28
218	112	78	34	58	68	10	0	245	4
219	7	119	-2	371	381	10	253	0	26
220	123	59	-23	403	413	10	280	0	27
221	5	162	-21	134	144	10	291	0	0
222	147	193	-16	130	140	10	155	0	0
223	186	149	25	106	116	10	0	324	1
224	122	58	15	53	63	10	0	193	1
225	113	158	-2	418	428	10	259	0	30
226	76	93	-3	477	487	10	355	0	31
227	40	115	-13	229	239	10	334	0	16
228	53	79	-21	482	492	10	165	0	23
229	172	55	-11	465	475	10	68	0	28
230	137	10	21	450	460	10	0	70	36
231	37	177	21	432	442	10	0	203	34
232	131	136	-1	641	651	10	196	0	47
233	100	53	-15	686	696	10	131	0	36
234	113	14	-10	564	574	10	316	0	13
235	159	129	-10	393	403	10	20	0	27
236	114	72	22	31	41	10	0	269	0
237	157	196	-13	331	341	10	270	0	0
238	148	196	-17	350	360	10	247	0	3
239	24	197	17	488	498	10	0	365	37
240	85	193	25	320	330	10	0	47	23
241	68	40	23	68	78	10	0	202	1
242	23	74	-20	567	577	10	1	0	43
243	85	164	23	65	75	10	0	190	0
244	111	129	27	31	41	10	0	210	0
245	69	64	-34	219	229	10	218	0	4
246	174	185	15	122	132	10	0	132	1
247	165	156	17	114	124	10	0	238	3
248	26	45	8	232	242	10	0	348	14
249	127	143	-24	551	561	10	277	0	30
250	75	134	16	42	52	10	0	27	0
251	141	132	-7	87	97	10	177	0	0
252	8	8	11	148	158	10	0	62	2
253	12	113	2	343	353	10	0	219	26
254	28	187	-13	509	519	10	374	0	17
255	41	186	27	145	155	10	0	3	5
256	62	38	19	549	559	10	0	300	48
257	16	141	-13	536	546	10	100	0	39
258	78	118	-13	638	648	10	13	0	11
259	113	151	2	350	360	10	0	225	30
260	40	130	-26	148	158	10	34	0	4
261	142	60	13	423	433	10	0	325	37
262	116	4	13	102	112	0	0	410	1
263	94	31	18	69	79	10	0	170	0
264	28	15	18	342	352	10	0	340	24
265	152	190	-24	311	321	10	32	0	20
266	7	108	32	93	103	10	0	158	0
267	42	165	-11	393	403	10	69	0	5
268	182	89	21	440	450	10	0	372	36
269	125	34	-22	282	292	10	236	0	0
270	118	139	13	42	52	10	0	237	0
271	148	157	21	328	338	10	0	19	26
272	59	24	-10	374	384	10	6	0	11
273	75	173	30	77	87	10	0	66	0
274	143	103	15	178	188	10	0	116	14
275	188	70	13	214	224	10	0	50	13
276	78	136	31	302	312	10	0	130	26
277	146	166	24	376	386	10	0	249	30
278	103	25	-7	80	90	10	375	0	0
279	152	68	-39	607	617	10	5	0	39
280	137	59	23	322	332	10	0	220	27
281	98	77	7	30	40	10	0	389	1
282	136	111	-17	611	621	10	357	0	2
283	198	16	18	206	216	10	0	345	8
284	154	59	17	78	88	10	0	289	2
285	176	134	14	132	142	10	0	320	5
286	179	151	20	329	339	10	0	61	24
287	125	78	11	33	43	10	0	77	0
288	114	112	-20	616	626	10	90	0	3
289	172	66	-17	296	306	10	284	0	2
290	20	113	-22	89	99	10	11	0	0
291	67	127	21	42	52	10	0	221	0
292	70	37	10	69	79	10	0	308	0
293	109	197	-35	416	426	10	171	0	18
294	135	171	-12	173	183	10	301	0	0
295	181	156	-36	517	527	10	139	0	23
296	35	160	16	94	104	10	0	25	1
297	193	12	-19	384	394	10	322	0	2
298	98	89	29	11	21	10	0	105	0
299	23	176	20	363	373	10	0	356	26
300	54	37	-19	656	666	10	256	0	48
301	151	179	12	94	104	10	0	294	0
302	116	118	-10	540	550	10	163	0	20
303	127	60	23	138	148	10	0	124	9
304	103	77	21	54	64	10	0	182	4
305	17	166	22	446	456	10	0	354	34
306	46	22	-8	414	424	10	140	0	27
307	42	144	-14	681	691	10	167	0	53
308	44	10	-10	128	138	10	292	0	0
309	108	187	22	87	97	10	0	45	0
310	64	156	-18	360	370	10	162	0	16
311	83	81	21	25	35	10	0	319	0
312	199	123	-23	315	325	10	184	0	11
313	120	39	-10	447	457	10	180	0	36
314	109	45	14	55	65	10	0	379	0
315	114	153	-13	362	372	10	391	0	24
316	87	30	10	198	208	10	0	234	13
317	131	92	22	32	42	10	0	175	0
318	137	158	3	220	230	10	0	81	16
319	65	77	-21	218	228	10	311	0	0
320	191	138	-14	182	192	10	285	0	5
321	161	158	24	403	413	0	0	402	32
322	164	37	19	109	119	10	0	297	2
323	47	118	-30	729	739	10	154	0	24
324	111	98	-25	608	618	10	223	0	1
325	144	59	-13	452	462	10	261	0	37
326	28	127	24	210	220	10	0	197	14
327	34	145	21	285	295	10	0	82	21
328	165	181	22	103	113	10	0	23	0
329	50	135	-17	434	444	10	394	0	14
330	105	26	-13	333	343	10	156	0	22
331	70	28	-26	509	519	10	110	0	11
332	10	60	-17	538	548	10	392	0	20
333	172	161	6	129	139	10	0	208	4
334	51	112	13	207	217	10	0	227	16
335	73	81	-14	710	720	10	200	0	48
336	69	133	8	45	55	0	0	416	0
337	71	114	25	671	681	0	0	406	64
338	84	180	12	371	381	0	0	407	29
339	112	6	39	628	638	0	0	409	54
340	31	79	-18	567	577	10	264	0	24
341	99	45	21	94	104	10	0	89	4
342	127	39	13	110	120	10	0	151	5
343	62	15	29	99	109	10	0	17	1
344	71	131	11	509	519	10	0	76	47
345	197	29	-18	419	429	10	283	0	8
346	138	31	10	397	407	10	0	363	32
347	138	69	9	60	70	10	0	397	2
348	25	48	-8	452	462	10	248	0	14
349	59	83	24	237	247	10	0	7	19
350	126	199	18	165	175	10	0	127	7
351	32	47	-8	160	170	10	118	0	5
352	188	194	9	290	300	10	0	113	17
353	109	85	-28	621	631	10	78	0	38
354	13	139	-22	682	692	10	305	0	34
355	74	55	3	361	371	10	0	226	31
356	6	193	-20	409	419	10	299	0	26
357	130	149	17	68	78	10	0	282	2
358	45	55	11	184	194	10	0	381	12
359	126	100	-10	658	668	10	145	0	51
360	178	88	-43	332	342	10	52	0	13
361	129	176	18	155	165	10	0	95	8
362	80	167	-12	232	242	10	386	0	8
363	179	5	-10	546	556	10	346	0	32
364	12	131	-33	145	155	10	64	0	4
365	15	197	-17	611	621	10	239	0	37
366	66	196	-25	427	437	10	188	0	0
367	110	184	-24	461	471	10	75	0	12
368	71	145	-17	182	192	10	122	0	1
369	45	142	-12	478	488	10	129	0	15
370	56	19	-22	481	491	10	103	0	2
371	26	197	17	581	591	0	0	401	46
372	179	95	-21	485	495	10	268	0	36
373	196	126	6	440	450	0	0	405	35
374	32	190	13	279	289	10	0	254	17
375	101	29	7	71	81	10	0	278	0
376	83	112	28	20	30	0	0	414	0
377	125	180	-21	90	100	10	164	0	0
378	145	19	-6	335	345	10	147	0	17
379	150	26	-14	284	294	10	314	0	0
380	98	193	27	212	222	10	0	133	12
381	28	77	-11	230	240	10	358	0	12
382	143	116	18	395	405	0	0	411	35
383	175	60	18	85	95	10	0	59	1
384	56	90	-32	539	549	10	40	0	18
385	88	15	22	103	113	10	0	393	2
386	89	153	12	131	141	10	0	362	8
387	38	183	-9	319	329	10	112	0	19
388	109	48	3	145	155	10	0	194	10
389	89	39	-7	73	83	10	281	0	1
390	195	132	-13	273	283	10	46	0	0
391	108	141	13	280	290	10	0	315	24
392	22	61	17	280	290	10	0	332	20
393	110	8	-22	488	498	10	385	0	2
394	64	123	17	180	190	10	0	329	14
395	139	97	-20	635	645	10	39	0	53
396	168	119	-7	568	578	10	207	0	43
397	151	66	-9	84	94	10	347	0	2
398	29	121	46	284	294	10	0	178	21
399	32	166	17	316	326	10	0	31	23
400	88	143	-22	531	541	10	8	0	45
401	26	197	-17	581	591	10	371	0	46
402	161	158	-24	403	413	10	321	0	32
403	55	87	-30	213	223	10	179	0	17
404	159	187	-9	487	497	10	22	0	39
405	196	126	-6	440	450	10	373	0	35
406	71	114	-25	671	681	10	337	0	64
407	84	180	-12	371	381	10	338	0	29
408	97	129	-11	594	604	10	73	0	57
409	112	6	-39	628	638	10	339	0	54
410	116	4	-13	102	112	10	262	0	1
411	143	116	-18	395	405	10	382	0	35
412	17	32	-16	481	491	10	83	0	38
413	100	144	-17	259	269	10	142	0	22
414	83	112	-28	20	30	10	376	0	0
415	123	90	-21	25	35	10	10	0	0
416	69	133	-8	45	55	10	336	0	0

