100	1000	1
0	100	100	0	0	3213	0	0	0
1	150	26	16	0	3114	10	0	208	1477
2	84	188	17	0	3114	10	0	241	1229
3	83	112	28	0	3183	10	0	59	1540
4	191	124	-6	0	3109	10	296	0	1494
5	112	174	-31	277	403	10	78	0	158
6	146	166	-2	1466	1586	10	124	0	743
7	45	95	15	0	3148	10	0	390	1527
8	81	183	-26	0	3118	10	307	0	1508
9	10	60	-14	0	3105	10	77	0	1487
10	142	27	11	0	3119	10	0	210	933
11	184	110	-33	0	3119	10	225	0	1475
12	28	127	-20	0	3127	10	14	0	1502
13	67	127	21	110	232	0	0	402	94
14	16	141	20	0	3110	10	0	12	1502
15	148	157	21	0	3129	10	0	302	1520
16	154	184	-19	0	3104	10	213	0	1493
17	8	89	-30	0	3111	10	91	0	1488
18	74	163	21	2548	2692	0	0	403	1311
19	25	48	11	0	3112	10	0	317	1475
20	58	19	-14	736	838	10	47	0	300
21	95	50	-20	0	3153	10	191	0	1134
22	130	149	17	0	3146	10	0	39	1537
23	78	118	28	0	3175	10	0	346	1547
24	86	69	14	678	848	10	0	135	347
25	5	122	15	0	3106	10	0	76	276
26	155	17	32	0	3104	10	0	164	1480
27	146	3	24	0	3096	10	0	165	1489
28	76	93	-11	0	3178	10	351	0	1517
29	191	138	-19	0	3105	10	331	0	1473
30	28	160	-24	0	3110	10	340	0	750
31	114	153	23	1448	1488	10	0	339	716
32	70	28	-21	1979	2131	10	114	0	979
33	90	4	22	0	3107	10	0	338	1004
34	53	175	-15	0	3115	10	394	0	1493
35	84	81	11	0	3179	10	0	63	1502
36	118	139	-24	0	3161	10	120	0	1509
37	118	45	-16	0	3146	10	194	0	1474
38	103	25	2	0	3128	10	0	269	1516
39	107	133	-17	0	3170	10	22	0	1537
40	129	176	-21	591	690	10	316	0	113
41	186	149	25	359	525	10	0	203	213
42	73	81	-7	0	3170	10	369	0	1518
43	9	122	-13	1464	1670	10	180	0	534
44	168	146	19	0	3121	10	0	244	1498
45	172	161	6	0	3109	0	0	404	1507
46	15	197	10	2415	2515	10	0	285	1193
47	26	41	14	569	696	10	0	20	300
48	78	72	9	0	3168	10	0	376	1145
49	112	6	-18	0	3109	10	144	0	140
50	135	171	27	694	734	10	0	108	327
51	39	151	-16	0	3124	10	300	0	1507
52	46	40	15	0	3123	10	0	138	1484
53	138	72	8	0	3156	10	0	95	1508
54	53	79	14	1838	2057	10	0	257	1002
55	75	134	16	0	3161	10	0	365	1497
56	66	3	9	0	3101	10	0	323	1492
57	153	19	3	0	3107	10	0	68	1465
58	17	32	-1	0	3096	10	131	0	300
59	59	139	-28	0	3147	10	3	0	1540
60	100	53	-14	0	3156	10	143	0	1522
61	46	131	-17	1333	1511	10	396	0	379
62	111	189	-15	0	3114	10	299	0	1464
63	62	15	-11	0	3110	10	35	0	1502
64	100	144	17	0	3159	10	0	333	1502
65	70	130	8	0	3161	10	0	172	1517
66	97	192	-24	0	3111	10	86	0	400
67	85	193	-7	0	3109	10	162	0	64
68	197	29	-3	0	3083	10	57	0	1465
69	113	100	-6	0	3190	10	263	0	480
70	71	114	-15	0	3171	10	152	0	1526
71	120	39	-6	0	3139	10	384	0	488
72	125	53	-3	0	3150	10	158	0	1535
73	172	186	-8	0	3091	10	283	0	1476
74	138	31	10	0	3125	10	0	195	1488
75	37	146	10	0	3125	10	0	192	1510
76	12	131	-15	528	671	10	25	0	276
77	1	54	14	0	3094	10	0	9	1487
78	101	127	31	0	3176	10	0	5	158
79	42	165	-4	1538	1648	10	128	0	763
80	149	176	16	0	3113	10	0	266	1506
81	126	100	-14	0	3177	10	157	0	1494
82	148	196	13	0	3096	10	0	151	805
83	78	136	-25	0	3161	10	350	0	60
84	145	71	-22	0	3150	10	127	0	57
85	179	95	19	0	3124	10	0	389	1516
86	124	191	24	795	896	10	0	66	400
87	38	101	10	1308	1470	10	0	286	703
88	104	88	-22	0	3191	10	169	0	1565
89	57	118	-17	0	3157	10	188	0	1508
90	182	9	-23	0	3081	10	265	0	1474
91	7	119	30	0	3109	10	0	17	1488
92	85	164	23	0	3138	10	0	360	1518
93	6	193	-17	0	3071	10	276	0	1386
94	154	7	32	0	3096	10	0	264	1468
95	180	66	-8	0	3117	10	53	0	1508
96	83	180	-18	0	3122	10	189	0	1514
97	130	55	28	1669	1828	10	0	277	886
98	149	103	17	158	234	10	0	305	92
99	54	37	-33	2613	2674	10	229	0	1143
100	178	88	23	0	3125	10	0	385	1513
101	118	117	-18	0	3179	10	254	0	1549
102	82	48	8	0	3148	10	0	335	1036
103	80	190	-29	0	3111	10	279	0	1464
104	74	55	-16	0	3152	10	242	0	1491
105	108	141	13	0	3162	10	0	171	1553
106	77	119	17	0	3174	10	0	154	1509
107	114	112	-19	2439	2526	10	223	0	1228
108	156	93	-27	0	3147	10	50	0	327
109	143	103	-20	0	3160	10	272	0	1514
110	104	176	19	0	3127	10	0	140	1513
111	63	141	-11	0	3148	10	400	0	157
112	159	187	9	0	3098	10	0	347	289
113	125	78	11	0	3170	0	0	401	1568
114	136	12	21	0	3108	10	0	32	979
115	199	123	-17	0	3102	10	337	0	1490
116	154	29	19	1037	1153	10	0	220	531
117	177	134	-10	0	3119	10	377	0	687
118	121	50	-22	0	3149	10	357	0	1487
119	114	122	10	0	3177	10	0	293	1569
120	161	158	24	0	3119	10	0	36	1509
121	8	8	-18	0	3073	10	311	0	387
122	144	92	-24	0	3159	10	290	0	1502
123	41	43	30	0	3121	10	0	230	1479
124	113	151	2	0	3151	10	0	6	743
125	39	186	5	678	845	10	0	303	369
126	60	153	-13	0	3137	10	274	0	336
127	131	92	22	108	148	10	0	84	57
128	53	180	4	0	3111	10	0	79	763
129	28	77	12	0	3128	10	0	146	1511
130	186	8	-11	0	3078	10	202	0	1467
131	40	130	1	553	668	10	0	58	300
132	71	131	11	0	3161	10	0	330	1362
133	158	20	-6	0	3105	10	211	0	1489
134	121	48	17	1111	1275	10	0	271	609
135	45	55	-14	726	782	10	24	0	347
136	50	135	-12	0	3142	10	327	0	288
137	152	122	25	0	3147	10	0	314	1478
138	46	5	-15	0	3094	10	52	0	1484
139	32	47	-10	0	3117	10	201	0	1498
140	111	98	-19	0	3192	10	110	0	1513
141	138	69	9	203	321	10	0	205	135
142	171	69	-22	0	3126	10	176	0	1467
143	125	34	14	0	3133	10	0	60	1522
144	94	31	18	203	351	10	0	49	140
145	29	121	46	1057	1256	10	0	218	590
146	20	72	-12	0	3119	10	129	0	1511
147	179	151	20	0	3109	10	0	150	1474
148	18	59	-20	0	3112	10	312	0	1470
149	162	162	-34	0	3116	10	291	0	1491
150	152	190	-20	0	3100	10	147	0	1474
151	66	196	-13	1648	1811	10	82	0	805
152	45	142	15	0	3134	10	0	70	1526
153	36	104	11	0	3139	10	0	332	1505
154	63	44	-17	0	3136	10	106	0	1509
155	83	81	21	0	3178	10	0	326	1476
156	172	66	-11	0	3124	10	321	0	1492
157	151	180	14	0	3109	10	0	81	1494
158	109	48	3	0	3151	10	0	72	1535
159	64	156	-12	0	3137	10	235	0	1507
160	85	85	-25	2281	2388	10	217	0	1097
161	157	196	30	1292	1394	10	0	297	641
162	135	110	7	125	166	10	0	67	64
163	59	24	-10	0	3117	10	301	0	1488
164	175	60	-32	0	3118	10	26	0	1480
165	127	39	-24	0	3137	10	27	0	1489
166	103	97	9	0	3199	10	0	183	1524
167	71	145	7	0	3150	10	0	282	1521
168	40	115	-32	890	981	10	378	0	161
169	114	72	22	0	3172	10	0	88	1565
170	62	38	19	0	3131	10	0	334	1453
171	110	110	-13	0	3189	10	105	0	1553
172	51	162	-8	0	3124	10	65	0	1517
173	193	12	-24	0	3075	10	197	0	1465
174	19	51	-25	0	3109	10	373	0	1136
175	178	61	-29	1478	1514	10	228	0	706
176	161	3	22	0	3089	10	0	142	1467
177	63	116	-17	0	3163	10	243	0	1156
178	151	179	12	0	3109	10	0	356	1499
179	88	143	17	0	3159	10	0	262	1529
180	32	190	13	1095	1181	10	0	43	534
181	76	102	-23	0	3179	10	256	0	1539
182	139	97	-1	0	3164	10	319	0	1493
183	101	29	-9	0	3132	10	166	0	1524
184	176	134	-23	0	3120	10	359	0	1510
185	60	71	22	0	3154	10	0	342	1530
186	137	10	21	0	3106	10	0	362	1431
187	17	166	-7	0	3097	10	354	0	664
188	75	170	17	0	3129	10	0	89	1508
189	90	174	18	0	3129	10	0	96	1514
190	122	58	15	0	3156	10	0	231	1474
191	113	14	20	2197	2355	10	0	21	1134
192	98	89	-10	0	3192	10	75	0	1510
193	59	83	24	0	3159	10	0	221	609
194	44	10	16	0	3097	10	0	37	1474
195	97	9	-10	0	3112	10	74	0	1488
196	116	52	10	0	3153	10	0	397	122
197	155	22	24	0	3108	10	0	173	1465
198	193	127	-15	0	3107	10	393	0	1497
199	154	59	-43	0	3136	10	209	0	1496
200	122	13	-14	0	3114	10	313	0	1507
201	70	37	10	0	3134	10	0	139	1498
202	172	55	11	0	3119	10	0	130	1467
203	98	193	-25	0	3110	10	41	0	213
204	46	22	10	0	3109	10	0	343	1480
205	188	70	-9	834	920	10	141	0	135
206	157	142	13	0	3133	10	0	363	794
207	63	192	-13	913	1070	10	250	0	476
208	88	15	-16	0	3118	10	1	0	1477
209	189	83	43	0	3113	10	0	199	1496
210	110	8	-11	1945	1999	10	10	0	933
211	171	36	6	0	3108	10	0	133	1489
212	65	42	12	0	3136	10	0	395	127
213	113	158	19	0	3144	10	0	16	1493
214	51	112	-22	0	3153	10	322	0	1452
215	151	132	6	0	3143	10	0	227	916
216	50	31	-32	0	3118	10	367	0	1494
217	181	70	25	0	3117	10	0	160	1097
218	12	113	-46	1317	1467	10	145	0	590
219	20	113	-15	0	3122	10	295	0	1504
220	125	49	-19	0	3147	10	116	0	531
221	27	97	-24	1176	1309	10	193	0	609
222	116	4	-26	403	456	10	289	0	172
223	136	111	19	0	3166	10	0	107	1228
224	104	142	-3	2504	2623	10	398	0	1269
225	112	42	33	0	3144	10	0	11	1475
226	145	19	20	1281	1442	10	0	249	674
227	23	168	-6	1914	2037	10	215	0	916
228	168	58	29	0	3124	10	0	175	706
229	3	101	33	2270	2385	10	0	99	1143
230	137	59	-30	0	3148	10	123	0	1479
231	184	140	-15	0	3110	10	190	0	1474
232	48	94	15	0	3151	10	0	281	1538
233	198	16	18	0	3074	10	0	324	408
234	26	197	17	0	3081	10	0	267	1458
235	84	180	12	0	3122	10	0	159	1507
236	31	79	-30	0	3131	10	308	0	1524
237	136	90	-21	124	174	10	238	0	62
238	123	90	21	25	203	10	0	237	62
239	62	152	-26	1807	1949	10	382	0	930
240	10	20	14	0	3083	10	0	348	649
241	66	98	-17	2537	2650	10	2	0	1229
242	19	38	16	0	3101	10	0	104	1491
243	69	150	17	2262	2371	10	0	177	1156
244	181	156	-19	0	3105	10	44	0	1498
245	39	112	26	550	612	10	0	247	274
246	104	5	-15	0	3108	10	288	0	1489
247	41	16	-26	0	3101	10	245	0	274
248	172	179	-7	2275	2336	10	273	0	1060
249	122	38	-20	0	3138	10	226	0	674
250	89	176	13	0	3127	10	0	207	476
251	74	67	2	0	3161	10	0	255	1503
252	197	7	13	0	3069	10	0	270	1462
253	24	197	-10	0	3080	10	298	0	1473
254	131	136	18	0	3156	10	0	101	1549
255	26	45	-2	0	3111	10	251	0	1503
256	47	118	23	0	3148	10	0	181	1539
257	20	59	-14	2008	2124	10	54	0	1002
258	151	66	11	0	3142	10	0	261	941
259	86	110	-17	2170	2259	10	341	0	1040
260	55	100	22	0	3158	10	0	374	409
261	186	65	-11	1869	1989	10	258	0	941
262	63	151	-17	0	3140	10	179	0	1529
263	159	196	6	951	1074	10	0	69	480
264	179	5	-32	0	3080	10	94	0	1468
265	107	96	23	0	3195	10	0	90	1474
266	139	158	-16	0	3134	10	80	0	1506
267	5	162	-17	0	3090	10	234	0	1458
268	173	147	19	0	3117	10	0	306	1464
269	121	46	-2	0	3146	10	38	0	1516
270	144	59	-13	0	3143	10	252	0	1462
271	196	126	-17	1721	1839	10	134	0	609
272	134	157	20	0	3137	10	0	109	1514
273	135	45	7	0	3138	10	0	248	1060
274	88	152	13	598	726	10	0	126	336
275	41	186	27	0	3099	10	0	304	1469
276	183	170	17	0	3095	10	0	93	1386
277	103	77	-28	0	3180	10	97	0	886
278	97	129	11	0	3174	10	0	368	771
279	147	193	29	0	3099	10	0	103	1464
280	158	81	-13	0	3142	10	388	0	1503
281	48	106	-15	0	3151	10	232	0	1538
282	78	169	-7	0	3131	10	167	0	1521
283	174	194	8	0	3084	10	0	73	1476
284	152	68	-18	0	3142	10	287	0	1527
285	1	149	-10	0	3093	10	46	0	1193
286	18	35	-10	2473	2596	10	87	0	703
287	123	59	18	0	3156	10	0	284	1527
288	137	41	15	0	3134	10	0	246	1489
289	115	75	26	0	3174	10	0	222	172
290	124	165	24	0	3134	10	0	122	1502
291	112	78	34	0	3178	10	0	149	1491
292	24	131	-25	0	3121	10	391	0	1505
293	116	118	-10	0	3179	10	119	0	1569
294	80	167	-8	0	3134	10	355	0	85
295	62	138	15	0	3150	10	0	219	1504
296	195	132	6	0	3103	10	0	4	1494
297	149	78	-30	1782	1916	10	161	0	641
298	38	183	10	0	3100	10	0	253	1473
299	174	185	15	0	3091	10	0	62	1464
300	35	160	16	0	3115	10	0	51	1507
301	32	23	10	0	3101	10	0	163	1488
302	111	129	-21	0	3172	10	15	0	1520
303	32	166	-5	0	3109	10	125	0	369
304	13	139	-27	0	3108	10	275	0	1469
305	158	132	-17	0	3137	10	98	0	92
306	188	194	-19	0	3075	10	268	0	1464
307	92	178	26	0	3125	10	0	8	1508
308	55	87	30	0	3157	10	0	236	1524
309	86	150	22	0	3152	10	0	349	1529
310	114	183	35	1039	1101	10	0	329	508
311	42	72	18	723	840	10	0	121	387
312	56	148	20	0	3138	10	0	148	1470
313	115	50	14	0	3151	10	0	200	1507
314	200	162	-25	0	3086	10	137	0	1478
315	69	64	-15	0	3156	10	392	0	1477
316	108	148	21	113	276	10	0	40	113
317	35	9	-11	0	3092	10	19	0	1475
318	99	45	-19	0	3148	10	386	0	208
319	125	180	1	0	3120	10	0	182	1493
320	142	60	-19	0	3145	10	370	0	1508
321	181	39	11	0	3102	10	0	156	1492
322	165	181	22	0	3100	10	0	214	1452
323	87	30	-9	0	3132	10	56	0	1492
324	176	58	-18	925	1004	10	233	0	408
325	168	119	-23	2261	2322	10	372	0	1095
326	198	97	-21	0	3105	10	155	0	1476
327	89	153	12	459	631	10	0	136	288
328	67	70	-17	1736	1841	10	364	0	870
329	28	187	-35	2003	2109	10	310	0	508
330	42	144	-11	2675	2810	10	132	0	1362
331	138	61	19	0	3149	10	0	29	1473
332	11	118	-11	0	3113	10	153	0	1505
333	143	179	-17	0	3114	10	64	0	1502
334	182	89	-19	0	3121	10	170	0	1453
335	141	146	-8	2120	2253	10	102	0	1036
336	12	15	-15	0	3081	10	383	0	1469
337	184	101	17	0	3119	10	0	115	1490
338	127	143	-22	2191	2259	10	33	0	1004
339	137	158	-23	0	3135	10	31	0	716
340	25	165	24	1506	1601	10	0	30	750
341	22	61	17	0	3116	10	0	259	1040
342	41	73	-22	0	3139	10	185	0	1530
343	23	74	-10	0	3122	10	204	0	1480
344	159	129	-23	0	3138	10	361	0	1531
345	68	115	-17	0	3168	10	381	0	158
346	98	77	-28	0	3180	10	23	0	1547
347	126	199	-9	626	730	10	112	0	289
348	28	15	-14	1328	1449	10	240	0	649
349	68	156	-22	0	3139	10	309	0	1529
350	94	119	25	19	140	10	0	83	60
351	31	63	11	0	3125	10	0	28	1517
352	23	123	-9	1156	1287	10	366	0	554
353	105	26	-3	0	3129	10	387	0	1477
354	60	184	7	1309	1423	10	0	187	664
355	69	133	8	146	216	10	0	294	85
356	141	132	-12	0	3151	10	178	0	1499
357	56	19	22	0	3111	10	0	118	1487
358	110	184	10	0	3119	10	0	375	1508
359	178	127	23	0	3121	10	0	184	1510
360	75	173	-23	0	3126	10	92	0	1518
361	113	105	23	0	3190	10	0	344	1531
362	165	156	-21	0	3118	10	186	0	1431
363	109	197	-13	1629	1742	10	206	0	794
364	55	51	17	0	3137	10	0	328	870
365	37	177	-16	0	3104	10	55	0	1497
366	30	183	9	0	3095	10	0	352	554
367	49	99	32	0	3152	10	0	216	1494
368	143	116	-11	1568	1630	10	278	0	771
369	30	67	7	0	3126	10	0	42	1518
370	89	39	19	0	3142	10	0	320	1508
371	23	176	20	1368	1580	10	0	399	735
372	127	60	23	0	3155	10	0	325	1095
373	6	120	25	2225	2370	10	0	174	1136
374	65	77	-22	886	900	10	260	0	409
375	108	187	-10	0	3116	10	358	0	1508
376	159	105	-9	2303	2425	10	48	0	1145
377	176	132	10	1367	1457	10	0	117	687
378	7	108	32	329	417	10	0	168	161
379	34	145	-13	1080	1240	10	380	0	552
380	42	174	13	0	3109	10	0	379	552
381	63	149	17	222	378	10	0	345	158
382	57	157	26	0	3132	10	0	239	930
383	56	90	15	0	3158	10	0	336	1469
384	148	38	6	949	1055	10	0	71	488
385	119	113	-23	0	3180	10	100	0	1513
386	164	37	19	408	507	10	0	318	208
387	173	42	3	0	3110	10	0	353	1477
388	106	41	13	0	3144	10	0	280	1503
389	155	107	-19	0	3148	10	85	0	1516
390	49	71	-15	0	3145	10	7	0	1527
391	40	95	25	0	3143	10	0	292	1505
392	5	130	15	0	3104	10	0	315	1477
393	182	110	15	0	3121	10	0	198	1497
394	68	191	15	0	3107	10	0	34	1493
395	68	40	-12	208	336	10	212	0	127
396	64	123	17	682	801	10	0	61	379
397	109	45	-10	129	316	10	196	0	122
398	109	85	3	0	3186	10	0	224	1269
399	42	148	-20	0	3128	10	371	0	735
400	67	138	11	321	366	10	0	111	157
401	125	78	-11	0	3170	10	113	0	1568
402	67	127	-21	110	232	10	13	0	94
403	74	163	-21	2548	2692	10	18	0	1311
404	172	161	-6	0	3109	10	45	0	1507

