100	200	1
0	100	100	0	0	765	0	0	0
1	134	6	-20	222	282	10	373	0	60
2	63	58	20	55	115	10	0	314	44
3	64	52	-21	146	206	10	317	0	55
4	139	7	20	100	160	10	0	111	44
5	110	8	-10	463	523	10	364	0	124
6	79	193	30	174	234	10	0	38	103
7	80	190	-18	429	489	10	254	0	81
8	158	81	-19	494	554	10	369	0	189
9	60	153	11	82	142	10	0	381	37
10	141	8	20	100	160	10	0	271	44
11	13	81	30	133	193	10	0	272	77
12	68	115	-16	550	610	10	234	0	303
13	151	132	-10	150	210	10	63	0	71
14	88	143	-30	506	566	10	333	0	44
15	16	84	20	158	218	10	0	327	99
16	155	17	-24	99	159	10	247	0	36
17	69	150	-28	549	609	10	322	0	222
18	55	87	30	188	248	10	0	126	150
19	22	133	-20	157	217	10	396	0	44
20	10	20	-14	574	634	10	191	0	70
21	187	142	-30	101	161	10	255	0	32
22	114	122	10	198	258	10	0	357	173
23	78	119	-20	57	117	10	256	0	55
24	199	115	20	100	160	10	0	281	44
25	185	124	10	92	152	10	0	326	41
26	46	22	10	389	449	10	0	180	265
27	7	152	-20	157	217	10	139	0	44
28	144	92	-6	496	556	10	376	0	328
29	5	162	26	113	173	0	0	402	44
30	197	113	-10	113	173	10	287	0	44
31	189	95	-10	119	179	10	67	0	44
32	84	118	20	83	143	0	0	408	89
33	28	77	-20	205	265	10	382	0	82
34	105	26	24	308	368	10	0	172	220
35	113	100	-20	215	275	10	125	0	106
36	139	97	-25	610	670	10	103	0	307
37	143	179	-22	256	316	10	70	0	44
38	111	189	-30	488	548	10	6	0	103
39	119	37	-20	153	213	10	210	0	99
40	87	191	10	91	151	10	0	253	44
41	80	167	10	207	267	10	0	84	147
42	23	137	20	143	203	10	0	146	88
43	181	70	-18	510	570	10	106	0	45
44	178	123	-20	81	141	10	304	0	37
45	45	142	-10	453	513	10	246	0	62
46	151	66	-11	61	121	10	121	0	36
47	68	50	10	121	181	10	0	242	91
48	159	196	6	223	283	10	0	66	127
49	87	30	10	173	233	10	0	370	113
50	187	92	20	94	154	10	0	149	49
51	10	153	20	106	166	10	0	292	46
52	54	30	-10	135	195	10	138	0	49
53	54	37	-30	617	677	10	384	0	352
54	180	147	-20	130	190	10	395	0	64
55	154	59	17	67	127	10	0	235	44
56	93	13	30	130	190	10	0	159	77
57	38	190	10	122	182	10	0	157	54
58	104	88	-3	683	743	10	400	0	114
59	78	169	10	273	333	10	0	167	162
60	127	143	-20	526	586	10	212	0	297
61	24	131	-33	294	354	10	312	0	49
62	82	194	-30	161	221	10	275	0	72
63	165	117	10	103	163	10	0	13	71
64	23	176	-28	338	398	10	299	0	119
65	55	24	-29	108	168	10	118	0	40
66	148	157	-6	303	363	10	48	0	127
67	186	91	10	86	146	10	0	31	44
68	26	138	10	173	233	0	0	405	112
69	78	184	-30	194	254	10	78	0	44
70	165	181	22	103	163	10	0	37	44
71	11	151	20	102	162	10	0	303	44
72	103	66	-10	70	130	10	161	0	44
73	188	125	10	105	165	10	0	74	33
74	197	140	-10	104	164	10	73	0	33
75	100	70	30	30	90	10	0	348	45
76	83	118	-10	72	132	10	93	0	44
77	66	58	20	184	244	10	0	277	127
78	83	188	30	89	149	10	0	69	44
79	12	154	10	118	178	10	0	321	56
80	158	20	-10	557	617	10	345	0	61
81	161	158	-10	378	438	10	223	0	101
82	41	186	27	120	180	10	0	305	56
83	162	162	20	328	388	10	0	102	225
84	89	176	-10	412	472	10	41	0	147
85	86	69	-20	161	221	10	140	0	81
86	20	72	-10	236	296	10	339	0	44
87	41	182	30	101	161	10	0	152	36
88	178	147	10	142	202	10	0	378	83
89	140	11	10	97	157	10	0	114	44
90	60	51	20	68	128	10	0	284	48
91	100	6	-20	94	154	10	330	0	35
92	18	89	10	82	142	10	0	115	43
93	85	110	10	18	78	10	0	76	44
94	37	146	10	295	355	10	0	343	207
95	181	89	10	81	141	10	0	189	36
96	26	147	20	87	147	10	0	122	44
97	52	38	30	78	138	10	0	261	44
98	131	136	-20	616	676	10	365	0	202
99	46	131	-21	326	386	10	283	0	44
100	35	160	16	88	148	10	0	356	44
101	187	97	10	164	224	10	0	237	102
102	172	179	-20	546	606	10	83	0	225
103	156	93	25	406	466	10	0	36	307
104	85	164	23	65	125	10	0	232	37
105	17	32	16	456	516	10	0	310	306
106	175	60	18	85	145	10	0	43	45
107	82	48	8	75	135	10	0	344	59
108	62	50	-21	90	150	10	164	0	44
109	137	1	-30	182	242	10	239	0	46
110	140	4	10	116	176	10	0	291	54
111	143	0	-20	166	226	10	4	0	44
112	198	132	-20	138	198	10	197	0	44
113	25	146	30	92	152	10	0	198	48
114	137	10	-10	425	485	10	89	0	44
115	15	88	-10	94	154	10	92	0	43
116	38	183	10	294	354	10	0	335	145
117	121	48	-23	268	328	10	217	0	93
118	62	15	29	93	153	10	0	65	40
119	19	38	-8	439	499	10	166	0	131
120	144	59	-18	427	487	10	359	0	44
121	125	78	11	33	93	10	0	46	36
122	12	156	-20	130	190	10	96	0	44
123	53	29	-23	123	183	10	207	0	45
124	22	61	17	255	315	10	0	301	170
125	159	121	20	144	204	10	0	35	106
126	59	83	-30	212	272	10	18	0	150
127	59	57	10	59	119	10	0	316	35
128	168	58	-13	207	267	10	252	0	44
129	12	85	10	119	179	0	0	406	67
130	85	193	25	295	355	10	0	397	195
131	155	107	-20	535	595	10	264	0	44
132	195	132	6	248	308	10	0	293	155
133	55	51	-20	253	313	10	165	0	44
134	189	120	-20	120	180	10	142	0	44
135	59	139	-20	306	366	10	265	0	58
136	121	50	-26	97	157	10	383	0	44
137	10	67	30	95	155	10	0	341	44
138	52	28	10	93	153	10	0	52	49
139	17	150	20	96	156	10	0	27	44
140	101	67	20	82	142	10	0	85	81
141	69	47	-19	108	168	10	276	0	44
142	164	113	20	65	125	10	0	134	44
143	79	115	30	25	85	10	0	363	44
144	80	108	20	21	81	10	0	337	44
145	184	116	-20	148	208	10	377	0	82
146	27	135	-20	186	246	10	42	0	88
147	29	139	10	81	141	10	0	156	35
148	84	194	10	110	170	10	0	251	55
149	186	94	-20	106	166	10	50	0	49
150	114	72	22	31	91	10	0	206	44
151	90	4	22	96	156	10	0	374	44
152	41	187	-30	105	165	10	87	0	36
153	92	178	-27	456	516	10	209	0	115
154	46	40	15	237	297	0	0	410	162
155	174	128	20	79	139	10	0	218	33
156	30	142	-10	81	141	10	147	0	35
157	28	193	-10	164	224	10	57	0	54
158	185	96	30	186	246	10	0	290	120
159	74	55	-30	336	396	10	56	0	77
160	23	123	15	275	335	0	0	412	190
161	103	70	10	30	90	10	0	72	44
162	42	174	13	98	158	10	0	389	36
163	8	8	-9	130	190	10	313	0	37
164	83	81	21	25	85	10	0	108	44
165	57	54	20	62	122	10	0	133	44
166	26	45	8	207	267	10	0	119	131
167	83	180	-10	251	311	10	59	0	162
168	70	37	10	69	129	10	0	170	44
169	97	65	-21	96	156	10	213	0	49
170	53	31	-10	146	206	10	168	0	44
171	179	141	20	89	149	10	0	176	44
172	100	53	-24	648	708	10	34	0	220
173	55	64	30	81	141	10	0	352	62
174	8	71	10	158	218	10	0	294	91
175	174	185	15	112	172	10	0	273	44
176	176	144	-20	176	236	10	171	0	44
177	123	36	10	100	160	10	0	181	68
178	142	60	-22	398	458	10	250	0	44
179	53	61	-20	67	127	10	243	0	39
180	62	38	-10	524	584	10	26	0	265
181	123	33	-10	113	173	10	177	0	68
182	136	111	19	586	646	0	0	411	456
183	28	160	-24	378	438	10	220	0	239
184	85	85	14	554	614	0	0	414	444
185	12	66	20	94	154	10	0	394	44
186	107	96	23	8	68	10	0	270	44
187	168	119	14	543	603	10	0	203	392
188	171	36	6	600	660	0	0	416	423
189	188	88	-10	88	148	10	95	0	36
190	135	45	-15	273	333	10	245	0	44
191	26	41	14	128	188	10	0	20	70
192	195	129	40	152	212	10	0	351	84
193	108	141	-10	255	315	10	214	0	109
194	75	134	16	42	102	10	0	278	37
195	141	4	20	139	199	10	0	279	70
196	60	58	20	58	118	10	0	285	45
197	196	137	20	102	162	10	0	112	44
198	7	142	-30	187	247	10	113	0	48
199	190	112	-30	90	150	10	346	0	36
200	63	192	12	218	278	10	0	229	134
201	97	129	11	569	629	0	0	409	449
202	71	131	-21	484	544	10	225	0	275
203	159	105	-14	561	621	10	187	0	392
204	109	48	3	120	180	10	0	332	95
205	189	83	43	189	249	10	0	386	118
206	142	27	-22	355	415	10	150	0	44
207	68	40	23	68	128	10	0	123	45
208	56	90	-30	514	574	10	340	0	44
209	98	193	27	187	247	10	0	153	115
210	121	36	20	140	200	10	0	39	99
211	101	70	20	30	90	10	0	393	44
212	134	157	20	403	463	10	0	60	297
213	103	77	21	29	89	10	0	169	49
214	87	117	10	107	167	10	0	193	109
215	183	170	-13	178	238	10	368	0	44
216	193	12	-32	359	419	10	309	0	196
217	127	60	23	113	173	10	0	117	93
218	178	140	-20	87	147	10	155	0	33
219	95	50	-23	222	282	10	308	0	109
220	25	165	24	358	418	10	0	183	239
221	124	191	-27	181	241	10	311	0	96
222	138	69	9	49	109	10	0	236	36
223	177	145	10	164	224	10	0	81	101
224	50	31	20	85	145	10	0	226	37
225	37	177	21	407	467	10	0	202	275
226	48	30	-20	87	147	10	224	0	37
227	197	29	16	394	454	10	0	244	250
228	40	130	1	123	183	10	0	342	59
229	23	168	-12	464	524	10	200	0	134
230	24	140	-8	129	189	10	315	0	44
231	20	59	-14	487	547	10	300	0	167
232	81	183	-23	85	145	10	104	0	37
233	190	109	-10	173	233	10	320	0	77
234	28	187	16	484	544	10	0	12	303
235	145	19	-17	310	370	10	55	0	44
236	164	37	-9	89	149	10	222	0	36
237	186	96	-10	175	235	10	101	0	102
238	105	70	10	35	95	10	0	318	48
239	140	6	30	104	164	10	0	109	46
240	146	166	24	351	411	10	0	331	247
241	56	148	-20	512	572	10	263	0	44
242	66	52	-10	134	194	10	47	0	91
243	53	59	20	62	122	10	0	179	39
244	179	5	-16	521	581	10	227	0	250
245	122	58	15	47	107	10	0	190	44
246	37	190	10	133	193	10	0	45	62
247	155	22	24	112	172	10	0	16	36
248	175	143	20	187	247	10	0	336	120
249	199	132	-20	127	187	10	390	0	44
250	131	92	22	32	92	10	0	178	44
251	83	197	-10	148	208	10	148	0	55
252	180	66	13	86	146	10	0	128	44
253	87	195	-10	123	183	10	40	0	44
254	129	176	18	130	190	10	0	7	81
255	185	123	30	88	148	10	0	21	32
256	77	115	20	42	102	10	0	23	55
257	7	119	-28	346	406	10	354	0	65
258	195	97	20	136	196	10	0	366	75
259	162	118	-10	116	176	10	306	0	63
260	196	111	30	125	185	10	0	362	66
261	32	47	-30	135	195	10	97	0	44
262	100	144	-10	234	294	10	296	0	48
263	13	152	20	101	161	10	0	241	44
264	192	113	20	92	152	10	0	131	44
265	25	143	20	105	165	10	0	135	58
266	51	31	-10	84	144	10	360	0	36
267	14	84	-20	146	206	10	367	0	59
268	12	69	-10	184	244	10	302	0	51
269	165	113	10	66	126	10	0	323	37
270	138	72	-23	127	187	10	186	0	44
271	135	0	-20	194	254	10	10	0	44
272	8	89	-30	193	253	10	11	0	77
273	110	110	-15	577	637	10	175	0	44
274	177	146	10	153	213	10	0	387	92
275	87	196	30	134	194	10	0	62	72
276	89	39	19	61	121	10	0	141	44
277	65	77	-20	193	253	10	77	0	127
278	63	149	-16	61	121	10	194	0	37
279	143	5	-20	151	211	10	195	0	70
280	32	178	-10	214	274	10	350	0	96
281	193	111	-20	149	209	10	24	0	44
282	162	123	40	131	191	0	0	403	93
283	67	127	21	42	102	10	0	99	44
284	73	81	-20	662	722	10	90	0	48
285	50	67	-20	97	157	10	196	0	45
286	38	188	-26	110	170	10	298	0	32
287	183	120	10	85	145	10	0	30	44
288	129	38	-20	68	128	10	295	0	35
289	35	186	-11	195	255	10	328	0	49
290	180	93	-30	202	262	10	158	0	120
291	146	3	-10	417	477	10	110	0	54
292	8	154	-20	145	205	10	51	0	46
293	200	162	-6	479	539	10	132	0	155
294	8	69	-10	170	230	10	174	0	91
295	131	38	20	69	129	10	0	288	35
296	78	115	10	31	91	10	0	262	48
297	123	31	-30	125	185	10	355	0	61
298	39	151	26	97	157	10	0	286	32
299	53	175	28	188	248	10	0	64	119
300	1	54	14	272	332	10	0	231	167
301	40	95	-17	487	547	10	124	0	170
302	5	73	10	107	167	10	0	268	51
303	7	151	-20	168	228	10	71	0	44
304	166	117	20	80	140	10	0	44	37
305	39	186	-27	160	220	10	82	0	56
306	165	116	10	92	152	10	0	259	63
307	99	12	30	88	148	10	0	324	37
308	48	106	23	158	218	10	0	219	109
309	154	7	32	335	395	10	0	216	196
310	18	35	-16	591	651	10	105	0	306
311	135	171	27	148	208	10	0	221	96
312	11	118	33	97	157	10	0	61	49
313	78	72	9	35	95	10	0	163	37
314	19	51	-20	150	210	10	2	0	44
315	69	133	8	45	105	10	0	230	44
316	56	59	-10	60	120	10	127	0	35
317	99	45	21	69	129	10	0	3	55
318	103	67	-10	59	119	10	238	0	48
319	53	79	-18	457	517	10	334	0	120
320	194	112	10	138	198	10	0	233	77
321	42	165	-10	368	428	10	79	0	56
322	68	156	28	301	361	10	0	17	222
323	172	114	-10	73	133	10	269	0	37
324	98	4	-30	96	156	10	307	0	37
325	104	176	-27	215	275	10	329	0	44
326	200	136	-10	113	173	10	25	0	41
327	21	85	-20	173	233	10	15	0	99
328	67	138	11	56	116	10	0	289	49
329	111	129	27	31	91	10	0	325	44
330	97	7	20	100	160	10	0	91	35
331	114	112	-24	591	651	10	240	0	247
332	125	49	-3	275	335	10	204	0	95
333	75	173	30	77	137	10	0	14	44
334	42	72	18	165	225	10	0	319	120
335	53	180	-10	263	323	10	116	0	145
336	174	194	-20	447	507	10	248	0	120
337	39	112	-20	115	175	10	144	0	44
338	6	193	-7	384	444	10	371	0	208
339	6	67	10	99	159	10	0	86	44
340	14	92	30	86	146	10	0	208	44
341	3	75	-30	119	179	10	137	0	44
342	23	142	-1	117	177	10	228	0	59
343	57	118	-10	406	466	10	94	0	207
344	65	53	-8	157	217	10	107	0	59
345	140	3	10	127	187	10	0	80	61
346	187	112	30	87	147	10	0	199	36
347	112	6	-27	601	661	10	380	0	71
348	63	55	-30	170	230	10	75	0	45
349	104	68	10	47	107	10	0	361	56
350	30	187	10	180	240	10	0	280	96
351	194	129	-40	163	223	10	192	0	84
352	53	67	-30	110	170	10	173	0	62
353	186	65	39	452	512	0	0	401	314
354	12	131	28	120	180	10	0	257	65
355	122	37	30	89	149	10	0	297	61
356	36	193	-16	146	206	10	100	0	44
357	113	105	-10	230	290	10	22	0	173
358	84	180	12	346	406	0	0	413	243
359	136	90	18	37	97	10	0	120	44
360	61	50	10	79	139	10	0	266	36
361	97	67	-10	108	168	10	349	0	56
362	190	110	-30	162	222	10	260	0	66
363	87	118	-30	96	156	10	143	0	44
364	137	4	10	209	269	10	0	5	124
365	179	151	20	304	364	10	0	98	202
366	189	97	-20	152	212	10	258	0	75
367	15	87	20	105	165	10	0	267	59
368	157	142	13	70	130	10	0	215	44
369	138	61	19	247	307	10	0	8	189
370	65	42	-10	198	258	10	49	0	113
371	60	184	7	311	371	10	0	338	208
372	85	192	10	93	153	10	0	392	40
373	93	7	20	114	174	10	0	1	60
374	95	16	-22	144	204	10	151	0	44
375	125	38	-20	75	135	10	391	0	40
376	149	78	6	432	492	10	0	28	328
377	185	115	20	136	196	10	0	145	82
378	158	132	-10	343	403	10	88	0	83
379	29	121	46	259	319	10	0	388	183
380	122	13	27	125	185	10	0	347	71
381	57	157	-11	71	131	10	9	0	37
382	8	73	20	146	206	10	0	33	82
383	115	75	26	29	89	10	0	136	44
384	41	43	30	492	552	10	0	53	352
385	104	5	26	176	236	0	0	415	105
386	172	55	-43	440	500	10	205	0	118
387	184	140	-10	341	401	10	274	0	92
388	12	113	-46	318	378	10	379	0	183
389	40	183	-13	102	162	10	162	0	36
390	193	131	20	98	158	10	0	249	44
391	129	40	20	66	126	10	0	375	40
392	84	192	-10	98	158	10	372	0	40
393	95	74	-20	126	186	10	211	0	44
394	8	74	-20	135	195	10	185	0	44
395	181	147	20	119	179	10	0	54	64
396	17	93	20	83	143	10	0	19	44
397	66	196	-25	402	462	10	130	0	195
398	123	90	21	25	85	0	0	407	44
399	110	184	10	436	496	0	0	404	308
400	121	46	3	151	211	10	0	58	114
401	186	65	-39	452	512	10	353	0	314
402	5	162	-26	113	173	10	29	0	44
403	162	123	-40	131	191	10	282	0	93
404	110	184	-10	436	496	10	399	0	308
405	26	138	-10	173	233	10	68	0	112
406	12	85	-10	119	179	10	129	0	67
407	123	90	-21	25	85	10	398	0	44
408	84	118	-20	83	143	10	32	0	89
409	97	129	-11	569	629	10	201	0	449
410	46	40	-15	237	297	10	154	0	162
411	136	111	-19	586	646	10	182	0	456
412	23	123	-15	275	335	10	160	0	190
413	84	180	-12	346	406	10	358	0	243
414	85	85	-14	554	614	10	184	0	444
415	104	5	-26	176	236	10	385	0	105
416	171	36	-6	600	660	10	188	0	423

