100	1000	1
0	100	100	0	0	3060	0	0	0
1	134	6	20	0	2951	10	0	26	1378
2	63	58	-30	0	2995	10	239	0	247
3	64	52	-10	0	2990	10	271	0	425
4	139	7	-24	0	2950	10	136	0	257
5	110	8	-30	1912	2032	10	307	0	961
6	79	193	-13	0	2955	10	193	0	1421
7	80	190	13	1776	1896	10	0	37	901
8	158	81	-30	0	2989	10	375	0	1428
9	60	153	-27	0	2984	10	82	0	1415
10	141	8	-19	0	2950	10	276	0	1408
11	13	81	30	0	2961	10	0	341	1419
12	68	115	20	0	3015	10	0	256	1484
13	151	132	6	0	2990	10	0	31	1418
14	88	143	17	0	3006	10	0	333	140
15	16	84	-20	0	2965	10	144	0	86
16	155	17	-10	0	2951	10	65	0	261
17	69	150	17	0	2992	10	0	194	1461
18	55	87	30	0	3004	10	0	303	1403
19	22	133	-24	0	2966	10	126	0	1424
20	10	20	14	0	2930	10	0	154	1399
21	187	142	10	465	585	10	0	70	244
22	114	122	-20	0	3024	10	176	0	398
23	78	119	30	0	3021	10	0	283	1477
24	199	115	-20	461	581	10	189	0	183
25	185	124	-11	0	2962	10	201	0	1417
26	46	22	-20	0	2956	10	1	0	1378
27	7	152	-20	0	2944	10	140	0	237
28	144	92	-17	2045	2165	10	55	0	1026
29	5	162	-10	0	2937	10	146	0	422
30	197	113	-30	513	633	10	346	0	262
31	189	95	-6	0	2961	10	13	0	1418
32	84	118	-20	0	3026	10	393	0	328
33	28	77	-2	0	2975	10	388	0	1418
34	105	26	24	0	2976	10	0	111	356
35	113	100	-10	0	3037	10	141	0	1448
36	139	97	-32	0	3011	10	309	0	1401
37	143	179	-13	0	2961	10	7	0	901
38	111	189	-10	2011	2131	10	399	0	919
39	119	37	20	0	2985	10	0	226	1407
40	87	191	10	0	2959	10	0	167	1427
41	80	167	10	0	2981	10	0	371	1425
42	23	137	-15	630	750	10	208	0	318
43	181	70	-20	0	2964	10	366	0	348
44	178	123	30	0	2969	10	0	50	1419
45	45	142	15	0	2981	10	0	94	1441
46	151	66	-10	0	2989	10	177	0	1434
47	68	50	10	545	665	10	0	288	302
48	159	196	-23	0	2938	10	397	0	1366
49	87	30	10	0	2979	10	0	219	483
50	187	92	-30	0	2963	10	44	0	1419
51	10	153	20	0	2946	10	0	143	1415
52	54	30	-9	0	2967	10	313	0	83
53	54	37	-26	2584	2704	10	385	0	1269
54	180	147	-20	580	700	10	395	0	297
55	154	59	17	0	2983	10	0	28	1026
56	93	13	30	0	2963	10	0	77	1423
57	38	190	10	547	667	10	0	68	278
58	104	88	25	0	3038	10	0	169	1484
59	78	169	10	0	2978	10	0	251	331
60	127	143	-18	0	3000	10	359	0	1449
61	24	131	-10	0	2968	10	238	0	1413
62	82	194	10	0	2955	10	0	63	1382
63	165	117	-10	0	2983	10	62	0	1382
64	23	176	20	0	2942	10	0	99	1409
65	55	24	10	492	612	10	0	16	261
66	148	157	-10	0	2976	10	269	0	149
67	186	91	10	0	2964	10	0	252	1420
68	26	138	-10	0	2967	10	57	0	278
69	78	184	20	0	2964	10	0	162	218
70	165	181	-10	0	2947	10	21	0	244
71	11	151	-30	0	2948	10	113	0	230
72	103	66	20	0	3016	10	0	157	1370
73	188	125	-13	0	2959	10	84	0	875
74	197	140	10	452	572	10	0	134	233
75	100	70	30	0	3020	10	0	76	1467
76	83	118	-30	0	3026	10	75	0	1467
77	66	58	-30	0	2996	10	56	0	1423
78	83	188	30	299	419	10	0	358	164
79	12	154	10	0	2947	0	0	405	1421
80	158	20	-30	0	2952	10	260	0	1373
81	161	158	-20	0	2966	10	171	0	1421
82	41	186	27	0	2946	10	0	9	1415
83	162	162	20	0	2963	10	0	223	1420
84	89	176	13	1708	1828	10	0	73	875
85	86	69	-10	0	3016	10	348	0	1460
86	20	72	-26	1005	1125	10	337	0	504
87	41	182	30	0	2949	10	0	322	1418
88	178	147	-23	0	2959	10	186	0	59
89	140	11	-8	0	2953	10	107	0	1409
90	60	51	20	332	452	10	0	172	194
91	100	6	30	0	2956	10	0	118	1406
92	18	89	10	0	2968	10	0	124	539
93	85	110	-20	0	3032	10	265	0	1433
94	37	146	-15	0	2972	10	45	0	1441
95	181	89	-10	0	2969	10	101	0	1430
96	26	147	-16	0	2963	10	234	0	1400
97	52	38	30	254	374	10	0	391	147
98	131	136	-10	0	3003	10	306	0	1443
99	46	131	-20	0	2988	10	64	0	1409
100	35	160	-11	335	455	10	328	0	177
101	187	97	10	0	2963	10	0	95	1430
102	172	179	-10	2246	2366	10	148	0	1085
103	156	93	25	0	2994	10	0	187	1442
104	85	164	23	0	2985	10	0	335	1423
105	17	32	-10	1882	2002	10	339	0	927
106	175	60	-20	0	2965	10	390	0	1391
107	82	48	8	0	2995	10	0	89	1409
108	62	50	-10	0	2988	10	360	0	1456
109	137	1	-15	0	2945	10	245	0	121
110	140	4	10	0	2946	10	0	151	1395
111	143	0	-24	724	844	10	34	0	356
112	198	132	10	0	2947	10	0	357	1417
113	25	146	30	428	548	10	0	71	230
114	137	10	-22	0	2953	10	150	0	1422
115	15	88	10	0	2965	10	0	174	347
116	38	183	-20	1235	1355	10	263	0	601
117	121	48	-17	1133	1253	10	133	0	555
118	62	15	-30	0	2957	10	91	0	1406
119	19	38	16	0	2948	10	0	284	1417
120	144	59	-20	0	2990	10	125	0	347
121	125	78	-16	0	3017	10	227	0	817
122	12	156	30	580	700	10	0	296	297
123	53	29	-10	554	674	10	168	0	287
124	22	61	-10	1080	1200	10	92	0	539
125	159	121	20	637	757	10	0	120	347
126	59	83	24	0	3006	10	0	19	1424
127	59	57	-20	0	2991	10	210	0	1424
128	168	58	29	888	1008	10	0	244	464
129	12	85	10	535	655	10	0	166	282
130	85	193	25	1241	1361	10	0	325	633
131	155	107	-24	2200	2320	10	247	0	1064
132	195	132	-20	0	2950	10	155	0	148
133	55	51	17	0	2984	10	0	117	555
134	189	120	-10	540	660	10	74	0	233
135	59	139	26	0	2994	10	0	220	752
136	121	50	24	450	570	10	0	4	257
137	10	67	-10	0	2955	10	302	0	1419
138	52	28	-30	0	2964	10	316	0	1431
139	17	150	-8	0	2954	10	315	0	97
140	101	67	20	388	508	10	0	27	237
141	69	47	10	0	2989	10	0	35	1448
142	164	113	-22	0	2985	10	250	0	1451
143	79	115	-20	0	3025	10	51	0	1415
144	80	108	20	74	194	10	0	15	86
145	184	116	20	0	2965	10	0	197	1414
146	27	135	10	805	925	10	0	29	422
147	29	139	-26	0	2969	10	298	0	1431
148	84	194	10	0	2955	10	0	102	1085
149	186	94	20	0	2964	10	0	190	1409
150	114	72	22	0	3019	10	0	114	1422
151	90	4	-10	0	2954	10	110	0	1395
152	41	187	20	0	2945	10	0	278	1414
153	92	178	26	0	2972	10	0	255	1382
154	46	40	-14	0	2970	10	20	0	1399
155	174	128	20	256	376	10	0	132	148
156	30	142	-10	0	2969	10	280	0	1409
157	28	193	-20	0	2933	10	72	0	1370
158	185	96	30	0	2965	10	0	290	1434
159	74	55	3	0	2999	10	0	266	1435
160	23	123	-23	0	2970	10	308	0	1438
161	103	70	10	0	3020	10	0	301	1441
162	42	174	-20	451	571	10	69	0	218
163	8	8	11	0	2920	10	0	310	1388
164	83	81	21	42	162	10	0	179	68
165	57	54	20	0	2988	10	0	370	1447
166	26	45	-10	0	2958	10	129	0	282
167	83	180	-10	0	2969	10	40	0	1427
168	70	37	10	0	2981	10	0	123	287
169	97	65	-25	0	3015	10	58	0	1484
170	53	31	10	0	2967	10	0	242	1436
171	179	141	20	0	2961	10	0	81	1421
172	100	53	-20	0	3003	10	90	0	194
173	55	64	30	383	503	10	0	243	222
174	8	71	-10	690	810	10	115	0	347
175	174	185	-15	448	568	10	387	0	209
176	176	144	20	764	884	10	0	22	398
177	123	36	10	0	2982	10	0	46	1434
178	142	60	-3	0	2992	10	216	0	743
179	53	61	-21	0	2989	10	164	0	68
180	62	38	-20	0	2978	10	224	0	178
181	123	33	20	512	632	10	0	347	280
182	136	111	-17	2404	2524	10	262	0	1210
183	28	160	27	0	2957	10	0	342	1420
184	85	85	14	0	3029	10	0	204	1461
185	12	66	20	0	2956	10	0	268	403
186	107	96	23	8	128	10	0	88	59
187	168	119	-25	0	2980	10	103	0	1442
188	171	36	-11	0	2955	10	386	0	1420
189	188	88	20	335	455	10	0	24	183
190	135	45	-20	0	2985	10	149	0	1409
191	26	41	-20	0	2956	10	367	0	1406
192	195	129	40	0	2951	0	0	401	1425
193	108	141	13	0	3009	10	0	6	1421
194	75	134	-17	0	3008	10	17	0	1461
195	141	4	20	0	2946	10	0	345	287
196	60	58	20	0	2992	0	0	406	1467
197	196	137	-20	0	2948	10	145	0	1414
198	7	142	20	807	927	10	0	363	412
199	190	112	20	343	463	10	0	264	186
200	63	192	12	0	2951	10	0	282	1377
201	97	129	11	0	3021	10	0	25	1417
202	71	131	11	0	3008	10	0	289	1412
203	159	105	20	0	2991	10	0	218	1426
204	109	48	-14	0	2998	10	184	0	1461
205	189	83	-10	0	2960	10	287	0	1413
206	142	27	-10	0	2966	10	249	0	1366
207	68	40	23	0	2982	10	0	332	1429
208	56	90	15	0	3005	10	0	42	318
209	98	193	-10	809	929	10	392	0	238
210	121	36	20	0	2983	10	0	127	1424
211	101	70	20	104	224	10	0	354	96
212	134	157	-20	1673	1793	10	248	0	826
213	103	77	21	0	3027	10	0	225	826
214	87	117	10	0	3029	0	0	402	1503
215	183	170	-27	0	2942	10	311	0	1402
216	193	12	3	1495	1615	10	0	178	743
217	127	60	-26	0	3002	10	383	0	73
218	178	140	-20	0	2963	10	203	0	1426
219	95	50	-10	949	1069	10	49	0	483
220	25	165	-26	1494	1614	10	135	0	752
221	124	191	-10	0	2956	10	372	0	1406
222	138	69	-20	0	3001	10	235	0	1423
223	177	145	-20	0	2961	10	83	0	1420
224	50	31	20	322	442	10	0	180	178
225	37	177	-21	1687	1807	10	213	0	826
226	48	30	-20	0	2963	10	39	0	1407
227	197	29	16	1635	1755	10	0	121	817
228	40	130	-20	0	2983	10	241	0	1441
229	23	168	13	0	2948	10	0	350	384
230	24	140	20	0	2965	10	0	343	1434
231	20	59	-30	0	2961	10	257	0	1397
232	81	183	11	0	2965	10	0	253	281
233	190	109	-12	0	2960	10	378	0	1422
234	28	187	16	0	2938	10	0	96	1400
235	145	19	20	0	2958	10	0	222	1423
236	164	37	19	0	2961	10	0	376	882
237	186	96	20	0	2964	10	0	353	1415
238	105	70	10	0	3020	10	0	61	1413
239	140	6	30	478	598	10	0	2	247
240	146	166	-21	1466	1586	10	398	0	67
241	56	148	20	0	2985	10	0	228	1441
242	66	52	-10	0	2992	10	170	0	1436
243	53	59	-30	0	2988	10	173	0	222
244	179	5	-29	2145	2265	10	128	0	464
245	122	58	15	170	290	10	0	109	121
246	37	190	-13	0	2941	10	338	0	792
247	155	22	24	0	2955	10	0	131	1064
248	175	143	20	0	2964	10	0	212	826
249	199	132	10	0	2946	10	0	206	1366
250	131	92	22	0	3018	10	0	142	1451
251	83	197	-10	653	773	10	59	0	331
252	180	66	-10	0	2964	10	67	0	1420
253	87	195	-11	552	672	10	232	0	281
254	129	176	-28	0	2969	10	299	0	1397
255	185	123	-26	0	2962	10	153	0	1382
256	77	115	-20	0	3023	10	12	0	1484
257	7	119	30	0	2956	10	0	231	1397
258	195	97	20	0	2955	10	0	270	1417
259	162	118	-30	0	2986	10	275	0	1385
260	196	111	30	0	2954	10	0	80	1373
261	32	47	-14	0	2964	10	300	0	580
262	100	144	17	0	3006	10	0	182	1210
263	13	152	20	0	2949	10	0	116	601
264	192	113	-20	0	2958	10	199	0	186
265	25	143	20	0	2964	10	0	93	1433
266	51	31	-3	0	2966	10	159	0	1435
267	14	84	20	644	764	10	0	319	338
268	12	69	-20	794	914	10	185	0	403
269	165	113	10	245	365	10	0	66	149
270	138	72	-20	0	3003	10	258	0	1417
271	135	0	10	837	957	10	0	3	425
272	8	89	13	0	2958	10	0	327	1426
273	110	110	-27	2367	2487	10	329	0	1213
274	177	146	10	674	794	10	0	368	352
275	87	196	30	0	2954	10	0	259	1385
276	89	39	19	0	2989	10	0	10	1408
277	65	77	-19	0	3009	10	314	0	1425
278	63	149	-20	0	2989	10	152	0	1414
279	143	5	-20	0	2946	10	297	0	1415
280	32	178	10	0	2947	10	0	156	1409
281	193	111	-10	656	776	10	320	0	334
282	162	123	-12	0	2984	10	200	0	1377
283	67	127	-30	0	3008	10	23	0	1477
284	73	81	-16	0	3017	10	119	0	1417
285	50	67	10	446	566	10	0	295	253
286	38	188	20	0	2943	10	0	321	1411
287	183	120	10	0	2965	10	0	205	1413
288	129	38	-10	0	2982	10	47	0	302
289	35	186	-11	0	2943	10	202	0	1412
290	180	93	-30	0	2970	10	158	0	1434
291	146	3	-21	1727	1847	10	317	0	859
292	8	154	-10	0	2944	10	361	0	1388
293	200	162	24	0	2933	10	0	323	1396
294	8	69	-20	0	2953	10	382	0	1421
295	131	38	-10	0	2981	10	285	0	253
296	78	115	-30	0	3024	10	122	0	297
297	123	31	20	0	2978	10	0	279	1415
298	39	151	26	0	2971	10	0	147	1431
299	53	175	28	0	2962	10	0	254	1397
300	1	54	14	1150	1270	10	0	261	580
301	40	95	-10	0	2990	10	161	0	1441
302	5	73	10	0	2952	10	0	137	1419
303	7	151	-30	0	2944	10	18	0	1403
304	166	117	20	380	500	10	0	365	215
305	39	186	5	0	2945	10	0	381	1414
306	165	116	10	0	2984	10	0	98	1443
307	99	12	30	0	2962	10	0	5	961
308	48	106	23	0	2998	10	0	160	1438
309	154	7	32	0	2943	10	0	36	1401
310	18	35	-11	0	2946	10	163	0	1388
311	135	171	27	0	2971	10	0	215	1402
312	11	118	33	448	568	10	0	340	238
313	78	72	9	82	202	10	0	52	83
314	19	51	19	0	2956	10	0	277	1425
315	69	133	8	121	241	10	0	139	97
316	56	59	30	0	2990	10	0	138	1431
317	99	45	21	0	2995	10	0	291	859
318	103	67	20	0	3017	10	0	356	1376
319	53	79	-20	0	2999	10	267	0	338
320	194	112	10	0	2956	10	0	281	334
321	42	165	-20	0	2963	10	286	0	1411
322	68	156	-30	0	2986	10	87	0	1418
323	172	114	-24	0	2977	10	293	0	1396
324	98	4	-30	0	2954	10	355	0	234
325	104	176	-25	0	2974	10	130	0	633
326	200	136	-20	512	632	10	362	0	251
327	21	85	-13	0	2970	10	272	0	1426
328	67	138	11	0	3000	10	0	100	177
329	111	129	27	0	3019	10	0	273	1213
330	97	7	20	0	2957	10	0	373	1424
331	114	112	17	0	3032	10	0	377	1432
332	125	49	-23	0	2994	10	207	0	1429
333	75	173	-17	249	369	10	14	0	140
334	42	72	-20	0	2986	10	394	0	1423
335	53	180	-23	0	2958	10	104	0	1423
336	174	194	8	0	2931	10	0	351	1377
337	39	112	26	0	2988	10	0	86	504
338	6	193	13	1597	1717	10	0	246	792
339	6	67	10	0	2951	10	0	105	927
340	14	92	-33	0	2964	10	312	0	238
341	3	75	-30	0	2950	10	11	0	1419
342	23	142	-27	0	2963	10	183	0	1420
343	57	118	-20	0	3004	10	230	0	1434
344	65	53	-20	690	810	10	352	0	362
345	140	3	-20	570	690	10	195	0	287
346	187	112	30	0	2963	10	0	30	262
347	112	6	-20	0	2956	10	181	0	280
348	63	55	10	0	2992	10	0	85	1460
349	104	68	10	249	369	10	0	389	168
350	30	187	-13	781	901	10	229	0	384
351	194	129	-8	0	2952	10	336	0	1377
352	53	67	20	0	2993	10	0	344	362
353	186	65	-20	0	2958	10	237	0	1415
354	12	131	-20	0	2957	10	211	0	96
355	122	37	30	415	535	10	0	324	234
356	36	193	-20	0	2938	10	318	0	1376
357	113	105	-10	0	3037	10	112	0	1417
358	84	180	-30	0	2969	10	78	0	164
359	136	90	18	0	3013	10	0	60	1449
360	61	50	10	0	2987	10	0	108	1456
361	97	67	10	0	3017	10	0	292	1388
362	190	110	20	0	2960	10	0	326	251
363	87	118	-20	0	3028	10	198	0	412
364	137	4	-3	0	2948	10	400	0	1417
365	179	151	-20	1277	1397	10	304	0	215
366	189	97	20	666	786	10	0	43	348
367	15	87	20	0	2965	10	0	191	1406
368	157	142	-10	0	2980	10	274	0	352
369	138	61	19	0	2996	0	0	403	1470
370	65	42	-20	0	2983	10	165	0	1447
371	60	184	-10	0	2957	10	41	0	1425
372	85	192	10	0	2957	10	0	221	1406
373	93	7	-20	0	2957	10	330	0	1424
374	95	16	-27	635	755	10	380	0	294
375	125	38	30	0	2984	10	0	8	1428
376	149	78	-19	1789	1909	10	236	0	882
377	185	115	-17	0	2964	10	331	0	1432
378	158	132	12	0	2984	10	0	233	1422
379	29	121	46	0	2976	10	0	396	1426
380	122	13	27	558	678	10	0	374	294
381	57	157	-5	0	2979	10	305	0	1414
382	8	73	20	0	2955	10	0	294	1421
383	115	75	26	57	177	10	0	217	73
384	41	43	30	2028	2148	0	0	404	1032
385	104	5	26	0	2955	10	0	53	1269
386	172	55	11	0	2966	10	0	188	1420
387	184	140	15	0	2957	10	0	175	209
388	12	113	2	0	2962	10	0	33	1418
389	40	183	-10	0	2948	10	349	0	168
390	193	131	20	0	2952	10	0	106	1391
391	129	40	-30	0	2984	10	97	0	147
392	84	192	10	451	571	10	0	209	238
393	95	74	20	563	683	10	0	32	328
394	8	74	20	0	2955	10	0	334	1423
395	181	147	20	0	2957	10	0	54	297
396	17	93	-46	0	2967	10	379	0	1426
397	66	196	23	0	2949	10	0	48	1366
398	123	90	21	40	160	10	0	240	67
399	110	184	10	1803	1923	10	0	38	919
400	121	46	3	0	2993	10	0	364	1417
401	195	129	-40	0	2951	10	192	0	1425
402	87	117	-10	0	3029	10	214	0	1503
403	138	61	-19	0	2996	10	369	0	1470
404	41	43	-30	2028	2148	10	384	0	1032
405	12	154	-10	0	2947	10	79	0	1421
406	60	58	-20	0	2992	10	196	0	1467

