100	1000	1
0	100	100	0	0	3060	0	0	0
1	134	6	20	0	2951	10	0	89	1417
2	63	58	20	0	2995	10	0	396	161
3	64	52	20	0	2990	10	0	108	1457
4	139	7	20	0	2950	10	0	16	1410
5	110	8	-15	1912	2032	10	154	0	524
6	79	193	-15	758	878	10	167	0	386
7	80	190	-8	1776	1896	10	270	0	320
8	158	81	23	2038	2158	10	0	131	1048
9	60	153	-23	0	2984	10	397	0	1414
10	141	8	-20	0	2950	10	330	0	1401
11	13	81	30	591	711	10	0	20	310
12	68	115	-21	0	3015	10	343	0	1473
13	151	132	6	658	778	10	0	329	358
14	88	143	17	0	3006	10	0	87	174
15	16	84	20	692	812	10	0	124	363
16	155	17	-20	0	2951	10	4	0	1410
17	69	150	-10	0	2992	10	214	0	1461
18	55	87	-23	0	3004	10	308	0	1460
19	22	133	-30	0	2966	10	122	0	297
20	10	20	-30	0	2930	10	11	0	310
21	187	142	10	465	585	10	0	255	244
22	114	122	-23	852	972	10	217	0	425
23	78	119	30	286	406	10	0	392	188
24	199	115	20	461	581	10	0	101	240
25	185	124	10	427	547	10	0	295	229
26	46	22	10	0	2956	10	0	226	1424
27	7	152	-10	0	2944	10	296	0	139
28	144	92	-10	2045	2165	10	288	0	1015
29	5	162	26	0	2937	10	0	388	1394
30	197	113	-13	513	633	10	178	0	244
31	189	95	-20	537	657	10	264	0	267
32	84	118	-10	0	3026	10	363	0	1495
33	28	77	12	0	2975	10	0	137	1424
34	105	26	24	0	2976	10	0	235	648
35	113	100	-13	0	3037	10	252	0	1432
36	139	97	-22	0	3011	10	151	0	1399
37	143	179	-18	0	2961	10	254	0	309
38	111	189	-12	2011	2131	10	358	0	1005
39	119	37	20	0	2985	10	0	364	1417
40	87	191	10	0	2959	10	0	130	628
41	80	167	-13	0	2981	10	368	0	1409
42	23	137	20	630	750	10	0	71	332
43	181	70	-21	0	2964	10	114	0	1391
44	178	123	-10	0	2969	10	287	0	1433
45	45	142	15	0	2981	10	0	61	625
46	151	66	11	0	2989	10	0	369	1455
47	68	50	10	545	665	10	0	370	302
48	159	196	6	0	2938	10	0	293	960
49	87	30	-10	0	2979	10	52	0	1426
50	187	92	-9	435	555	10	222	0	220
51	10	153	20	483	603	10	0	146	249
52	54	30	10	0	2967	10	0	49	1426
53	54	37	-16	2584	2704	10	105	0	947
54	180	147	-20	580	700	10	259	0	295
55	154	59	17	273	393	10	0	362	162
56	93	13	30	580	700	10	0	188	306
57	38	190	10	547	667	10	0	303	278
58	104	88	-10	0	3038	10	344	0	375
59	78	169	10	0	2978	10	0	225	841
60	127	143	-10	2165	2285	10	274	0	352
61	24	131	-15	1234	1354	10	45	0	625
62	82	194	10	705	825	10	0	372	364
63	165	117	10	0	2983	10	0	81	1423
64	23	176	-13	1414	1534	10	162	0	238
65	55	24	-10	492	612	10	170	0	255
66	148	157	-6	0	2976	10	132	0	1406
67	186	91	-20	0	2964	10	366	0	348
68	26	138	-20	753	873	10	265	0	385
69	78	184	-27	0	2964	10	209	0	417
70	165	181	22	0	2947	10	0	98	1236
71	11	151	-20	0	2948	10	42	0	332
72	103	66	20	339	459	10	0	193	212
73	188	125	10	480	600	10	0	258	254
74	197	140	10	452	572	10	0	351	233
75	100	70	-21	0	3020	10	213	0	136
76	83	118	20	347	467	10	0	194	221
77	66	58	20	0	2996	10	0	92	1423
78	83	188	30	299	419	10	0	321	164
79	12	154	10	532	652	10	0	183	274
80	158	20	19	0	2952	10	0	227	803
81	161	158	-10	0	2966	10	63	0	1423
82	41	186	-30	0	2946	10	333	0	145
83	162	162	-20	1371	1491	10	155	0	148
84	89	176	-17	1708	1828	10	331	0	865
85	86	69	14	0	3016	10	0	173	213
86	20	72	-20	1005	1125	10	367	0	506
87	41	182	-17	344	464	10	14	0	174
88	178	147	-8	0	2959	10	336	0	923
89	140	11	-20	0	2953	10	1	0	1417
90	60	51	20	332	452	10	0	276	194
91	100	6	30	0	2956	10	0	385	387
92	18	89	-20	0	2968	10	77	0	1423
93	85	110	-28	0	3032	10	322	0	660
94	37	146	10	0	2972	10	0	354	271
95	181	89	-10	0	2969	10	345	0	292
96	26	147	20	0	2963	10	0	292	1413
97	52	38	30	254	374	10	0	168	147
98	131	136	-22	2523	2643	10	70	0	1236
99	46	131	-10	0	2988	10	280	0	1412
100	35	160	16	335	455	10	0	379	183
101	187	97	-20	714	834	10	24	0	240
102	172	179	-10	2246	2366	10	218	0	1114
103	156	93	-20	0	2994	10	324	0	1390
104	85	164	-20	0	2985	10	169	0	264
105	17	32	16	1882	2002	10	0	53	947
106	175	60	-17	0	2965	10	332	0	1423
107	82	48	-17	0	2995	10	133	0	562
108	62	50	-20	0	2988	10	3	0	1457
109	137	1	-27	0	2945	10	380	0	294
110	140	4	10	526	646	10	0	290	271
111	143	0	-20	724	844	10	373	0	271
112	198	132	-10	0	2947	10	306	0	1416
113	25	146	-10	428	548	10	156	0	224
114	137	10	21	0	2953	10	0	43	1391
115	15	88	-20	437	557	10	394	0	217
116	38	183	-20	1235	1355	10	356	0	610
117	121	48	-20	1133	1253	10	281	0	341
118	62	15	29	0	2957	10	0	297	1405
119	19	38	-30	0	2948	10	316	0	143
120	144	59	18	0	2990	10	0	237	1418
121	125	78	11	0	3017	10	0	128	458
122	12	156	30	580	700	10	0	19	297
123	53	29	30	554	674	10	0	242	294
124	22	61	-20	1080	1200	10	15	0	363
125	159	121	-30	637	757	10	355	0	234
126	59	83	24	0	3006	10	0	184	1156
127	59	57	-20	0	2991	10	224	0	178
128	168	58	-11	888	1008	10	121	0	458
129	12	85	-20	535	655	10	185	0	171
130	85	193	-10	1241	1361	10	40	0	628
131	155	107	-23	2200	2320	10	8	0	1048
132	195	132	6	0	2950	10	0	66	1406
133	55	51	17	1072	1192	10	0	107	562
134	189	120	10	540	660	10	0	247	284
135	59	139	-30	1283	1403	10	275	0	616
136	121	50	24	450	570	10	0	282	257
137	10	67	-12	0	2955	10	33	0	1424
138	52	28	-23	432	552	10	207	0	132
139	17	150	20	328	448	10	0	312	175
140	101	67	20	388	508	10	0	204	237
141	69	47	-10	0	2989	10	285	0	253
142	164	113	-22	0	2985	10	250	0	1451
143	79	115	-17	0	3025	10	278	0	1458
144	80	108	20	74	194	10	0	198	86
145	184	116	-20	0	2965	10	149	0	1423
146	27	135	-20	805	925	10	51	0	249
147	29	139	-8	264	384	10	315	0	97
148	84	194	10	499	619	10	0	251	261
149	186	94	20	0	2964	10	0	145	1423
150	114	72	22	0	3019	10	0	239	242
151	90	4	22	0	2954	10	0	36	1399
152	41	187	20	446	566	10	0	350	230
153	92	178	26	0	2972	10	0	273	1164
154	46	40	15	1009	1129	10	0	5	524
155	174	128	20	256	376	10	0	83	148
156	30	142	10	0	2969	10	0	113	224
157	28	193	-12	0	2933	10	200	0	1394
158	185	96	-20	804	924	10	199	0	186
159	74	55	3	0	2999	10	0	347	1233
160	23	123	-10	1162	1282	10	342	0	582
161	103	70	10	152	272	10	0	378	120
162	42	174	13	451	571	10	0	64	238
163	8	8	-20	0	2920	10	382	0	1374
164	83	81	21	42	162	10	0	339	68
165	57	54	20	0	2988	10	0	360	1454
166	26	45	8	0	2958	10	0	384	1015
167	83	180	15	0	2969	10	0	6	386
168	70	37	-30	0	2981	10	97	0	147
169	97	65	20	445	565	10	0	104	264
170	53	31	10	0	2967	10	0	65	255
171	179	141	-20	0	2961	10	365	0	651
172	100	53	-43	0	3003	10	205	0	422
173	55	64	-14	383	503	10	85	0	213
174	8	71	10	690	810	10	0	348	356
175	174	185	15	448	568	10	0	223	227
176	176	144	-20	764	884	10	181	0	280
177	123	36	10	0	2982	10	0	335	497
178	142	60	13	0	2992	10	0	30	244
179	53	61	20	0	2989	10	0	268	400
180	62	38	19	0	2978	10	0	243	1441
181	123	33	20	512	632	10	0	176	280
182	136	111	-10	2404	2524	10	233	0	391
183	28	160	-10	0	2957	10	79	0	274
184	85	85	-24	2274	2394	10	126	0	1156
185	12	66	20	317	437	10	0	129	171
186	107	96	23	8	128	10	0	249	59
187	168	119	14	0	2980	10	0	215	1404
188	171	36	-30	0	2955	10	56	0	306
189	188	88	20	335	455	10	0	260	183
190	135	45	-15	0	2985	10	245	0	121
191	26	41	-30	572	692	10	340	0	271
192	195	129	40	669	789	10	0	219	344
193	108	141	-20	1080	1200	10	72	0	212
194	75	134	-20	0	3008	10	76	0	221
195	141	4	-30	615	735	10	307	0	297
196	60	58	20	0	2992	10	0	294	1415
197	196	137	-24	0	2948	10	240	0	752
198	7	142	-20	807	927	10	144	0	86
199	190	112	20	343	463	10	0	158	186
200	63	192	12	0	2951	10	0	157	1394
201	97	129	11	0	3021	10	0	229	956
202	71	131	11	0	3008	10	0	263	1417
203	159	105	-11	2304	2424	10	206	0	757
204	109	48	-20	538	658	10	140	0	237
205	189	83	43	816	936	10	0	172	422
206	142	27	11	1480	1600	10	0	203	757
207	68	40	23	212	332	10	0	138	132
208	56	90	-26	0	3005	10	337	0	1452
209	98	193	27	809	929	10	0	69	417
210	121	36	20	0	2983	10	0	400	1452
211	101	70	20	104	224	10	0	357	96
212	134	157	-20	1673	1793	10	304	0	215
213	103	77	21	176	296	10	0	75	136
214	87	117	10	0	3029	10	0	17	1461
215	183	170	-14	0	2942	10	187	0	1404
216	193	12	3	1495	1615	10	0	386	743
217	127	60	23	0	3002	10	0	22	425
218	178	140	10	0	2963	10	0	102	1114
219	95	50	-40	949	1069	10	192	0	344
220	25	165	-28	1494	1614	10	299	0	422
221	124	191	-21	785	905	10	398	0	67
222	138	69	9	0	3001	10	0	50	220
223	177	145	-15	0	2961	10	175	0	227
224	50	31	20	322	442	10	0	127	178
225	37	177	-10	1687	1807	10	59	0	841
226	48	30	-10	0	2963	10	26	0	1424
227	197	29	-19	1635	1755	10	80	0	803
228	40	130	1	551	671	10	0	289	301
229	23	168	-11	1915	2035	10	201	0	956
230	24	140	20	0	2965	10	0	301	1423
231	20	59	-10	2006	2126	10	341	0	996
232	81	183	11	346	466	10	0	305	190
233	190	109	10	753	873	10	0	182	391
234	28	187	-26	0	2938	10	381	0	1407
235	145	19	-24	1302	1422	10	34	0	648
236	164	37	-24	0	2961	10	291	0	869
237	186	96	-18	0	2964	10	120	0	1418
238	105	70	10	0	3020	0	0	401	1494
239	140	6	-22	478	598	10	150	0	242
240	146	166	24	1466	1586	10	0	197	752
241	56	148	-13	2110	2230	10	338	0	792
242	66	52	-30	596	716	10	123	0	294
243	53	59	-19	0	2988	10	180	0	1441
244	179	5	-20	2145	2265	10	374	0	335
245	122	58	15	170	290	10	0	190	121
246	37	190	-26	0	2941	10	298	0	243
247	155	22	-10	0	2955	10	134	0	284
248	175	143	20	0	2964	10	0	399	874
249	199	132	-23	0	2946	10	186	0	59
250	131	92	22	0	3018	10	0	142	1451
251	83	197	-10	653	773	10	148	0	261
252	180	66	13	0	2964	10	0	35	1432
253	87	195	10	552	672	10	0	283	288
254	129	176	18	580	700	10	0	37	309
255	185	123	-10	0	2962	10	21	0	244
256	77	115	-20	0	3023	10	389	0	1416
257	7	119	30	1445	1565	10	0	319	735
258	195	97	-10	602	722	10	73	0	254
259	162	118	20	0	2986	10	0	54	295
260	196	111	-20	0	2954	10	189	0	183
261	32	47	-18	0	2964	10	334	0	1431
262	100	144	-10	996	1116	10	361	0	497
263	13	152	-11	0	2949	10	202	0	1417
264	192	113	20	0	2958	10	0	31	267
265	25	143	20	0	2964	10	0	68	385
266	51	31	20	0	2966	10	0	352	1431
267	14	84	20	644	764	10	0	300	338
268	12	69	-20	794	914	10	179	0	400
269	165	113	-18	245	365	10	359	0	85
270	138	72	8	568	688	10	0	7	320
271	135	0	-20	837	957	10	391	0	130
272	8	89	13	0	2958	10	0	314	1406
273	110	110	-26	2367	2487	10	153	0	1164
274	177	146	10	674	794	10	0	60	352
275	87	196	30	0	2954	10	0	135	616
276	89	39	-20	0	2989	10	90	0	194
277	65	77	-9	0	3009	10	313	0	83
278	63	149	17	0	2989	10	0	143	1458
279	143	5	10	664	784	10	0	309	339
280	32	178	10	0	2947	10	0	99	1412
281	193	111	20	656	776	10	0	117	341
282	162	123	-24	583	703	10	136	0	257
283	67	127	-10	0	3008	10	253	0	288
284	73	81	-24	2802	2922	10	310	0	1245
285	50	67	10	446	566	10	0	141	253
286	38	188	20	499	619	10	0	393	218
287	183	120	10	0	2965	10	0	44	1433
288	129	38	10	0	2982	10	0	28	1015
289	35	186	-1	841	961	10	228	0	301
290	180	93	-10	0	2970	10	110	0	271
291	146	3	24	1727	1847	10	0	236	869
292	8	154	-20	0	2944	10	96	0	1413
293	200	162	-6	1977	2097	10	48	0	960
294	8	69	-20	0	2953	10	196	0	1415
295	131	38	-10	0	2981	10	25	0	229
296	78	115	10	186	306	10	0	27	139
297	123	31	-29	0	2978	10	118	0	1405
298	39	151	26	447	567	10	0	246	243
299	53	175	28	813	933	10	0	220	422
300	1	54	-20	1150	1270	10	267	0	338
301	40	95	-20	0	2990	10	230	0	1423
302	5	73	10	487	607	10	0	327	254
303	7	151	-10	0	2944	10	57	0	278
304	166	117	20	380	500	10	0	212	215
305	39	186	-11	0	2945	10	232	0	190
306	165	116	10	0	2984	10	0	112	1416
307	99	12	30	0	2962	10	0	195	297
308	48	106	23	0	2998	10	0	18	1460
309	154	7	-10	0	2943	10	279	0	339
310	18	35	24	2475	2595	10	0	284	1245
311	135	171	27	0	2971	10	0	390	1396
312	11	118	-20	448	568	10	139	0	175
313	78	72	9	82	202	10	0	277	83
314	19	51	-13	0	2956	10	272	0	1406
315	69	133	8	121	241	10	0	147	97
316	56	59	30	228	348	10	0	119	143
317	99	45	21	0	2995	10	0	376	892
318	103	67	-10	0	3017	10	349	0	168
319	53	79	-30	0	2999	10	257	0	735
320	194	112	-20	611	731	10	377	0	312
321	42	165	-30	0	2963	10	78	0	164
322	68	156	28	1266	1386	10	0	93	660
323	172	114	20	314	434	10	0	326	180
324	98	4	20	0	2954	10	0	103	1390
325	104	176	-7	0	2974	10	371	0	666
326	200	136	-20	512	632	10	323	0	180
327	21	85	-10	753	873	10	302	0	254
328	67	138	11	0	3000	0	0	402	1474
329	111	129	-6	0	3019	10	13	0	358
330	97	7	20	0	2957	10	0	10	1401
331	114	112	17	0	3032	10	0	84	865
332	125	49	17	0	2994	10	0	106	1423
333	75	173	30	249	369	10	0	82	145
334	42	72	18	0	2986	10	0	261	1431
335	53	180	-10	1113	1233	10	177	0	497
336	174	194	8	1847	1967	10	0	88	923
337	39	112	26	0	2988	10	0	208	1452
338	6	193	13	1597	1717	10	0	241	792
339	6	67	-21	422	542	10	164	0	68
340	14	92	30	0	2964	10	0	191	271
341	3	75	10	0	2950	10	0	231	996
342	23	142	10	0	2963	10	0	160	582
343	57	118	21	0	3004	10	0	12	1473
344	65	53	10	690	810	10	0	58	375
345	140	3	10	570	690	10	0	95	292
346	187	112	30	291	411	10	0	353	161
347	112	6	-3	2471	2591	10	159	0	1233
348	63	55	-10	0	2992	10	174	0	356
349	104	68	10	249	369	10	0	318	168
350	30	187	-20	781	901	10	152	0	230
351	194	129	-10	0	2952	10	74	0	233
352	53	67	-20	0	2993	10	266	0	1431
353	186	65	-30	0	2958	10	346	0	161
354	12	131	-10	540	660	10	94	0	271
355	122	37	30	415	535	10	0	125	234
356	36	193	20	0	2938	10	0	116	610
357	113	105	-20	981	1101	10	211	0	96
358	84	180	12	0	2969	10	0	38	1005
359	136	90	18	89	209	10	0	269	85
360	61	50	-20	0	2987	10	165	0	1454
361	97	67	10	0	3017	10	0	262	497
362	190	110	-17	709	829	10	55	0	162
363	87	118	10	0	3028	10	0	32	1495
364	137	4	-20	0	2948	10	39	0	1417
365	179	151	20	1277	1397	10	0	171	651
366	189	97	20	666	786	10	0	67	348
367	15	87	20	0	2965	10	0	86	506
368	157	142	13	0	2980	10	0	41	1409
369	138	61	-11	0	2996	10	46	0	1455
370	65	42	-10	854	974	10	47	0	302
371	60	184	7	1306	1426	10	0	325	666
372	85	192	-10	0	2957	10	62	0	364
373	93	7	20	516	636	10	0	111	271
374	95	16	20	635	755	10	0	244	335
375	125	38	-26	0	2984	10	383	0	73
376	149	78	-21	1789	1909	10	317	0	892
377	185	115	20	0	2964	10	0	320	312
378	158	132	-10	0	2984	10	161	0	120
379	29	121	-16	1097	1217	10	100	0	183
380	122	13	27	558	678	10	0	109	294
381	57	157	26	0	2979	10	0	234	1407
382	8	73	20	0	2955	10	0	163	1374
383	115	75	26	57	177	10	0	375	73
384	41	43	-8	2028	2148	10	166	0	1015
385	104	5	-30	763	883	10	91	0	387
386	172	55	-3	1819	1939	10	216	0	743
387	184	140	-20	1424	1544	10	395	0	716
388	12	113	-26	0	2962	10	29	0	1394
389	40	183	20	0	2948	10	0	256	1416
390	193	131	-27	0	2952	10	311	0	1396
391	129	40	20	207	327	10	0	271	130
392	84	192	-30	451	571	10	23	0	188
393	95	74	-20	563	683	10	286	0	218
394	8	74	20	0	2955	10	0	115	217
395	181	147	20	0	2957	10	0	387	716
396	17	93	-20	327	447	10	2	0	161
397	66	196	23	0	2949	10	0	9	1414
398	123	90	21	40	160	10	0	221	67
399	110	184	-20	1803	1923	10	248	0	874
400	121	46	-20	0	2993	10	210	0	1452
401	105	70	-10	0	3020	10	238	0	1494
402	67	138	-11	0	3000	10	328	0	1474

