100	1000	1
0	100	100	0	0	3060	0	0	0
1	134	6	-10	710	1310	10	109	0	521
2	63	58	-9	55	655	10	313	0	294
3	64	52	-10	404	1004	10	348	0	466
4	139	7	20	192	792	10	0	220	345
5	110	8	-20	1672	2272	10	210	0	457
6	79	193	30	518	1118	10	0	116	511
7	80	190	13	1536	2136	10	0	201	1021
8	158	81	-19	1798	2398	10	277	0	575
9	60	153	11	149	749	10	0	100	296
10	141	8	20	143	743	10	0	374	321
11	13	81	30	351	951	10	0	190	430
12	68	115	-20	2021	2621	10	230	0	426
13	151	132	-10	418	1018	10	372	0	336
14	88	143	-20	1843	2443	10	241	0	1167
15	16	84	20	452	1052	10	0	185	290
16	155	17	-11	145	745	10	46	0	299
17	69	150	17	2017	2617	0	0	403	1279
18	55	87	-21	573	1173	10	86	0	520
19	22	133	-20	447	1047	10	42	0	452
20	10	20	-23	2115	2715	10	207	0	300
21	187	142	10	225	825	10	0	70	281
22	114	122	-30	612	1212	10	239	0	367
23	78	119	-10	46	646	10	93	0	299
24	199	115	20	221	821	10	0	112	360
25	185	124	10	187	787	10	0	199	295
26	46	22	-14	1377	1977	10	300	0	700
27	7	152	-10	447	1047	10	363	0	390
28	144	92	23	1805	2405	0	0	405	1180
29	5	162	26	255	855	10	0	305	370
30	197	113	20	273	873	10	0	98	387
31	189	95	-10	297	897	10	296	0	299
32	84	118	20	151	751	10	0	246	363
33	28	77	12	641	1241	10	0	353	582
34	105	26	-20	1052	1652	10	382	0	453
35	113	100	-10	681	1281	10	361	0	409
36	139	97	-18	2261	2861	10	120	0	1033
37	143	179	24	845	1445	10	0	81	677
38	111	189	-20	1771	2371	10	139	0	299
39	119	37	20	431	1031	10	0	222	267
40	87	191	-8	119	719	10	315	0	299
41	80	167	-10	647	1247	10	148	0	381
42	23	137	20	390	990	10	0	19	452
43	181	70	-10	1859	2459	10	339	0	341
44	178	123	30	81	681	10	0	73	299
45	45	142	-13	1631	2231	10	338	0	912
46	151	66	11	61	661	10	0	16	299
47	68	50	10	305	905	10	0	172	422
48	159	196	-17	712	1312	10	215	0	511
49	87	30	-23	512	1112	10	217	0	411
50	187	92	-10	195	795	10	63	0	342
51	10	153	-30	243	843	10	113	0	350
52	54	30	10	360	960	10	0	170	438
53	54	37	-30	2344	2944	10	97	0	299
54	180	147	-20	340	940	10	351	0	404
55	154	59	17	67	667	10	0	291	299
56	93	13	30	340	940	10	0	234	426
57	38	190	-20	307	907	10	286	0	375
58	104	88	-30	2438	3038	10	384	0	1152
59	78	169	-20	913	1513	10	251	0	457
60	127	143	-20	1925	2525	10	326	0	382
61	24	131	31	994	1594	10	0	301	755
62	82	194	-30	465	1065	10	87	0	301
63	165	117	10	230	830	10	0	50	342
64	23	176	-30	1174	1774	10	157	0	479
65	55	24	-10	252	852	10	168	0	299
66	148	157	21	1031	1631	10	0	83	778
67	186	91	10	150	750	10	0	248	331
68	26	138	10	513	1113	10	0	198	514
69	78	184	20	594	1194	10	0	289	530
70	165	181	-10	115	715	10	21	0	281
71	11	151	20	194	794	0	0	401	345
72	103	66	-30	99	699	10	75	0	300
73	188	125	-30	240	840	10	44	0	299
74	197	140	-20	212	812	10	264	0	329
75	100	70	30	30	630	10	0	72	300
76	83	118	20	107	707	10	0	225	341
77	66	58	-20	558	1158	10	327	0	507
78	83	188	-21	89	689	10	283	0	286
79	12	154	10	292	892	10	0	321	394
80	158	20	-32	2048	2648	10	309	0	827
81	161	158	-24	1334	1934	10	37	0	677
82	41	186	27	299	899	10	0	253	375
83	162	162	-21	1131	1731	10	66	0	778
84	89	176	13	1468	2068	10	0	153	995
85	86	69	14	463	1063	10	0	193	514
86	20	72	21	765	1365	10	0	18	520
87	41	182	30	104	704	10	0	62	301
88	178	147	-20	388	988	10	125	0	441
89	140	11	10	97	697	10	0	380	299
90	60	51	20	92	692	10	0	108	314
91	100	6	-20	116	716	10	295	0	296
92	18	89	10	82	682	10	0	133	299
93	85	110	10	18	618	10	0	23	299
94	37	146	10	1002	1602	10	0	99	761
95	181	89	10	81	681	10	0	274	299
96	26	147	-26	142	742	10	298	0	319
97	52	38	30	78	678	10	0	53	299
98	131	136	-20	2283	2883	10	30	0	387
99	46	131	-10	1122	1722	10	94	0	761
100	35	160	-11	95	695	10	9	0	296
101	187	97	-43	474	1074	10	205	0	479
102	172	179	1	2006	2606	10	0	273	1249
103	156	93	-13	1443	2043	10	178	0	969
104	85	164	23	65	665	10	0	149	299
105	17	32	-30	1642	2242	10	316	0	299
106	175	60	18	85	685	10	0	247	300
107	82	48	8	119	719	10	0	242	331
108	62	50	-20	181	781	10	90	0	314
109	137	1	10	548	1148	10	0	1	521
110	140	4	-19	286	886	10	236	0	334
111	143	0	-20	484	1084	10	195	0	435
112	198	132	-20	372	972	10	24	0	360
113	25	146	30	188	788	10	0	51	350
114	137	10	-22	1522	2122	10	150	0	299
115	15	88	10	197	797	10	0	376	355
116	38	183	-30	995	1595	10	6	0	511
117	121	48	17	893	1493	10	0	386	718
118	62	15	29	115	715	10	0	314	310
119	19	38	-20	1577	2177	10	196	0	300
120	144	59	18	1527	2127	10	0	36	1033
121	125	78	11	33	633	10	0	371	299
122	12	156	-16	340	940	10	194	0	299
123	53	29	30	314	914	10	0	231	414
124	22	61	-11	840	1440	10	163	0	391
125	159	121	20	397	997	10	0	88	441
126	59	83	24	667	1267	10	0	159	611
127	59	57	10	59	659	10	0	261	299
128	168	58	-26	648	1248	10	383	0	299
129	12	85	10	295	895	10	0	344	402
130	85	193	-19	1001	1601	10	276	0	299
131	155	107	-20	1960	2560	10	304	0	335
132	195	132	-40	814	1414	10	192	0	464
133	55	51	-10	832	1432	10	92	0	299
134	189	120	-11	300	900	10	328	0	299
135	59	139	-15	1043	1643	10	160	0	720
136	121	50	24	210	810	0	0	406	377
137	10	67	30	126	726	10	0	341	315
138	52	28	10	192	792	10	0	266	292
139	17	150	20	96	696	10	0	38	299
140	101	67	20	148	748	10	0	165	286
141	69	47	10	252	852	10	0	360	328
142	164	113	20	65	665	10	0	323	295
143	79	115	30	25	625	10	0	392	299
144	80	108	20	21	621	10	0	146	299
145	184	116	20	411	1011	10	0	336	462
146	27	135	-20	565	1165	10	144	0	299
147	29	139	10	81	681	10	0	379	299
148	84	194	10	259	859	10	0	41	381
149	186	94	-23	244	844	10	104	0	299
150	114	72	22	31	631	10	0	114	299
151	90	4	22	173	773	10	0	357	338
152	41	187	-26	206	806	10	381	0	304
153	92	178	-13	1643	2243	10	84	0	995
154	46	40	15	769	1369	10	0	191	410
155	174	128	20	79	679	10	0	346	288
156	30	142	10	81	681	10	0	342	299
157	28	193	30	476	1076	10	0	64	479
158	185	96	-13	564	1164	10	368	0	299
159	74	55	-24	1164	1764	10	126	0	611
160	23	123	15	922	1522	10	0	135	720
161	103	70	10	30	630	10	0	317	299
162	42	174	-10	211	811	10	214	0	353
163	8	8	11	313	913	10	0	124	391
164	83	81	21	25	625	10	0	243	294
165	57	54	-20	62	662	10	140	0	286
166	26	45	-50	647	1247	10	226	0	323
167	83	180	15	825	1425	10	0	397	671
168	70	37	10	69	669	10	0	65	299
169	97	65	20	205	805	10	0	262	384
170	53	31	-10	405	1005	10	52	0	438
171	179	141	-10	153	753	10	218	0	309
172	100	53	-10	2403	3003	10	47	0	422
173	55	64	30	143	743	10	0	174	342
174	8	71	-30	450	1050	10	173	0	342
175	174	185	-10	208	808	10	320	0	313
176	176	144	-10	524	1124	10	223	0	494
177	123	36	10	220	820	10	0	400	375
178	142	60	13	1412	2012	10	0	103	969
179	53	61	20	88	688	10	0	352	313
180	62	38	19	1914	2514	0	0	402	1220
181	123	33	20	272	872	10	0	252	271
182	136	111	-20	2164	2764	10	362	0	489
183	28	160	-27	1330	1930	10	209	0	537
184	85	85	-19	2034	2634	10	284	0	1289
185	12	66	-20	94	694	10	15	0	290
186	107	96	23	8	608	10	0	331	299
187	168	119	-11	1992	2592	10	232	0	310
188	171	36	-30	2291	2891	10	375	0	327
189	188	88	-20	95	695	10	259	0	290
190	135	45	-30	910	1510	10	11	0	430
191	26	41	-15	332	932	10	154	0	410
192	195	129	40	429	1029	10	0	132	464
193	108	141	-14	840	1440	10	85	0	514
194	75	134	16	42	642	10	0	122	299
195	141	4	20	375	975	10	0	111	435
196	60	58	20	58	658	10	0	119	300
197	196	137	20	159	759	10	0	221	328
198	7	142	-10	567	1167	10	68	0	514
199	190	112	-10	103	703	10	25	0	295
200	63	192	-20	692	1292	10	263	0	321
201	97	129	-13	2097	2697	10	7	0	1021
202	71	131	-26	1756	2356	10	337	0	409
203	159	105	-12	2064	2664	10	378	0	861
204	109	48	-20	298	898	10	211	0	299
205	189	83	43	576	1176	10	0	101	479
206	142	27	-30	1240	1840	10	355	0	354
207	68	40	23	68	668	10	0	20	300
208	56	90	15	1877	2477	10	0	319	1090
209	98	193	27	569	1169	10	0	183	537
210	121	36	20	382	982	10	0	5	457
211	101	70	20	30	630	10	0	204	299
212	134	157	-18	1433	2033	10	359	0	299
213	103	77	21	23	623	10	0	349	294
214	87	117	10	247	847	10	0	162	353
215	183	170	17	531	1131	10	0	48	511
216	193	12	-10	1255	1855	10	345	0	412
217	127	60	23	272	872	10	0	49	411
218	178	140	10	107	707	10	0	171	309
219	95	50	-20	709	1309	10	373	0	391
220	25	165	-20	1254	1854	10	4	0	345
221	124	191	-20	545	1145	10	197	0	328
222	138	69	-20	49	649	10	39	0	267
223	177	145	10	478	1078	10	0	176	494
224	50	31	-20	85	685	10	318	0	288
225	37	177	-20	1447	2047	10	76	0	341
226	48	30	50	135	735	10	0	166	323
227	197	29	16	1395	1995	10	0	347	937
228	40	130	1	311	911	10	0	388	421
229	23	168	-20	1675	2275	10	330	0	363
230	24	140	20	338	938	10	0	12	426
231	20	59	-30	1766	2366	10	123	0	414
232	81	183	11	106	706	10	0	187	310
233	190	109	-20	513	1113	10	256	0	299
234	28	187	-30	1756	2356	10	56	0	426
235	145	19	20	1062	1662	10	0	244	784
236	164	37	19	158	758	10	0	110	334
237	186	96	20	520	1120	10	0	258	428
238	105	70	10	30	630	10	0	310	299
239	140	6	30	238	838	10	0	22	367
240	146	166	-22	1226	1826	10	250	0	299
241	56	148	20	1870	2470	10	0	14	1167
242	66	52	-8	356	956	10	107	0	331
243	53	59	-21	62	662	10	164	0	294
244	179	5	-20	1905	2505	10	235	0	784
245	122	58	15	47	647	10	0	270	299
246	37	190	-20	351	951	10	32	0	363
247	155	22	-18	268	868	10	106	0	300
248	175	143	-10	569	1169	10	67	0	331
249	199	132	10	328	928	10	0	254	371
250	131	92	22	32	632	10	0	240	299
251	83	197	20	413	1013	10	0	59	457
252	180	66	-20	90	690	10	181	0	271
253	87	195	-27	312	912	10	82	0	375
254	129	176	-10	340	940	10	249	0	371
255	185	123	30	143	743	10	0	395	327
256	77	115	20	27	627	10	0	233	299
257	7	119	-23	1205	1805	10	308	0	499
258	195	97	-20	362	962	10	237	0	428
259	162	118	20	283	883	10	0	189	290
260	196	111	30	322	922	10	0	365	412
261	32	47	-10	359	959	10	127	0	299
262	100	144	-20	756	1356	10	169	0	384
263	13	152	20	145	745	10	0	200	321
264	192	113	20	152	752	10	0	74	329
265	25	143	20	240	840	10	0	343	376
266	51	31	-10	84	684	10	138	0	292
267	14	84	20	404	1004	10	0	268	458
268	12	69	-20	554	1154	10	267	0	458
269	165	113	-21	66	666	10	398	0	291
270	138	72	-15	328	928	10	245	0	299
271	135	0	-20	597	1197	10	297	0	423
272	8	89	-20	592	1192	10	396	0	301
273	110	110	-1	2127	2727	10	102	0	1249
274	177	146	-10	434	1034	10	95	0	299
275	87	196	-20	356	956	10	389	0	323
276	89	39	19	61	661	10	0	130	299
277	65	77	19	593	1193	10	0	8	575
278	63	149	17	61	661	10	0	303	299
279	143	5	10	424	1024	10	0	364	459
280	32	178	10	675	1275	10	0	399	585
281	193	111	20	416	1016	0	0	404	461
282	162	123	-27	343	943	10	329	0	299
283	67	127	21	42	642	10	0	78	286
284	73	81	19	2417	3017	10	0	184	1289
285	50	67	10	206	806	10	0	394	373
286	38	188	20	259	859	10	0	57	375
287	183	120	10	89	689	10	0	377	301
288	129	38	10	68	668	10	0	307	284
289	35	186	-20	601	1201	10	69	0	530
290	180	93	-10	627	1227	10	306	0	359
291	146	3	-17	1487	2087	10	55	0	299
292	8	154	20	398	998	10	0	322	445
293	200	162	-27	1737	2337	10	311	0	467
294	8	69	20	498	1098	10	0	332	500
295	131	38	20	69	669	10	0	91	296
296	78	115	10	26	626	10	0	31	299
297	123	31	20	320	920	10	0	271	423
298	39	151	26	207	807	10	0	96	319
299	53	175	28	573	1173	10	0	350	508
300	1	54	14	910	1510	10	0	26	700
301	40	95	-31	1770	2370	10	61	0	755
302	5	73	10	247	847	10	0	370	374
303	7	151	-17	491	1091	10	278	0	299
304	166	117	20	140	740	10	0	131	335
305	39	186	-26	462	1062	10	29	0	370
306	165	116	10	186	786	10	0	290	359
307	99	12	-10	88	688	10	288	0	284
308	48	106	23	452	1052	10	0	257	499
309	154	7	32	1162	1762	10	0	80	827
310	18	35	-10	2235	2835	10	238	0	299
311	135	171	27	414	1014	10	0	293	467
312	11	118	-28	208	808	10	354	0	345
313	78	72	9	35	635	10	0	2	294
314	19	51	-29	421	1021	10	118	0	310
315	69	133	8	45	645	10	0	40	299
316	56	59	30	60	660	10	0	105	299
317	99	45	-10	98	698	10	161	0	299
318	103	67	20	55	655	10	0	224	288
319	53	79	-15	1647	2247	10	208	0	1090
320	194	112	10	371	971	10	0	175	313
321	42	165	-10	1293	1893	10	79	0	394
322	68	156	-20	1026	1626	10	292	0	445
323	172	114	-20	74	674	10	142	0	295
324	98	4	20	168	768	10	0	385	335
325	104	176	-20	681	1281	10	391	0	299
326	200	136	20	272	872	10	0	60	382
327	21	85	20	513	1113	10	0	77	507
328	67	138	11	50	650	10	0	134	299
329	111	129	27	31	631	10	0	282	299
330	97	7	20	220	820	10	0	229	363
331	114	112	-23	2183	2783	10	186	0	299
332	125	49	-20	919	1519	10	294	0	500
333	75	173	30	77	677	10	0	366	299
334	42	72	18	481	1081	10	0	369	508
335	53	180	-20	873	1473	10	356	0	445
336	174	194	-20	1607	2207	10	145	0	462
337	39	112	26	281	881	10	0	202	409
338	6	193	13	1357	1957	10	0	45	912
339	6	67	10	182	782	10	0	43	341
340	14	92	30	140	740	10	0	367	326
341	3	75	-30	298	898	10	137	0	315
342	23	142	-10	289	889	10	156	0	299
343	57	118	-20	1445	2045	10	265	0	376
344	65	53	-10	450	1050	10	129	0	402
345	140	3	10	330	930	10	0	216	412
346	187	112	-20	87	687	10	155	0	288
347	112	6	-16	2231	2831	10	227	0	937
348	63	55	10	501	1101	10	0	3	466
349	104	68	-21	32	632	10	213	0	294
350	30	187	-28	541	1141	10	299	0	508
351	194	129	20	473	1073	10	0	54	404
352	53	67	-20	258	858	10	179	0	313
353	186	65	-12	1629	2229	10	33	0	582
354	12	131	28	300	900	10	0	312	345
355	122	37	30	175	775	10	0	206	354
356	36	193	20	404	1004	10	0	335	445
357	113	105	-22	741	1341	10	151	0	338
358	84	180	-20	1203	1803	10	393	0	448
359	136	90	18	37	637	10	0	212	299
360	61	50	-10	137	737	10	141	0	328
361	97	67	10	253	853	10	0	35	409
362	190	110	20	469	1069	10	0	182	489
363	87	118	10	203	803	10	0	27	390
364	137	4	-10	655	1255	10	279	0	459
365	179	151	-30	1037	1637	10	260	0	412
366	189	97	-30	426	1026	10	333	0	299
367	15	87	-30	241	841	10	340	0	326
368	157	142	13	70	670	10	0	158	299
369	138	61	-18	808	1408	10	334	0	508
370	65	42	-10	614	1214	10	302	0	374
371	60	184	-11	1066	1666	10	121	0	299
372	85	192	10	167	767	10	0	13	336
373	93	7	20	276	876	10	0	219	391
374	95	16	-20	395	995	10	10	0	321
375	125	38	30	122	722	10	0	188	327
376	149	78	-10	1549	2149	10	115	0	355
377	185	115	-10	366	966	10	287	0	301
378	158	132	12	1190	1790	10	0	203	861
379	29	121	-10	857	1457	10	147	0	299
380	122	13	-10	318	918	10	89	0	299
381	57	157	26	80	680	10	0	152	304
382	8	73	20	402	1002	10	0	34	453
383	115	75	26	29	629	10	0	128	299
384	41	43	30	1788	2388	10	0	58	1152
385	104	5	-20	523	1123	10	324	0	335
386	172	55	-17	1579	2179	10	117	0	718
387	184	140	-20	1184	1784	10	390	0	299
388	12	113	-1	1092	1692	10	228	0	421
389	40	183	20	150	750	10	0	275	323
390	193	131	20	98	698	10	0	387	299
391	129	40	20	66	666	10	0	325	299
392	84	192	-30	211	811	10	143	0	299
393	95	74	20	323	923	10	0	358	448
394	8	74	-10	358	958	10	285	0	373
395	181	147	-30	296	896	10	255	0	327
396	17	93	20	87	687	10	0	272	301
397	66	196	-15	1430	2030	10	167	0	671
398	123	90	21	25	625	10	0	269	291
399	110	184	-10	1563	2163	10	280	0	585
400	121	46	-10	422	1022	10	177	0	375
401	11	151	-20	194	794	10	71	0	345
402	62	38	-19	1914	2514	10	180	0	1220
403	69	150	-17	2017	2617	10	17	0	1279
404	193	111	-20	416	1016	10	281	0	461
405	144	92	-23	1805	2405	10	28	0	1180
406	121	50	-24	210	810	10	136	0	377

