250	200	1
0	250	250	0	0	1824	0	0	0
1	387	297	10	144	681	90	0	515	120
2	5	297	10	789	1183	90	0	53	233
3	355	177	20	127	680	90	0	965	116
4	78	346	-10	196	785	90	44	0	123
5	286	159	20	290	836	0	0	1015	184
6	322	465	10	226	743	90	0	210	114
7	393	408	30	413	926	90	0	848	178
8	89	216	10	287	770	90	0	695	151
9	76	345	30	348	778	90	0	142	144
10	410	285	-20	338	717	90	99	0	115
11	472	189	30	230	803	90	0	721	107
12	270	49	-10	746	1149	90	633	0	84
13	219	325	10	337	745	90	0	78	153
14	437	12	20	449	720	90	0	645	104
15	418	218	20	740	1264	0	0	1003	273
16	20	488	-10	627	948	90	664	0	131
17	77	347	-20	260	682	90	89	0	96
18	73	346	-20	451	1047	90	967	0	153
19	480	455	10	908	1394	0	0	1041	271
20	129	292	-20	351	812	90	329	0	120
21	337	257	-20	595	1073	90	702	0	194
22	237	254	-10	414	902	90	844	0	179
23	131	220	-20	599	960	90	119	0	170
24	417	417	10	832	1142	0	0	1020	226
25	287	143	10	599	942	90	0	644	185
26	379	80	-10	602	925	90	760	0	88
27	87	285	30	456	1016	90	0	522	212
28	374	489	20	269	799	90	0	973	98
29	440	247	-10	503	993	90	152	0	119
30	281	137	10	117	726	90	0	632	147
31	379	196	20	443	935	0	0	1046	198
32	297	102	10	155	644	90	0	520	88
33	39	76	10	273	734	90	0	320	96
34	35	306	-30	222	662	90	736	0	87
35	435	68	10	259	746	90	0	832	121
36	245	251	10	5	418	90	0	249	103
37	409	88	20	409	962	90	0	205	183
38	273	55	-40	196	664	90	305	0	93
39	163	340	-20	168	813	90	404	0	113
40	129	223	20	123	501	90	0	902	94
41	371	200	-10	656	1102	90	276	0	216
42	357	26	20	936	1428	0	0	1032	294
43	470	473	-20	771	1421	90	990	0	153
44	77	344	10	196	746	90	0	4	123
45	478	461	10	310	686	90	0	575	93
46	128	291	-10	362	984	90	577	0	140
47	111	113	-20	427	899	90	562	0	122
48	164	21	-10	381	835	90	211	0	125
49	21	485	-30	348	679	90	79	0	65
50	108	26	10	265	654	90	0	675	97
51	424	286	10	368	721	90	0	591	135
52	200	270	20	53	538	90	0	444	121
53	7	300	-10	819	1341	90	2	0	233
54	433	31	10	285	788	90	0	177	118
55	420	295	-10	800	1220	90	443	0	141
56	451	367	-10	944	1385	90	180	0	196
57	118	157	20	200	668	90	0	389	126
58	489	101	-30	858	1214	90	961	0	200
59	200	261	-10	762	1201	90	699	0	263
60	476	483	-30	482	898	90	625	0	120
61	30	302	10	317	887	90	0	937	97
62	8	300	-20	975	1367	90	922	0	87
63	275	45	20	206	824	90	0	929	154
64	238	46	-20	584	936	90	198	0	153
65	152	206	-20	744	1139	90	728	0	235
66	99	218	-10	154	690	90	441	0	111
67	393	410	20	739	1155	90	0	647	235
68	480	460	-10	362	814	90	797	0	101
69	337	256	20	87	658	90	0	162	142
70	389	300	-20	147	623	90	231	0	96
71	90	237	-10	1070	1442	90	433	0	264
72	321	280	30	77	522	90	0	439	111
73	417	218	-10	937	1250	90	377	0	156
74	64	108	10	265	748	90	0	83	128
75	57	432	-30	803	1202	90	652	0	90
76	356	24	20	249	694	90	0	467	111
77	143	207	-20	115	548	90	424	0	85
78	221	325	-10	480	786	90	13	0	153
79	22	483	30	325	703	90	0	49	65
80	24	65	-20	674	1206	90	698	0	169
81	141	431	30	211	709	90	0	816	124
82	202	9	10	951	1489	90	0	399	249
83	20	48	-10	942	1428	90	74	0	128
84	457	163	-30	224	840	90	402	0	126
85	470	290	-30	611	1120	90	423	0	201
86	268	400	-10	656	1140	90	914	0	137
87	337	251	10	87	705	90	0	107	108
88	366	20	-30	671	1131	90	639	0	145
89	72	344	20	402	912	90	0	17	96
90	149	203	-20	352	799	90	308	0	124
91	55	428	-20	264	849	90	571	0	123
92	189	7	30	250	801	90	0	200	85
93	397	18	-20	304	789	90	321	0	105
94	481	122	30	327	933	90	0	942	167
95	20	73	10	290	865	90	0	271	125
96	54	430	-20	326	936	90	948	0	140
97	74	350	-10	634	1236	90	105	0	218
98	202	8	10	826	1488	90	0	156	287
99	406	285	20	188	680	90	0	10	115
100	460	2	20	408	968	90	0	334	99
101	441	244	10	719	1145	90	0	392	238
102	1	293	10	278	768	90	0	265	128
103	115	465	10	253	674	90	0	422	105
104	422	420	20	284	751	90	0	925	127
105	75	347	10	606	1076	90	0	97	218
106	141	428	20	208	667	90	0	553	114
107	404	264	-10	176	681	90	87	0	108
108	398	23	10	270	681	90	0	601	102
109	148	211	20	109	738	90	0	723	119
110	362	22	-20	937	1233	90	730	0	193
111	479	127	20	259	660	90	0	843	100
112	443	246	-20	254	876	90	336	0	90
113	22	37	10	566	1161	90	0	448	212
114	65	100	-20	558	1015	90	705	0	81
115	404	447	20	250	563	90	0	440	78
116	102	264	10	148	606	90	0	563	77
117	444	271	10	392	929	90	0	657	183
118	325	466	40	483	905	90	0	547	169
119	124	219	20	375	810	90	0	23	170
120	335	243	-30	181	741	90	997	0	132
121	26	42	-30	305	764	90	536	0	91
122	113	106	20	198	713	90	0	322	46
123	399	450	-20	838	1189	90	397	0	197
124	146	439	10	413	936	0	0	1036	180
125	162	336	20	123	506	90	0	378	95
126	2	295	-30	639	962	90	934	0	153
127	122	35	10	250	635	90	0	903	96
128	346	60	10	742	1371	90	0	668	289
129	93	213	30	215	652	90	0	593	118
130	218	316	20	73	681	90	0	904	98
131	116	156	10	251	802	90	0	186	159
132	419	422	-10	416	807	90	785	0	100
133	467	141	-10	408	803	90	692	0	117
134	187	491	-20	449	1176	90	535	0	124
135	433	25	-20	689	1184	90	195	0	189
136	286	137	10	298	677	90	0	900	139
137	370	82	40	234	724	90	0	370	129
138	132	290	-20	661	1054	90	335	0	127
139	435	11	40	302	720	90	0	430	104
140	206	261	-10	824	1330	90	530	0	204
141	428	291	10	564	898	90	0	863	178
142	95	384	-30	572	933	90	9	0	144
143	205	223	20	381	655	90	0	661	150
144	463	140	10	239	708	90	0	551	100
145	343	47	20	526	1017	90	0	691	198
146	435	62	-10	962	1413	90	835	0	167
147	387	488	-30	848	1186	90	775	0	69
148	121	157	10	159	558	90	0	773	99
149	182	463	30	223	762	90	0	303	105
150	92	216	10	620	991	90	0	297	207
151	370	83	-20	205	793	90	272	0	113
152	444	242	10	270	671	90	0	29	119
153	90	285	-10	876	1146	90	938	0	129
154	446	64	-10	447	818	90	825	0	114
155	312	264	20	63	504	90	0	873	110
156	208	11	-10	972	1492	90	98	0	287
157	442	247	-10	390	923	90	254	0	140
158	140	431	30	211	802	90	0	579	147
159	118	153	-20	791	1186	90	278	0	152
160	134	428	20	692	1235	90	0	412	191
161	91	235	10	962	1367	0	0	1037	301
162	406	257	-20	401	832	90	69	0	142
163	377	76	-30	399	939	90	931	0	114
164	474	96	-20	271	646	90	193	0	70
165	346	57	-10	700	1226	90	909	0	132
166	393	301	30	287	739	90	0	676	146
167	412	214	10	165	738	90	0	916	143
168	210	398	10	335	903	90	0	592	169
169	346	150	-20	795	1151	90	774	0	84
170	62	453	-30	296	803	90	492	0	108
171	437	61	-30	817	1373	90	754	0	202
172	87	96	-10	481	1073	90	569	0	189
173	367	83	30	203	752	90	0	700	137
174	91	268	-10	568	1231	90	679	0	139
175	459	145	40	233	866	90	0	885	158
176	63	444	-20	822	1408	90	240	0	147
177	433	27	-10	468	854	90	54	0	118
178	60	454	10	641	1203	90	0	216	152
179	478	99	-20	348	944	90	456	0	143
180	485	454	10	636	1096	90	0	56	196
181	6	292	10	247	908	90	0	407	106
182	398	20	20	273	774	90	0	693	125
183	248	251	20	2	428	90	0	311	106
184	433	15	20	297	707	90	0	414	102
185	64	426	10	931	1454	0	0	1014	299
186	154	207	-10	801	1268	90	131	0	159
187	481	456	40	796	1322	90	0	302	194
188	380	498	10	336	768	90	0	747	121
189	88	286	-10	551	1104	90	298	0	156
190	111	23	10	266	760	90	0	830	123
191	199	187	20	270	653	90	0	703	142
192	269	48	20	709	1003	0	0	1019	200
193	367	178	20	405	785	90	0	164	70
194	452	163	30	219	632	90	0	373	101
195	431	28	20	463	1043	90	0	135	189
196	8	116	20	673	1177	90	0	662	225
197	233	47	20	203	790	90	0	589	146
198	237	43	20	511	823	90	0	64	153
199	320	262	10	376	864	90	0	420	157
200	188	4	-30	253	685	90	92	0	85
201	180	6	-10	575	1037	90	634	0	153
202	328	466	-30	560	1193	90	897	0	206
203	393	12	-20	384	905	90	470	0	122
204	409	90	-10	300	887	90	437	0	134
205	406	87	-20	771	1165	90	37	0	183
206	394	407	-30	468	1053	90	346	0	124
207	358	183	-40	724	1214	90	294	0	104
208	186	461	20	220	656	90	0	332	108
209	38	72	30	276	722	90	0	805	111
210	323	471	-10	234	780	90	6	0	114
211	224	192	10	63	651	90	0	48	125
212	278	46	20	205	664	90	0	366	114
213	272	403	30	310	739	0	0	1040	146
214	232	42	10	422	721	0	0	1009	128
215	18	63	-20	529	980	90	381	0	147
216	58	458	-10	491	984	90	178	0	152
217	416	417	-20	874	1283	90	223	0	211
218	205	230	30	53	413	90	0	371	88
219	65	453	30	274	802	90	0	237	131
220	421	294	-10	642	1195	90	611	0	81
221	434	245	-10	1119	1550	90	757	0	219
222	2	116	20	391	722	90	0	927	110
223	411	421	20	697	1082	90	0	217	211
224	315	260	10	65	479	90	0	734	103
225	136	288	-10	843	1242	90	689	0	226
226	173	490	20	252	644	90	0	409	97
227	90	232	-30	439	975	90	920	0	169
228	402	265	20	152	696	90	0	776	133
229	361	14	-10	392	1032	90	333	0	124
230	348	147	-20	647	1113	90	884	0	97
231	385	295	20	142	599	90	0	70	96
232	394	23	-10	1163	1434	90	762	0	266
233	466	295	-10	831	1274	90	950	0	184
234	71	103	-10	959	1503	90	338	0	204
235	125	29	30	304	932	90	0	596	166
236	25	65	10	799	1263	90	0	674	205
237	58	449	-30	872	1164	90	219	0	131
238	246	398	40	148	635	90	0	266	121
239	423	294	-20	611	1041	90	798	0	100
240	59	459	20	418	875	90	0	176	147
241	348	145	-20	549	1026	90	353	0	143
242	477	97	-20	273	825	90	565	0	115
243	307	102	40	351	898	90	0	348	184
244	169	31	20	233	832	90	0	765	149
245	381	495	20	466	1009	90	0	636	182
246	95	234	10	155	673	90	0	828	129
247	22	33	10	559	979	90	0	452	166
248	435	268	-30	851	1403	90	599	0	100
249	135	293	-10	160	629	90	36	0	103
250	439	266	10	189	478	90	0	768	72
251	269	402	-20	446	790	90	362	0	105
252	267	400	-10	551	1063	90	621	0	121
253	473	196	10	345	862	90	0	733	158
254	445	237	10	195	758	90	0	157	140
255	461	284	-10	213	653	90	829	0	85
256	167	339	10	425	934	90	0	510	203
257	26	43	-20	305	753	90	301	0	88
258	101	386	20	201	773	90	0	958	132
259	342	54	20	357	813	90	0	319	149
260	243	399	10	585	1034	0	0	1039	221
261	288	44	20	435	912	90	0	697	175
262	274	48	10	203	745	90	0	618	108
263	360	184	-20	645	1108	90	670	0	192
264	23	67	-10	986	1263	90	678	0	127
265	6	296	-10	717	1073	90	102	0	128
266	249	258	-40	750	1134	90	238	0	121
267	421	415	30	237	677	90	0	526	109
268	319	468	-10	228	728	90	969	0	101
269	50	438	20	543	960	90	0	690	171
270	440	61	-20	758	1246	90	868	0	137
271	17	65	-10	432	891	90	95	0	125
272	323	118	20	150	606	90	0	151	113
273	402	281	20	698	1112	90	0	717	239
274	71	153	-30	587	975	90	600	0	129
275	52	432	20	554	1078	90	0	845	202
276	378	199	10	507	1057	90	0	41	216
277	238	204	20	392	807	0	0	1044	189
278	208	184	20	78	687	90	0	159	152
279	376	195	-30	391	800	90	466	0	141
280	473	475	-20	996	1309	90	864	0	223
281	215	395	-20	698	1096	90	761	0	159
282	123	222	30	208	598	90	0	383	116
283	436	241	-10	1068	1537	90	453	0	301
284	70	100	-10	885	1425	90	876	0	153
285	73	328	20	193	625	90	0	666	107
286	241	205	30	572	814	90	0	888	191
287	250	405	20	155	781	90	0	626	155
288	483	14	10	409	988	90	0	858	164
289	466	287	-20	219	772	90	899	0	111
290	467	114	-10	1016	1366	90	609	0	250
291	120	159	10	158	568	90	0	870	102
292	408	84	10	564	995	90	0	696	191
293	413	217	20	166	643	90	0	908	119
294	338	142	40	139	557	90	0	207	104
295	483	457	-30	632	914	90	363	0	92
296	479	169	-20	634	974	90	759	0	150
297	95	224	-10	905	1273	90	150	0	207
298	122	216	10	237	760	90	0	189	156
299	477	179	-20	237	795	90	309	0	116
300	406	99	-20	217	862	90	660	0	86
301	44	47	20	289	862	90	0	257	88
302	487	450	-40	738	1184	90	187	0	194
303	172	488	-30	250	763	90	149	0	105
304	460	374	-20	562	1021	90	960	0	123
305	279	138	40	115	608	90	0	38	93
306	338	147	10	135	671	90	0	646	133
307	395	295	-10	494	919	90	496	0	154
308	195	185	20	153	582	90	0	90	124
309	463	194	20	220	721	90	0	299	116
310	30	72	-20	1023	1452	90	750	0	264
311	244	254	-20	423	1087	90	183	0	106
312	317	261	20	194	678	90	0	566	152
313	67	108	10	231	625	0	0	1023	98
314	442	310	-20	464	877	90	738	0	139
315	63	336	-10	620	1063	90	910	0	186
316	109	107	20	200	652	90	0	895	112
317	100	387	10	279	668	90	0	865	116
318	494	94	-20	459	867	90	806	0	119
319	343	49	-20	381	978	90	259	0	149
320	40	52	-10	363	773	90	33	0	96
321	319	124	20	186	680	90	0	93	105
322	94	97	-20	218	497	90	122	0	46
323	476	94	20	274	695	0	0	1006	105
324	283	47	10	261	531	90	0	369	81
325	398	325	30	600	1017	90	0	735	212
326	460	13	-20	316	755	90	955	0	83
327	305	107	20	500	941	90	0	405	196
328	188	12	30	245	762	90	0	846	109
329	136	290	20	120	602	90	0	20	120
330	439	268	10	749	1316	0	0	1022	281
331	112	467	-10	339	723	90	789	0	93
332	181	469	-20	253	752	90	208	0	108
333	358	18	10	297	755	90	0	229	124
334	459	10	-20	357	822	90	100	0	99
335	199	268	20	89	564	90	0	138	127
336	436	237	20	186	550	90	0	112	90
337	318	280	20	110	593	90	0	573	63
338	64	99	10	699	1057	90	0	234	204
339	394	333	20	357	701	90	0	673	133
340	366	93	-10	691	1233	90	665	0	210
341	95	391	-10	671	1211	90	516	0	212
342	391	425	-10	637	1114	90	354	0	170
343	344	146	-10	352	673	90	504	0	89
344	198	12	-10	359	854	90	501	0	129
345	186	472	20	311	885	90	0	401	163
346	390	408	30	260	711	90	0	206	124
347	19	43	20	943	1424	90	0	500	253
348	307	108	-40	627	997	90	243	0	184
349	59	457	-10	552	1106	90	364	0	112
350	49	451	20	284	711	90	0	403	106
351	125	39	20	245	716	90	0	475	106
352	61	147	40	220	576	90	0	465	90
353	317	123	20	334	717	90	0	241	143
354	392	426	10	478	909	90	0	342	170
355	237	213	-30	588	1176	90	824	0	239
356	71	333	10	197	665	90	0	472	116
357	304	97	20	221	652	90	0	499	122
358	196	462	-40	771	1186	90	656	0	124
359	224	191	20	132	540	90	0	898	118
360	37	51	-10	400	922	90	532	0	133
361	491	25	10	727	1240	90	0	447	227
362	270	401	20	152	575	90	0	251	105
363	474	461	30	307	679	90	0	295	92
364	66	448	10	270	720	90	0	349	112
365	337	241	20	161	576	90	0	521	122
366	269	46	-20	553	974	90	212	0	114
367	22	41	-20	873	1401	90	777	0	125
368	198	271	-10	217	621	90	663	0	118
369	287	43	-10	356	808	90	324	0	81
370	446	63	-40	388	1058	90	137	0	129
371	200	229	-30	156	500	90	218	0	88
372	48	72	-20	423	1056	90	462	0	127
373	465	142	-30	240	739	90	194	0	101
374	123	155	-20	966	1386	90	418	0	238
375	16	497	-10	863	1298	90	669	0	198
376	220	319	30	732	1276	0	0	1038	300
377	484	171	10	542	874	90	0	73	156
378	55	431	-20	516	930	90	125	0	95
379	428	24	-10	812	1433	90	607	0	133
380	80	342	10	193	604	90	0	505	102
381	16	68	20	296	977	90	0	215	147
382	124	56	20	231	913	90	0	459	147
383	95	218	-30	633	1167	90	282	0	116
384	481	26	30	321	756	90	0	432	108
385	145	434	-20	269	707	90	537	0	100
386	335	57	30	210	606	90	0	792	94
387	26	490	-20	832	1406	90	711	0	98
388	324	127	30	143	595	90	0	998	112
389	109	114	-20	540	1159	90	57	0	126
390	72	148	-30	205	683	90	977	0	87
391	220	392	-20	722	1263	90	771	0	134
392	442	243	-10	712	1336	90	101	0	238
393	69	336	20	293	654	90	0	919	113
394	131	226	20	121	670	90	0	742	114
395	150	204	20	358	976	90	0	781	153
396	423	217	-20	603	1030	90	619	0	168
397	419	459	20	562	1060	90	0	123	197
398	285	163	-20	532	963	90	1000	0	185
399	203	7	-10	805	1336	90	82	0	249
400	54	445	10	307	819	90	0	752	131
401	109	463	-20	776	1202	90	345	0	163
402	355	180	30	126	632	90	0	84	126
403	13	455	-20	313	921	90	350	0	106
404	165	337	20	218	577	90	0	39	113
405	314	124	-20	532	1080	90	327	0	196
406	9	124	20	271	696	90	0	502	106
407	3	292	-10	250	766	90	181	0	106
408	16	462	-20	721	1200	90	887	0	193
409	189	464	-20	590	1173	90	226	0	97
410	288	154	10	170	766	90	0	901	88
411	90	296	20	166	636	90	0	474	117
412	138	438	-20	643	1081	90	160	0	191
413	13	459	20	407	957	0	0	1001	160
414	461	8	-20	510	1058	90	184	0	102
415	96	97	20	217	687	90	0	627	107
416	68	99	10	858	1268	90	0	878	257
417	146	205	-20	132	648	90	473	0	85
418	117	152	20	675	1118	90	0	374	238
419	481	96	20	334	769	90	0	831	122
420	338	260	-10	489	810	90	199	0	157
421	285	44	-40	258	722	90	859	0	103
422	111	464	-10	551	1060	90	103	0	105
423	468	291	30	435	1111	90	0	85	201
424	148	206	20	205	760	90	0	77	85
425	184	464	10	223	688	90	0	944	116
426	197	11	10	479	918	0	0	1016	168
427	396	410	10	661	1047	90	0	637	207
428	133	53	20	453	935	0	0	1029	176
429	132	30	-20	695	1106	90	708	0	151
430	464	13	-40	560	1200	90	139	0	104
431	100	394	10	778	1294	0	0	1005	271
432	483	22	-30	325	856	90	384	0	108
433	93	235	10	748	1214	90	0	71	264
434	174	26	-10	750	1392	90	653	0	222
435	436	264	20	186	693	90	0	629	113
436	24	492	-10	1053	1403	90	489	0	145
437	406	94	10	220	758	90	0	204	134
438	234	246	10	349	770	90	0	654	139
439	315	287	-30	474	972	90	72	0	111
440	408	453	-20	383	853	90	115	0	78
441	128	225	10	124	635	90	0	66	111
442	226	191	20	163	693	90	0	979	157
443	391	407	10	378	776	90	0	55	141
444	198	264	-20	559	1032	90	52	0	121
445	179	7	-10	705	1089	90	879	0	117
446	425	215	10	469	978	90	0	741	199
447	483	27	-10	892	1412	90	361	0	227
448	22	40	-10	813	1280	90	113	0	212
449	479	176	20	240	834	90	0	546	91
450	476	102	-10	654	1008	90	622	0	161
451	386	405	20	206	640	90	0	476	85
452	22	38	-10	721	1187	90	247	0	166
453	440	241	10	835	1398	90	0	283	301
454	182	14	-10	827	1352	90	517	0	234
455	266	405	20	483	941	90	0	485	196
456	357	181	20	127	703	90	0	179	143
457	395	332	-20	364	878	90	854	0	92
458	423	290	-20	177	673	90	976	0	101
459	104	28	-20	519	944	90	382	0	147
460	131	56	-40	227	832	90	784	0	128
461	111	110	-10	369	771	90	968	0	118
462	97	93	20	261	730	90	0	372	127
463	90	274	20	170	698	90	0	906	134
464	214	394	10	558	1053	90	0	817	226
465	6	114	-40	649	1016	90	352	0	90
466	375	191	30	197	806	90	0	279	141
467	356	21	-20	252	798	90	76	0	111
468	466	165	30	580	972	0	0	1007	184
469	415	223	-10	1016	1544	90	890	0	122
470	397	20	20	272	761	90	0	203	122
471	241	403	-10	576	855	90	772	0	131
472	69	334	-10	199	804	90	356	0	116
473	152	210	20	105	447	90	0	417	85
474	67	335	-20	461	852	90	411	0	117
475	126	30	-20	284	770	90	351	0	106
476	390	423	-20	222	658	90	451	0	85
477	285	162	-20	403	910	90	856	0	134
478	285	158	-30	139	606	90	758	0	104
479	406	96	-10	219	696	90	582	0	96
480	459	374	20	702	1063	90	0	684	204
481	67	109	20	231	702	90	0	795	117
482	468	475	-10	313	848	90	605	0	111
483	438	31	10	288	893	90	0	769	151
484	168	24	10	522	1065	0	0	1004	206
485	267	394	-20	818	1170	90	455	0	196
486	406	450	-20	253	649	90	788	0	76
487	460	288	10	213	626	90	0	572	103
488	224	203	20	53	543	90	0	511	78
489	21	487	10	329	910	90	0	436	145
490	21	488	-10	343	1049	90	882	0	100
491	87	217	10	330	912	90	0	821	171
492	67	452	30	272	780	90	0	170	108
493	119	223	10	691	1067	90	0	524	233
494	398	428	-20	355	839	90	528	0	125
495	344	262	-20	353	753	90	951	0	141
496	390	301	10	149	767	90	0	307	154
497	167	27	30	275	747	90	0	975	127
498	236	247	-10	267	667	90	561	0	140
499	313	119	-20	480	941	90	357	0	122
500	13	51	-20	921	1425	90	347	0	253
501	200	13	10	242	867	90	0	344	129
502	0	120	-20	281	862	90	406	0	106
503	202	4	-20	757	1197	90	683	0	130
504	343	144	10	153	498	90	0	343	89
505	94	383	-10	472	851	90	380	0	102
506	250	411	-30	261	785	90	597	0	133
507	464	134	20	844	1310	0	0	1034	266
508	443	237	-40	193	638	90	623	0	87
509	4	114	-30	459	1021	90	820	0	114
510	169	336	-10	571	1159	90	256	0	203
511	200	178	-20	87	491	90	488	0	78
512	412	453	10	395	1029	90	0	939	173
513	121	151	-10	821	1342	90	852	0	147
514	403	93	-10	1001	1311	90	740	0	152
515	399	301	-10	488	730	90	1	0	120
516	97	387	10	637	1055	90	0	341	212
517	176	8	10	791	1191	90	0	454	234
518	62	326	20	707	1176	90	0	946	243
519	151	207	10	502	1018	0	0	1043	227
520	299	98	-10	159	603	90	32	0	88
521	334	240	-20	220	889	90	365	0	122
522	92	270	-30	707	1277	90	27	0	212
523	444	269	20	345	793	90	0	860	149
524	132	223	-10	527	1218	90	493	0	233
525	428	25	20	937	1448	0	0	1021	290
526	413	421	-30	598	997	90	267	0	109
527	382	498	10	433	855	90	0	793	143
528	391	429	20	272	728	90	0	494	125
529	398	97	10	212	658	90	0	719	110
530	192	265	10	522	876	90	0	140	204
531	438	26	10	292	785	90	0	724	123
532	44	79	10	267	916	90	0	360	133
533	137	290	10	119	588	90	0	945	117
534	446	319	30	207	741	90	0	810	54
535	175	487	20	248	746	90	0	134	124
536	26	45	30	303	704	90	0	121	91
537	147	435	20	295	865	90	0	385	100
538	111	459	20	970	1378	0	0	1013	281
539	472	132	-10	626	966	90	913	0	155
540	349	158	20	854	1289	0	0	1026	288
541	86	268	-20	540	885	90	543	0	135
542	415	216	10	168	664	90	0	867	84
543	121	218	20	132	676	90	0	541	135
544	210	185	20	76	438	90	0	907	90
545	98	215	-20	155	518	90	604	0	67
546	484	174	-20	338	701	90	449	0	91
547	328	458	-40	666	1284	90	118	0	169
548	313	126	-10	738	1058	90	983	0	184
549	390	415	-10	878	1255	90	578	0	132
550	459	17	-20	830	1302	90	802	0	222
551	481	124	-10	321	755	90	144	0	100
552	386	414	-10	819	1453	90	558	0	236
553	116	466	-20	254	941	90	106	0	114
554	468	295	10	710	1212	90	0	881	247
555	391	426	-10	514	1056	90	849	0	125
556	408	279	20	492	938	90	0	649	143
557	15	68	-10	297	823	90	834	0	72
558	392	424	10	763	1171	90	0	552	236
559	88	95	20	479	892	90	0	894	150
560	116	151	20	516	1095	90	0	603	204
561	240	250	10	147	598	90	0	498	140
562	123	159	20	156	646	90	0	47	122
563	89	290	-10	165	576	90	116	0	77
564	39	50	30	290	739	0	0	1030	112
565	359	179	20	270	725	90	0	242	115
566	338	257	-20	448	1038	90	312	0	152
567	92	236	-10	879	1267	90	586	0	156
568	413	417	-10	901	1442	90	837	0	122
569	91	101	10	635	1112	90	0	172	189
570	55	449	20	278	699	90	0	866	105
571	57	425	20	260	860	90	0	91	123
572	465	287	-10	426	748	90	487	0	103
573	320	280	-20	99	420	90	337	0	63
574	322	468	-10	403	798	90	980	0	118
575	483	458	-10	411	952	90	45	0	93
576	312	267	10	703	1100	0	0	1045	258
577	139	291	10	118	682	90	0	46	140
578	388	408	10	209	740	90	0	549	132
579	110	459	-30	748	1417	90	158	0	147
580	459	372	20	471	927	0	0	1017	171
581	204	269	30	49	498	0	0	1042	112
582	407	98	10	218	696	90	0	479	96
583	335	256	-30	659	1193	90	992	0	219
584	471	484	10	369	820	90	0	993	124
585	339	244	-20	89	685	90	590	0	125
586	89	272	10	263	790	90	0	567	156
587	488	96	-10	655	1226	90	957	0	135
588	316	286	-20	400	863	90	947	0	173
589	235	50	-20	682	1028	90	197	0	146
590	316	258	20	90	596	90	0	585	125
591	425	288	-10	395	877	90	51	0	135
592	213	397	-10	502	923	90	168	0	169
593	113	156	-30	451	787	90	129	0	118
594	199	9	-20	582	1181	90	648	0	129
595	463	167	-10	465	901	90	779	0	136
596	129	27	-30	410	1015	90	235	0	166
597	248	404	30	154	737	90	0	506	133
598	405	276	-30	625	994	90	704	0	119
599	400	288	30	154	556	90	0	248	100
600	61	156	30	263	731	90	0	274	129
601	393	20	-10	912	1464	90	108	0	102
602	484	177	20	245	628	90	0	995	95
603	108	116	-20	773	1111	90	560	0	204
604	112	217	20	201	625	90	0	545	67
605	389	404	10	207	688	90	0	482	111
606	102	391	-20	899	1360	90	713	0	238
607	434	26	10	314	825	90	0	379	133
608	488	26	-10	936	1399	90	839	0	245
609	477	120	10	732	1262	90	0	290	250
610	126	220	-10	493	877	90	745	0	107
611	439	310	10	198	526	90	0	220	81
612	212	319	-30	78	468	90	714	0	73
613	320	283	30	213	678	90	0	751	150
614	17	459	-20	1006	1421	90	812	0	253
615	236	213	20	39	627	90	0	964	135
616	68	108	10	230	724	90	0	642	123
617	390	294	-20	614	1170	90	687	0	210
618	275	42	-10	413	732	90	262	0	108
619	423	214	20	412	852	90	0	396	168
620	460	367	20	240	861	90	0	833	155
621	272	402	10	153	638	90	0	252	121
622	478	102	10	558	921	90	0	450	161
623	400	260	40	150	527	90	0	508	87
624	181	6	20	471	959	0	0	1010	176
625	470	475	30	314	975	90	0	60	120
626	245	408	-20	363	874	90	287	0	155
627	93	96	-20	219	742	90	415	0	107
628	218	318	-10	716	1108	90	971	0	235
629	441	265	-20	191	734	90	435	0	113
630	21	64	-40	590	1104	90	709	0	134
631	356	23	20	250	712	90	0	659	115
632	267	44	-10	451	891	90	30	0	147
633	277	50	10	201	540	90	0	12	84
634	182	4	10	377	868	90	0	201	153
635	26	36	-10	386	962	90	966	0	116
636	384	491	-20	676	1170	90	245	0	182
637	418	290	-10	975	1419	90	427	0	207
638	321	277	10	75	516	90	0	826	110
639	358	16	30	397	839	90	0	88	145
640	389	334	20	162	616	90	0	748	113
641	48	78	-20	763	1270	90	672	0	227
642	24	68	-10	930	1444	90	616	0	123
643	206	225	10	195	655	90	0	956	151
644	290	141	-10	405	949	90	25	0	185
645	439	15	-20	403	954	90	14	0	104
646	359	182	-10	572	997	90	306	0	133
647	413	287	-20	1076	1567	90	67	0	235
648	230	49	20	201	721	90	0	594	129
649	407	280	-20	419	828	90	556	0	143
650	459	295	20	1027	1455	0	0	1031	310
651	468	199	20	507	892	90	0	952	128
652	101	384	30	200	563	90	0	75	90
653	170	26	10	646	1127	90	0	434	222
654	197	270	-10	312	710	90	438	0	139
655	415	289	20	169	646	90	0	807	119
656	203	390	40	147	644	90	0	358	124
657	443	272	-10	585	1105	90	117	0	183
658	210	391	-20	146	661	90	815	0	78
659	363	22	-20	707	1282	90	631	0	115
660	352	176	20	126	473	90	0	300	86
661	212	223	-20	515	1076	90	143	0	150
662	8	120	-20	946	1455	90	196	0	225
663	244	250	10	6	546	90	0	368	118
664	18	484	10	329	865	90	0	16	131
665	379	82	10	656	1054	90	0	340	210
666	84	346	-20	889	1363	90	285	0	107
667	233	207	10	46	531	90	0	923	121
668	344	62	-10	978	1505	90	128	0	289
669	20	489	10	630	1127	90	0	375	198
670	361	181	20	483	902	90	0	263	192
671	174	494	10	305	751	90	0	978	123
672	49	76	20	674	1175	90	0	641	227
673	390	325	-20	646	1166	90	339	0	133
674	7	118	-10	775	1259	90	236	0	205
675	107	26	-10	292	805	90	50	0	97
676	312	270	-30	698	1292	90	166	0	146
677	399	102	20	381	984	90	0	917	193
678	109	108	10	245	709	90	0	264	127
679	115	218	10	138	698	90	0	174	139
680	88	287	-20	694	1143	90	986	0	139
681	54	424	-20	262	838	90	823	0	121
682	125	32	30	251	687	90	0	749	108
683	199	12	20	265	766	90	0	503	130
684	457	374	-20	697	1253	90	480	0	204
685	391	413	10	845	1237	0	0	1035	255
686	304	102	-10	250	813	90	941	0	115
687	391	293	20	611	990	90	0	617	210
688	66	336	10	483	1014	0	0	1033	202
689	132	291	10	501	1032	90	0	225	226
690	18	462	-20	837	1268	90	269	0	171
691	347	62	-20	977	1319	90	145	0	198
692	466	142	10	247	781	90	0	133	117
693	389	17	-20	771	1270	90	182	0	125
694	342	254	-20	92	511	90	836	0	82
695	92	223	-10	787	1203	90	8	0	151
696	404	83	-10	625	1121	90	292	0	191
697	290	46	-20	636	1093	90	261	0	175
698	95	92	20	277	899	90	0	80	169
699	200	265	10	642	1133	90	0	59	263
700	435	16	-30	693	1031	90	173	0	137
701	25	499	-40	911	1399	90	731	0	229
702	319	260	20	207	849	90	0	21	194
703	116	225	-20	537	1035	90	191	0	142
704	402	284	30	155	634	90	0	598	119
705	108	105	20	202	528	90	0	114	81
706	386	13	-20	617	1046	90	716	0	166
707	472	129	10	252	849	90	0	982	115
708	132	57	20	226	833	90	0	429	151
709	43	71	40	294	812	90	0	630	134
710	493	91	-20	382	759	90	787	0	93
711	12	451	20	311	705	90	0	387	98
712	201	188	10	267	841	90	0	880	165
713	60	428	20	894	1301	90	0	606	238
714	243	248	30	44	513	90	0	612	73
715	230	197	-20	333	901	90	926	0	119
716	389	11	20	534	943	90	0	706	166
717	401	281	-20	761	1232	90	273	0	239
718	459	14	20	315	778	90	0	994	115
719	411	95	-10	235	760	90	529	0	110
720	0	297	10	432	983	90	0	744	138
721	476	196	-30	260	760	90	11	0	107
722	458	16	20	313	764	90	0	727	86
723	92	230	-20	311	737	90	109	0	119
724	432	24	-10	722	1334	90	531	0	123
725	215	317	10	75	402	90	0	936	81
726	371	192	30	134	690	90	0	801	73
727	481	20	-20	430	773	90	722	0	86
728	152	207	20	574	1128	90	0	65	235
729	14	459	-20	341	840	90	970	0	108
730	361	17	20	577	1032	90	0	110	193
731	8	497	40	701	1265	90	0	701	229
732	206	186	10	705	1140	90	0	915	228
733	421	218	-10	590	1229	90	253	0	158
734	402	264	-10	152	702	90	224	0	103
735	388	325	-30	732	1264	90	325	0	212
736	35	304	30	221	751	90	0	34	87
737	321	263	-10	516	907	90	924	0	100
738	444	313	20	211	762	90	0	314	139
739	188	462	-10	468	1111	90	851	0	184
740	400	103	10	360	821	90	0	514	152
741	418	221	-10	907	1466	90	446	0	199
742	112	219	-20	320	689	90	394	0	114
743	408	452	-20	268	786	90	962	0	109
744	30	301	-10	459	927	90	720	0	138
745	205	228	10	50	480	90	0	610	107
746	407	88	-20	806	1312	90	780	0	127
747	380	489	-10	928	1300	90	188	0	121
748	395	331	-20	410	1013	90	640	0	113
749	133	26	-30	560	1054	90	682	0	108
750	21	68	20	1020	1412	90	0	310	264
751	313	282	-30	637	1000	90	613	0	150
752	53	440	-10	420	897	90	400	0	131
753	458	130	-20	918	1432	90	877	0	263
754	437	15	30	431	1110	90	0	171	202
755	400	286	-20	154	447	90	796	0	49
756	346	144	-40	437	954	90	985	0	117
757	440	244	10	613	1070	90	0	221	219
758	280	162	30	92	687	90	0	478	104
759	488	173	20	376	852	90	0	296	150
760	326	118	10	152	508	90	0	26	88
761	207	400	20	256	795	90	0	281	159
762	391	18	10	820	1405	90	0	232	266
763	37	55	-20	530	981	90	991	0	149
764	204	15	20	239	522	90	0	799	70
765	173	28	-20	916	1409	90	244	0	149
766	343	148	-30	138	795	90	930	0	139
767	231	43	-10	280	680	90	949	0	95
768	445	273	-10	510	995	90	250	0	72
769	432	27	-10	649	1040	90	483	0	151
770	439	305	-30	549	985	90	940	0	111
771	208	396	20	171	691	90	0	391	134
772	249	407	10	174	683	90	0	471	131
773	107	112	-10	550	964	90	148	0	99
774	279	159	20	121	433	90	0	169	84
775	376	494	30	274	552	90	0	147	69
776	403	262	-20	259	781	90	228	0	133
777	41	47	20	291	795	90	0	367	125
778	96	213	30	158	576	90	0	953	104
779	461	167	10	226	774	90	0	595	136
780	391	99	20	206	716	90	0	746	127
781	116	221	-20	346	852	90	395	0	153
782	165	343	-40	377	793	90	981	0	51
783	388	334	20	161	704	90	0	861	100
784	130	57	40	227	786	90	0	460	128
785	422	409	10	234	635	90	0	132	100
786	66	156	10	349	1021	90	0	869	201
787	485	86	20	286	841	90	0	710	93
788	389	428	20	225	648	90	0	486	76
789	117	467	10	254	794	90	0	331	93
790	475	477	-20	822	1297	90	809	0	170
791	429	27	-20	1064	1449	90	889	0	222
792	339	60	-30	209	685	90	386	0	94
793	381	494	-10	633	1024	90	527	0	143
794	218	321	20	517	939	90	0	893	215
795	64	101	-20	468	922	90	481	0	117
796	343	254	20	126	602	90	0	755	49
797	478	464	10	312	733	90	0	68	101
798	423	286	20	330	577	90	0	239	100
799	198	9	-20	540	1041	90	764	0	70
800	225	196	10	59	602	90	0	984	125
801	374	190	-30	137	520	90	726	0	73
802	462	14	20	712	1232	90	0	550	222
803	347	54	10	579	1161	90	0	874	235
804	231	195	20	262	787	0	0	1027	182
805	72	96	-30	965	1499	90	209	0	111
806	489	87	20	289	780	90	0	318	119
807	443	313	-20	333	823	90	655	0	119
808	233	204	20	49	515	90	0	988	116
809	477	483	20	554	1007	90	0	790	170
810	459	368	-30	240	566	90	534	0	54
811	95	277	-10	915	1264	90	818	0	149
812	16	460	20	908	1383	90	0	614	253
813	100	266	20	150	633	90	0	840	116
814	288	53	-10	720	1203	90	838	0	182
815	211	386	20	141	455	90	0	658	78
816	144	439	-30	490	1042	90	81	0	124
817	224	314	-10	935	1265	90	464	0	226
818	79	291	10	313	774	90	0	811	149
819	95	235	10	155	388	90	0	886	58
820	7	123	30	274	734	90	0	509	114
821	91	217	-10	482	947	90	491	0	171
822	105	27	10	423	857	90	0	872	147
823	101	385	20	201	802	90	0	681	121
824	238	210	30	580	998	90	0	355	239
825	439	67	10	263	748	90	0	154	114
826	435	267	-10	1034	1401	90	638	0	110
827	443	64	-10	561	1073	90	932	0	106
828	92	234	-10	699	1081	90	246	0	129
829	450	265	10	215	727	90	0	255	85
830	102	27	-10	552	1096	90	190	0	123
831	492	94	-20	461	1049	90	419	0	122
832	440	63	-10	643	1176	90	35	0	121
833	453	367	-20	876	1269	90	620	0	155
834	15	69	10	296	586	90	0	557	72
835	489	17	10	585	1005	90	0	146	167
836	335	255	20	85	494	90	0	694	82
837	419	418	10	238	729	90	0	568	122
838	292	41	10	594	943	90	0	814	182
839	489	27	10	822	1331	90	0	608	245
840	96	270	-20	155	712	90	813	0	116
841	461	369	-20	412	800	90	959	0	110
842	105	22	30	270	823	0	0	1028	138
843	479	121	-20	401	1045	90	111	0	100
844	207	223	10	447	772	90	0	22	179
845	17	458	-20	1024	1422	90	275	0	202
846	186	7	-30	278	778	90	328	0	109
847	465	168	-30	613	1125	90	928	0	145
848	416	288	-30	1058	1521	90	7	0	178
849	388	418	10	217	719	90	0	555	125
850	92	233	-10	570	1028	90	943	0	127
851	179	492	10	441	989	90	0	739	184
852	132	55	10	385	819	90	0	513	147
853	485	24	20	326	729	0	0	1008	100
854	388	331	20	160	529	90	0	457	92
855	217	323	-10	133	764	90	933	0	141
856	281	164	20	91	629	90	0	477	134
857	169	340	-10	467	1075	90	954	0	171
858	491	20	-10	620	1157	90	288	0	164
859	279	42	40	210	744	90	0	421	103
860	439	243	-20	979	1439	90	523	0	149
861	391	334	-20	215	657	90	783	0	100
862	96	244	-20	1133	1578	90	999	0	127
863	441	273	-10	615	1260	90	141	0	178
864	477	478	20	696	1239	90	0	280	223
865	56	434	-10	632	1188	90	317	0	116
866	12	463	-20	519	1033	90	570	0	105
867	458	164	-10	225	664	90	542	0	84
868	446	65	20	269	819	90	0	270	137
869	71	156	-10	641	1108	90	786	0	201
870	65	153	-10	385	800	90	291	0	102
871	8	118	20	844	1373	0	0	1012	274
872	102	29	-10	592	1241	90	822	0	147
873	315	265	-20	634	982	90	155	0	110
874	343	62	-10	873	1525	90	803	0	235
875	384	16	20	764	1088	0	0	1018	204
876	67	105	10	354	846	90	0	284	153
877	478	118	20	825	1353	90	0	753	263
878	73	101	-10	869	1503	90	416	0	257
879	200	14	10	241	713	90	0	445	117
880	114	225	-10	462	925	90	712	0	165
881	460	293	-10	857	1441	90	554	0	247
882	51	447	10	280	684	90	0	490	100
883	418	295	20	885	1318	0	0	1025	286
884	282	139	20	115	506	90	0	230	97
885	477	122	-40	705	1105	90	175	0	158
886	91	266	-10	512	1104	90	819	0	58
887	16	463	20	649	1090	90	0	408	193
888	228	199	-30	502	916	90	286	0	191
889	435	20	20	728	1184	90	0	791	222
890	467	195	10	223	712	90	0	469	122
891	469	132	10	707	1071	90	0	892	205
892	465	136	-10	689	1282	90	891	0	205
893	246	255	-20	543	1153	90	794	0	215
894	49	75	-20	707	959	90	559	0	150
895	66	98	-20	737	1204	90	316	0	112
896	166	32	10	233	814	90	0	935	141
897	326	466	30	515	1054	90	0	202	206
898	202	186	-20	405	887	90	359	0	118
899	467	285	20	219	666	90	0	289	111
900	290	136	-10	334	830	90	136	0	139
901	341	58	-10	212	656	90	410	0	88
902	121	219	-20	132	659	90	40	0	94
903	107	35	-10	854	1173	90	127	0	96
904	216	319	-20	147	561	90	130	0	98
905	134	288	20	668	1234	0	0	1024	277
906	89	270	-20	335	902	90	463	0	134
907	136	52	-20	572	1004	90	544	0	90
908	462	167	-20	340	844	90	293	0	119
909	340	54	10	241	745	90	0	165	132
910	80	286	10	351	926	90	0	315	186
911	38	301	-10	409	1172	90	912	0	134
912	25	307	10	239	769	90	0	911	134
913	470	139	10	514	885	90	0	539	155
914	270	400	10	151	703	90	0	86	137
915	204	187	-10	578	1082	90	732	0	228
916	460	171	-10	704	1226	90	167	0	143
917	399	106	-20	708	1206	90	677	0	193
918	197	267	10	378	830	0	0	1002	193
919	77	350	-20	700	1355	90	393	0	113
920	91	231	30	391	840	90	0	227	169
921	398	103	-10	477	1069	90	989	0	192
922	35	303	20	221	571	90	0	62	87
923	231	204	-10	660	950	90	667	0	121
924	311	266	10	63	465	90	0	737	100
925	416	420	-20	527	883	90	104	0	127
926	231	203	20	115	528	90	0	715	119
927	4	116	-20	412	885	90	222	0	110
928	417	217	30	170	753	90	0	847	145
929	268	52	-20	876	1205	90	63	0	154
930	345	144	30	388	820	90	0	766	139
931	368	85	30	202	661	90	0	163	114
932	441	65	10	265	690	90	0	827	106
933	201	270	10	52	702	90	0	855	141
934	0	293	30	331	897	90	0	126	153
935	167	24	-10	508	896	90	896	0	141
936	186	464	-10	434	958	90	725	0	81
937	7	292	-10	246	731	90	61	0	97
938	80	290	10	213	692	90	0	153	129
939	405	455	-10	781	1050	90	512	0	173
940	439	312	30	198	646	90	0	770	111
941	300	108	10	150	612	90	0	686	115
942	478	121	-30	578	1050	90	94	0	167
943	92	232	10	196	668	90	0	850	127
944	111	463	-10	694	1099	90	425	0	116
945	132	294	-10	194	782	90	533	0	117
946	134	285	-20	922	1350	90	518	0	243
947	316	284	20	311	768	90	0	588	173
948	56	428	20	263	824	90	0	96	140
949	232	47	10	203	764	90	0	767	95
950	466	291	10	406	956	90	0	233	184
951	341	257	20	234	681	90	0	495	141
952	420	213	-20	202	876	90	651	0	128
953	116	152	-30	526	902	90	778	0	104
954	163	337	10	123	808	90	0	857	171
955	440	7	20	308	714	90	0	326	83
956	208	222	-10	410	991	90	643	0	151
957	485	95	10	281	825	90	0	587	135
958	97	385	-20	310	825	90	258	0	132
959	462	367	20	342	685	90	0	841	110
960	455	365	20	235	731	90	0	304	123
961	492	95	30	603	1089	90	0	58	200
962	405	450	20	253	774	90	0	743	109
963	371	193	20	133	713	90	0	987	83
964	234	202	-20	145	684	90	615	0	135
965	404	103	-20	222	772	90	3	0	116
966	24	41	10	383	775	90	0	635	116
967	67	334	20	317	814	90	0	18	153
968	207	227	10	48	522	90	0	461	118
969	277	403	10	210	650	90	0	268	101
970	15	457	20	313	832	90	0	729	108
971	217	319	10	539	1101	90	0	628	235
972	111	467	20	408	836	90	0	974	144
973	378	493	-20	274	759	90	28	0	98
974	112	465	-20	419	1009	90	972	0	144
975	173	25	-30	753	1206	90	497	0	127
976	421	292	20	176	714	90	0	458	101
977	74	146	30	204	555	90	0	390	87
978	178	491	-10	302	945	90	671	0	123
979	204	185	-20	503	973	90	442	0	157
980	319	470	10	230	784	90	0	574	118
981	163	331	40	118	326	90	0	782	51
982	470	125	-10	253	809	90	707	0	115
983	315	121	10	355	882	90	0	548	184
984	166	34	-10	231	823	90	800	0	125
985	284	140	40	115	584	90	0	756	117
986	85	288	20	169	729	90	0	680	139
987	376	190	-20	258	563	90	963	0	83
988	238	203	-20	305	712	90	808	0	116
989	399	104	10	660	1070	90	0	921	192
990	472	481	20	320	936	90	0	43	153
991	46	74	20	428	866	90	0	763	149
992	401	255	30	394	1029	90	0	583	219
993	475	480	-10	586	1162	90	584	0	124
994	485	27	-20	900	1411	90	718	0	115
995	476	174	-20	675	1123	90	602	0	95
996	330	242	30	422	876	0	0	1011	198
997	332	249	30	82	612	90	0	120	132
998	375	80	-30	340	808	90	388	0	112
999	94	235	20	156	667	90	0	862	127
1000	287	144	20	635	1088	90	0	398	185
1001	13	459	-20	407	957	90	413	0	160
1002	197	267	-10	378	830	90	918	0	193
1003	418	218	-20	740	1264	90	15	0	273
1004	168	24	-10	522	1065	90	484	0	206
1005	100	394	-10	778	1294	90	431	0	271
1006	476	94	-20	274	695	90	323	0	105
1007	466	165	-30	580	972	90	468	0	184
1008	485	24	-20	326	729	90	853	0	100
1009	232	42	-10	422	721	90	214	0	128
1010	181	6	-20	471	959	90	624	0	176
1011	330	242	-30	422	876	90	996	0	198
1012	8	118	-20	844	1373	90	871	0	274
1013	111	459	-20	970	1378	90	538	0	281
1014	64	426	-10	931	1454	90	185	0	299
1015	286	159	-20	290	836	90	5	0	184
1016	197	11	-10	479	918	90	426	0	168
1017	459	372	-20	471	927	90	580	0	171
1018	384	16	-20	764	1088	90	875	0	204
1019	269	48	-20	709	1003	90	192	0	200
1020	417	417	-10	832	1142	90	24	0	226
1021	428	25	-20	937	1448	90	525	0	290
1022	439	268	-10	749	1316	90	330	0	281
1023	67	108	-10	231	625	90	313	0	98
1024	134	288	-20	668	1234	90	905	0	277
1025	418	295	-20	885	1318	90	883	0	286
1026	349	158	-20	854	1289	90	540	0	288
1027	231	195	-20	262	787	90	804	0	182
1028	105	22	-30	270	823	90	842	0	138
1029	133	53	-20	453	935	90	428	0	176
1030	39	50	-30	290	739	90	564	0	112
1031	459	295	-20	1027	1455	90	650	0	310
1032	357	26	-20	936	1428	90	42	0	294
1033	66	336	-10	483	1014	90	688	0	202
1034	464	134	-20	844	1310	90	507	0	266
1035	391	413	-10	845	1237	90	685	0	255
1036	146	439	-10	413	936	90	124	0	180
1037	91	235	-10	962	1367	90	161	0	301
1038	220	319	-30	732	1276	90	376	0	300
1039	243	399	-10	585	1034	90	260	0	221
1040	272	403	-30	310	739	90	213	0	146
1041	480	455	-10	908	1394	90	19	0	271
1042	204	269	-30	49	498	90	581	0	112
1043	151	207	-10	502	1018	90	519	0	227
1044	238	204	-20	392	807	90	277	0	189
1045	312	267	-10	703	1100	90	576	0	258
1046	379	196	-20	443	935	90	31	0	198

