250	200	1
0	250	250	0	0	1824	0	0	0
1	387	297	10	200	270	90	0	307	31
2	5	297	-10	955	1017	90	181	0	28
3	355	177	-20	0	1607	90	565	0	345
4	78	346	30	355	403	90	0	518	51
5	286	159	-30	530	597	90	478	0	76
6	322	465	10	226	291	90	0	980	16
7	393	408	-20	0	1521	90	861	0	76
8	89	216	-10	0	1570	90	491	0	327
9	76	345	30	0	1536	90	0	18	310
10	410	285	20	499	556	90	0	554	98
11	472	189	30	0	1504	90	0	913	90
12	270	49	30	925	970	0	0	1017	192
13	219	325	10	0	1653	90	0	794	370
14	437	12	-20	557	613	90	645	0	54
15	418	218	20	0	1563	0	0	1044	347
16	20	488	-30	754	820	90	49	0	52
17	77	347	20	436	505	90	0	411	76
18	73	346	-30	0	1533	90	9	0	310
19	480	455	-40	1123	1179	90	187	0	194
20	129	292	10	552	610	90	0	933	120
21	337	257	20	0	1647	90	0	495	363
22	237	254	20	0	1721	0	0	1027	426
23	131	220	-20	0	1612	90	119	0	121
24	417	417	-10	954	1020	90	785	0	13
25	287	143	-40	748	793	90	985	0	14
26	379	80	20	0	1521	0	0	1021	326
27	87	285	-10	709	764	90	818	0	98
28	374	489	20	0	1465	90	0	747	274
29	440	247	20	717	779	90	0	99	147
30	281	137	10	0	1617	90	0	136	350
31	379	196	-30	665	714	90	726	0	120
32	297	102	10	214	281	90	0	983	31
33	39	76	10	328	399	90	0	805	31
34	35	306	20	0	1512	0	0	1010	322
35	435	68	10	0	1475	90	0	868	51
36	245	251	10	60	130	90	0	956	31
37	409	88	-10	0	1508	90	437	0	52
38	273	55	20	196	246	90	0	369	12
39	163	340	30	468	513	90	0	612	96
40	129	223	20	274	340	90	0	298	54
41	371	200	-10	0	1604	90	144	0	291
42	357	26	-20	0	1486	90	659	0	192
43	470	473	10	1221	1270	90	0	797	239
44	77	344	-20	254	319	90	666	0	7
45	478	461	10	0	1424	90	0	68	56
46	128	291	10	0	1606	0	0	1016	369
47	111	113	-20	632	694	90	316	0	53
48	164	21	20	578	639	90	0	244	98
49	21	485	30	487	540	90	0	16	52
50	108	26	-10	423	491	90	675	0	33
51	424	286	-10	0	1557	90	572	0	301
52	200	270	20	0	1681	90	0	183	384
53	7	300	-10	1056	1104	90	720	0	120
54	433	31	10	0	1449	90	0	791	239
55	420	295	-20	0	1559	90	650	0	264
56	451	367	-10	1134	1195	90	841	0	213
57	118	157	-10	0	1573	90	131	0	98
58	489	101	20	0	1453	90	0	753	269
59	200	261	-20	945	1017	90	143	0	122
60	476	483	10	0	1410	90	0	864	248
61	30	302	-20	0	1508	90	285	0	19
62	8	300	10	1131	1211	90	0	910	240
63	275	45	20	444	515	90	0	859	77
64	238	46	40	735	784	90	0	589	144
65	152	206	10	910	973	90	0	417	216
66	99	218	30	154	205	90	0	383	12
67	393	410	-20	913	982	90	783	0	29
68	480	460	-10	549	627	90	45	0	56
69	337	256	20	154	201	90	0	556	28
70	389	300	-30	0	1587	90	992	0	146
71	90	237	-10	0	1574	90	819	0	17
72	321	280	30	143	194	90	0	573	29
73	417	218	-10	0	1564	90	595	0	120
74	64	108	10	473	539	90	0	114	76
75	57	432	-30	973	1033	90	158	0	28
76	356	24	20	249	323	90	0	110	18
77	143	207	-20	0	1619	90	728	0	192
78	221	325	10	0	1654	90	0	376	370
79	22	483	-10	0	1409	90	387	0	245
80	24	65	-10	0	1442	90	557	0	52
81	141	431	30	362	423	90	0	269	52
82	202	9	-10	0	1489	90	879	0	28
83	20	48	-20	1294	1358	90	630	0	145
84	457	163	20	284	346	90	0	779	30
85	470	290	10	0	1511	90	0	899	298
86	268	400	-30	0	1583	90	213	0	100
87	337	251	10	0	1647	90	0	583	194
88	366	20	-10	874	927	90	229	0	142
89	72	344	-10	0	1533	90	97	0	188
90	149	203	-20	553	597	90	109	0	30
91	55	428	-30	511	568	90	652	0	15
92	189	7	30	0	1484	90	0	846	284
93	397	18	-20	0	1460	90	470	0	273
94	481	122	-20	607	653	90	982	0	15
95	20	73	10	0	1444	90	0	834	262
96	54	430	-20	610	652	90	948	0	54
97	74	350	10	915	955	90	0	89	188
98	202	8	-10	0	1488	90	503	0	188
99	406	285	-20	0	1575	90	29	0	147
100	460	2	20	655	720	90	0	531	98
101	441	244	10	0	1543	90	0	392	192
102	1	293	10	0	1482	0	0	1042	307
103	115	465	-10	409	465	90	789	0	29
104	422	420	20	0	1493	90	0	132	289
105	75	347	10	0	1534	90	0	669	114
106	141	428	20	0	1526	90	0	385	52
107	404	264	-20	0	1580	90	228	0	53
108	398	23	10	270	334	90	0	706	15
109	148	211	20	167	233	90	0	90	30
110	362	22	-20	0	1480	90	76	0	18
111	479	127	20	412	478	90	0	692	54
112	443	246	-20	536	593	90	336	0	19
113	22	37	-20	0	1422	90	452	0	254
114	65	100	-10	763	811	90	74	0	76
115	404	447	20	250	280	90	0	549	7
116	102	264	10	148	215	90	0	862	16
117	444	271	-10	633	688	90	487	0	12
118	325	466	-20	0	1506	90	574	0	295
119	124	219	20	571	615	90	0	23	121
120	335	243	20	0	1649	90	0	566	364
121	26	42	-10	455	519	90	257	0	30
122	113	106	20	0	1536	90	0	355	310
123	399	450	20	0	1485	90	0	494	285
124	146	439	-20	642	707	90	332	0	76
125	162	336	-20	0	1611	90	258	0	310
126	2	295	-10	774	828	90	937	0	14
127	122	35	10	0	1484	0	0	1011	308
128	346	60	-20	1027	1086	90	165	0	194
129	93	213	-10	0	1573	90	695	0	328
130	218	316	-10	0	1661	90	725	0	29
131	116	156	10	495	557	90	0	57	98
132	419	422	-20	0	1493	90	104	0	289
133	467	141	-10	0	1492	90	707	0	32
134	187	491	20	0	1485	0	0	1012	308
135	433	25	20	0	1444	90	0	525	265
136	286	137	-10	0	1616	90	30	0	350
137	370	82	40	0	1528	90	0	724	265
138	132	290	-10	0	1610	90	577	0	17
139	435	11	-20	0	1432	90	955	0	256
140	206	261	-10	1050	1104	90	745	0	232
141	428	291	-20	698	764	90	655	0	14
142	95	384	-30	719	785	90	958	0	122
143	205	223	20	491	544	90	0	59	122
144	463	140	10	0	1495	90	0	41	291
145	343	47	20	0	1511	90	0	803	145
146	435	62	30	0	1471	0	0	1031	301
147	387	488	-20	0	1460	90	245	0	122
148	121	157	10	0	1575	90	0	389	144
149	182	463	30	0	1511	90	0	971	299
150	92	216	10	0	1573	90	0	778	329
151	370	83	20	357	419	90	0	607	53
152	444	242	-20	441	501	90	508	0	31
153	90	285	40	0	1571	90	0	654	329
154	446	64	10	0	1464	90	0	270	275
155	312	264	20	131	179	90	0	312	28
156	208	11	20	0	1492	90	0	197	288
157	442	247	-10	0	1542	90	254	0	51
158	140	431	30	280	324	90	0	75	28
159	118	153	-40	0	1571	90	784	0	34
160	134	428	-20	935	992	90	972	0	97
161	91	235	10	0	1575	90	0	227	330
162	406	257	-20	0	1578	90	768	0	146
163	377	76	20	0	1519	0	0	1005	325
164	474	96	30	0	1463	90	0	843	271
165	346	57	20	0	1519	90	0	128	194
166	393	301	-30	0	1583	90	704	0	52
167	412	214	-10	0	1569	90	847	0	167
168	210	398	10	0	1581	90	0	281	333
169	346	150	-40	948	998	90	294	0	29
170	62	453	-30	515	584	90	219	0	54
171	437	61	-30	1063	1127	90	827	0	146
172	87	96	30	0	1510	90	0	559	298
173	367	83	-10	0	1531	90	769	0	147
174	91	268	-20	869	931	90	522	0	169
175	459	145	40	233	291	90	0	296	14
176	63	444	-20	0	1465	90	350	0	268
177	433	27	-10	0	1446	90	998	0	96
178	60	454	10	892	952	90	0	401	168
179	478	99	-20	0	1461	90	323	0	30
180	485	454	-10	0	1423	90	575	0	98
181	6	292	10	316	360	90	0	2	28
182	398	20	20	333	394	90	0	875	30
183	248	251	-20	0	1732	90	52	0	384
184	433	15	-10	0	1437	90	700	0	149
185	64	426	-20	1162	1223	90	713	0	217
186	154	207	-10	0	1629	90	519	0	357
187	481	456	40	1028	1091	90	0	19	194
188	380	498	-30	523	582	90	973	0	52
189	88	286	-20	795	859	90	563	0	149
190	111	23	10	266	326	90	0	975	14
191	199	187	-20	0	1653	90	878	0	285
192	269	48	-30	0	1532	90	618	0	99
193	367	178	-20	0	1597	90	801	0	338
194	452	163	30	0	1515	90	0	867	30
195	431	28	-20	0	1448	90	479	0	30
196	8	116	-20	894	957	90	406	0	16
197	233	47	-20	0	1531	90	156	0	288
198	237	43	20	631	702	90	0	548	123
199	320	262	-10	585	656	90	224	0	53
200	188	4	-30	413	455	90	328	0	15
201	180	6	-20	0	1481	90	624	0	124
202	328	466	-30	0	1505	90	897	0	147
203	393	12	10	0	1457	90	0	693	272
204	409	90	20	0	1509	90	0	292	123
205	406	87	-10	0	1509	90	740	0	297
206	394	407	20	733	789	90	0	605	143
207	358	183	20	0	1607	90	0	466	340
208	186	461	20	220	284	90	0	919	15
209	38	72	30	420	496	0	0	1015	54
210	323	471	-10	0	1502	90	268	0	31
211	224	192	10	215	274	90	0	926	52
212	278	46	-10	0	1529	90	421	0	305
213	272	403	30	494	555	90	0	86	100
214	232	42	10	545	599	0	0	1001	97
215	18	63	-10	716	792	90	966	0	92
216	58	458	-10	702	774	90	400	0	79
217	416	417	-20	1057	1099	90	223	0	170
218	205	230	30	203	263	90	0	699	53
219	65	453	30	0	1460	90	0	170	54
220	421	294	-20	0	1558	90	826	0	312
221	434	245	-20	1377	1416	90	283	0	283
222	2	116	20	526	586	90	0	674	76
223	411	421	20	862	917	90	0	217	170
224	315	260	10	223	278	90	0	199	53
225	136	288	-20	1023	1063	90	945	0	98
226	173	490	20	406	462	90	0	851	52
227	90	232	-10	0	1573	90	161	0	330
228	402	265	20	306	365	90	0	107	53
229	361	14	10	0	1474	90	0	88	142
230	348	147	-10	845	914	90	756	0	169
231	385	295	20	0	1592	0	0	1030	362
232	394	23	-20	1271	1326	90	716	0	123
233	466	295	20	0	1514	0	0	1040	323
234	71	103	-30	0	1503	90	264	0	265
235	125	29	-20	0	1481	90	429	0	169
236	25	65	-20	1005	1057	90	381	0	80
237	58	449	30	0	1458	90	0	570	271
238	246	398	40	148	199	90	0	772	12
239	423	294	-30	0	1556	90	881	0	240
240	59	459	-10	0	1451	90	882	0	55
241	348	145	20	763	813	0	0	1033	167
242	477	97	10	0	1461	90	0	450	273
243	307	102	40	0	1576	90	0	410	331
244	169	31	-20	0	1501	90	48	0	98
245	381	495	20	705	769	90	0	147	122
246	95	234	10	315	362	90	0	433	51
247	22	33	10	0	1420	90	0	635	253
248	435	268	10	1100	1154	90	0	591	242
249	135	293	30	0	1612	0	0	1018	372
250	439	266	-10	0	1545	90	657	0	313
251	269	402	-20	587	648	90	362	0	28
252	267	400	-10	779	836	90	969	0	77
253	473	196	10	564	642	90	0	453	103
254	445	237	10	349	402	90	0	157	51
255	461	284	10	275	340	90	0	523	31
256	167	339	-20	0	1613	90	606	0	308
257	26	43	10	365	427	90	0	121	30
258	101	386	20	0	1533	90	0	125	310
259	342	54	-20	553	616	90	792	0	32
260	243	399	-10	782	837	90	471	0	147
261	288	44	20	0	1525	90	0	633	305
262	274	48	10	0	1531	90	0	324	306
263	360	184	-20	846	906	90	646	0	171
264	23	67	30	0	1443	90	0	234	265
265	6	296	10	863	926	90	0	912	169
266	249	258	-20	0	1726	90	628	0	215
267	421	415	30	297	364	90	0	748	31
268	319	468	10	289	353	90	0	210	31
269	50	438	-30	0	1460	90	81	0	52
270	440	61	-10	0	1467	90	154	0	275
271	17	65	20	625	699	90	0	500	100
272	323	118	-20	0	1584	90	353	0	102
273	402	281	-10	0	1579	90	649	0	123
274	71	153	-30	746	816	90	600	0	80
275	52	432	20	789	843	0	0	1045	143
276	378	199	10	761	804	90	0	365	166
277	238	204	20	566	634	0	0	1035	146
278	208	184	20	146	192	90	0	615	28
279	376	195	-20	576	616	90	963	0	96
280	473	475	-20	0	1418	90	809	0	122
281	215	395	-10	0	1585	90	168	0	333
282	123	222	-20	376	430	90	394	0	15
283	436	241	20	0	1548	90	0	221	283
284	70	100	-10	1119	1191	90	416	0	212
285	73	328	20	193	270	90	0	61	19
286	241	205	-20	0	1689	90	804	0	381
287	250	405	-30	303	370	90	597	0	30
288	483	14	-20	0	1403	90	853	0	244
289	466	287	10	467	525	90	0	435	76
290	467	114	-10	0	1478	90	957	0	17
291	120	159	10	306	377	90	0	395	54
292	408	84	-20	745	814	90	204	0	123
293	413	217	20	230	289	90	0	446	30
294	338	142	40	204	256	90	0	169	29
295	483	457	20	735	811	0	0	1008	124
296	479	169	-40	774	834	90	175	0	14
297	95	224	20	0	1577	90	0	821	120
298	122	216	-20	461	537	90	40	0	54
299	477	179	-20	0	1497	90	309	0	291
300	406	99	20	0	1517	90	0	965	302
301	44	47	20	0	1445	90	0	564	264
302	487	450	-30	929	993	90	363	0	17
303	172	488	10	310	374	90	0	671	30
304	460	374	-10	753	831	90	810	0	30
305	279	138	40	281	320	90	0	644	51
306	338	147	10	0	1599	90	0	930	101
307	395	295	-10	677	736	90	1	0	31
308	195	185	-20	0	1649	90	895	0	291
309	463	194	20	0	1514	90	0	299	291
310	30	72	-20	0	1452	90	347	0	237
311	244	254	20	723	787	90	0	893	194
312	317	261	-20	398	473	90	155	0	28
313	67	108	10	0	1503	90	0	876	294
314	442	310	20	643	698	0	0	1028	124
315	63	336	-10	0	1529	90	688	0	143
316	109	107	20	357	416	90	0	47	53
317	100	387	10	0	1531	90	0	823	309
318	494	94	-20	634	692	90	806	0	52
319	343	49	10	0	1513	90	0	691	212
320	40	52	-20	546	591	90	777	0	28
321	319	124	-10	400	465	90	760	0	29
322	94	97	20	285	334	90	0	705	28
323	476	94	20	334	396	90	0	179	30
324	283	47	-10	0	1529	90	262	0	306
325	398	325	30	774	843	90	0	673	166
326	460	13	20	0	1418	90	0	430	123
327	305	107	-10	0	1581	90	767	0	76
328	188	12	30	245	309	90	0	200	15
329	136	290	20	272	332	90	0	689	52
330	439	268	-20	0	1545	90	863	0	194
331	112	467	10	0	1477	90	0	974	282
332	181	469	20	468	536	90	0	124	76
333	358	18	10	0	1479	90	0	639	73
334	459	10	10	0	1416	90	0	550	169
335	199	268	20	284	368	90	0	918	78
336	436	237	20	186	264	90	0	112	19
337	318	280	20	319	384	90	0	439	77
338	64	99	-20	853	904	90	481	0	51
339	394	333	20	0	1568	90	0	854	327
340	366	93	20	0	1539	90	0	931	309
341	95	391	10	0	1525	0	0	1014	328
342	391	425	20	842	909	90	0	558	171
343	344	146	-10	0	1594	90	504	0	340
344	198	12	10	0	1491	90	0	799	287
345	186	472	20	0	1503	90	0	739	295
346	390	408	30	0	1523	0	0	1020	327
347	19	43	20	1203	1259	90	0	310	237
348	307	108	-10	0	1581	90	874	0	288
349	59	457	30	810	848	90	0	538	141
350	49	451	20	0	1450	90	0	176	268
351	125	39	20	245	318	90	0	953	18
352	61	147	40	0	1519	90	0	786	100
353	317	123	20	497	554	90	0	272	102
354	392	426	10	666	722	90	0	578	123
355	237	213	-20	0	1695	90	122	0	310
356	71	333	-30	0	1537	90	472	0	311
357	304	97	20	0	1572	90	0	686	75
358	196	462	10	955	1003	90	0	936	196
359	224	191	-20	0	1670	90	544	0	372
360	37	51	10	0	1443	90	0	367	191
361	491	25	10	0	1405	90	0	835	243
362	270	401	20	217	268	90	0	251	28
363	474	461	30	307	379	90	0	302	17
364	66	448	10	270	345	90	0	492	9
365	337	241	-10	0	1647	90	276	0	166
366	269	46	-20	0	1530	90	648	0	12
367	22	41	-10	1110	1164	90	360	0	191
368	198	271	-20	0	1678	90	905	0	349
369	287	43	-20	555	609	90	38	0	12
370	446	63	-10	697	750	90	932	0	97
371	200	229	30	0	1680	0	0	1007	406
372	48	72	30	711	768	90	0	569	124
373	465	142	-30	0	1494	90	892	0	190
374	123	155	-30	1143	1209	90	773	0	147
375	16	497	20	1038	1123	90	0	436	195
376	220	319	-10	0	1659	90	78	0	370
377	484	171	-20	680	736	90	602	0	54
378	55	431	-10	0	1468	90	681	0	31
379	428	24	-30	0	1447	90	754	0	260
380	80	342	10	193	275	90	0	701	20
381	16	68	20	521	617	90	0	236	80
382	124	56	20	0	1503	90	0	898	295
383	95	218	-30	873	927	90	66	0	12
384	481	26	30	0	1413	90	0	839	247
385	145	434	-20	462	514	90	106	0	52
386	335	57	30	0	1524	90	0	668	240
387	26	490	10	0	1406	90	0	79	245
388	324	127	30	143	200	90	0	402	14
389	109	114	-10	829	871	90	148	0	144
390	72	148	20	0	1529	90	0	977	308
391	220	392	20	970	1015	90	0	817	217
392	442	243	-10	996	1052	90	101	0	192
393	69	336	20	440	507	90	0	911	76
394	131	226	20	121	183	90	0	282	15
395	150	204	-10	0	1624	90	291	0	54
396	423	217	20	785	849	90	0	687	168
397	419	459	-20	785	838	90	962	0	30
398	285	163	-20	714	780	90	774	0	51
399	203	7	-20	0	1487	90	594	0	166
400	54	445	10	534	593	90	0	216	79
401	109	463	-10	0	1479	90	178	0	168
402	355	180	-30	0	1608	90	388	0	14
403	13	455	-20	381	430	90	711	0	6
404	165	337	20	0	1613	90	0	782	98
405	314	124	-10	0	1593	90	896	0	29
406	9	124	20	271	336	90	0	196	16
407	3	292	20	404	457	90	0	934	51
408	16	462	-20	935	986	90	413	0	100
409	189	464	-20	0	1512	90	535	0	14
410	288	154	-40	0	1631	90	243	0	331
411	90	296	-20	0	1568	90	17	0	76
412	138	438	-20	0	1516	90	553	0	29
413	13	459	20	646	718	90	0	408	100
414	461	8	20	0	1413	90	0	514	250
415	96	97	20	217	280	90	0	627	15
416	68	99	10	1040	1085	90	0	284	212
417	146	205	-10	0	1621	90	65	0	216
418	117	152	-20	0	1569	90	560	0	167
419	481	96	20	526	577	90	0	622	74
420	338	260	-30	0	1646	90	714	0	76
421	285	44	10	0	1526	90	0	212	305
422	111	464	10	775	837	90	0	816	145
423	468	291	30	0	1513	90	0	950	300
424	148	206	-20	458	506	90	473	0	14
425	184	464	10	285	344	90	0	537	30
426	197	11	-10	0	1490	90	501	0	52
427	396	410	10	829	880	90	0	443	165
428	133	53	20	0	1505	90	0	979	296
429	132	30	20	875	926	90	0	235	169
430	464	13	-20	853	906	90	326	0	123
431	100	394	-20	0	1527	90	571	0	280
432	483	22	-20	476	543	90	447	0	31
433	93	235	-10	0	1577	90	246	0	51
434	174	26	-10	0	1498	90	765	0	239
435	436	264	-10	0	1548	90	289	0	76
436	24	492	-20	1252	1302	90	375	0	195
437	406	94	10	375	430	90	0	37	52
438	234	246	10	0	1718	90	0	498	402
439	315	287	-20	693	754	90	337	0	77
440	408	453	-10	0	1477	90	743	0	76
441	128	225	-10	0	1610	90	679	0	50
442	226	191	20	0	1671	90	0	907	124
443	391	407	-10	0	1523	90	427	0	165
444	198	264	20	0	1681	90	0	986	31
445	179	7	20	864	930	90	0	454	169
446	425	215	-20	699	748	90	293	0	30
447	483	27	20	0	1412	90	0	432	31
448	22	40	-30	1012	1080	90	536	0	169
449	479	176	20	0	1494	90	0	891	136
450	476	102	-10	0	1464	90	242	0	273
451	386	405	-10	0	1528	90	685	0	303
452	22	38	20	0	1423	90	0	113	254
453	440	241	-10	0	1544	90	253	0	103
454	182	14	-20	0	1489	90	445	0	169
455	266	405	20	680	745	90	0	855	147
456	357	181	20	367	441	90	0	670	78
457	395	332	10	593	648	0	0	1023	120
458	423	290	-20	0	1557	90	798	0	75
459	104	28	20	0	1469	90	0	903	169
460	131	56	10	0	1507	90	0	852	78
461	111	110	-20	0	1537	90	562	0	14
462	97	93	-20	0	1515	90	698	0	300
463	90	274	20	411	458	90	0	886	74
464	214	394	-10	0	1586	90	978	0	285
465	6	114	10	0	1455	90	0	662	271
466	375	191	-20	0	1596	90	207	0	340
467	356	21	20	414	452	0	0	1004	49
468	466	165	30	0	1502	90	0	987	294
469	415	223	-20	1257	1302	90	759	0	218
470	397	20	20	0	1462	90	0	93	273
471	241	403	10	686	744	90	0	260	147
472	69	334	30	0	1535	90	0	356	311
473	152	210	20	105	163	90	0	424	14
474	67	335	-20	629	684	90	967	0	97
475	126	30	10	495	558	90	0	497	76
476	390	423	-10	0	1512	90	849	0	16
477	285	162	-30	625	688	90	758	0	29
478	285	158	30	340	405	90	0	5	76
479	406	96	20	280	342	90	0	195	30
480	459	374	-20	848	917	90	580	0	145
481	67	109	20	388	438	90	0	338	51
482	468	475	10	313	373	90	0	993	14
483	438	31	-20	0	1446	90	802	0	252
484	168	24	-10	0	1494	90	653	0	170
485	267	394	-10	0	1589	90	547	0	297
486	406	450	20	405	464	90	0	512	52
487	460	288	10	213	265	90	0	117	12
488	224	203	20	0	1681	90	0	923	383
489	21	487	10	582	629	90	0	490	74
490	21	488	-10	0	1404	90	489	0	74
491	87	217	10	0	1568	90	0	8	327
492	67	452	-10	327	402	90	364	0	9
493	119	223	-20	853	906	90	703	0	169
494	398	428	-20	0	1503	90	123	0	285
495	344	262	-20	0	1640	90	21	0	363
496	390	301	-10	0	1585	90	684	0	288
497	167	27	-10	0	1497	90	475	0	76
498	236	247	-10	0	1720	90	438	0	402
499	313	119	30	679	742	0	0	1047	149
500	13	51	-20	0	1425	90	271	0	100
501	200	13	10	397	453	90	0	426	52
502	0	120	30	0	1453	90	0	509	97
503	202	4	10	950	1004	90	0	98	188
504	343	144	10	0	1593	90	0	343	340
505	94	383	-40	636	687	90	981	0	15
506	250	411	30	492	554	90	0	626	98
507	464	134	20	0	1491	0	0	1026	311
508	443	237	20	248	318	90	0	152	31
509	4	114	-30	712	769	90	502	0	97
510	169	336	30	0	1616	0	0	1013	374
511	200	178	20	240	298	90	0	824	52
512	412	453	-20	0	1475	90	486	0	52
513	121	151	-30	0	1572	90	603	0	312
514	403	93	-20	0	1515	90	414	0	250
515	399	301	-10	584	634	90	638	0	16
516	97	387	-10	823	869	90	954	0	52
517	176	8	-10	0	1481	90	634	0	100
518	62	326	-30	0	1532	90	4	0	51
519	151	207	10	0	1627	90	0	186	357
520	299	98	-20	0	1575	90	900	0	331
521	334	240	-30	0	1650	90	585	0	52
522	92	270	20	0	1575	90	0	174	169
523	444	269	-10	0	1540	90	255	0	31
524	132	223	30	0	1613	90	0	604	52
525	428	25	-20	0	1448	90	135	0	265
526	413	421	-20	768	828	90	925	0	124
527	382	498	10	0	1454	90	0	793	119
528	391	429	20	0	1507	90	0	555	297
529	398	97	10	264	344	90	0	989	32
530	192	265	-30	0	1675	90	680	0	328
531	438	26	-20	0	1442	90	100	0	98
532	44	79	10	267	333	90	0	991	16
533	137	290	10	0	1615	90	0	946	349
534	446	319	-30	0	1527	90	940	0	31
535	175	487	20	248	308	90	0	409	14
536	26	45	30	0	1431	90	0	448	169
537	147	435	-10	553	607	90	425	0	30
538	111	459	-30	0	1483	90	349	0	141
539	472	132	10	767	826	90	0	908	143
540	349	158	-20	0	1599	90	766	0	75
541	86	268	10	689	735	0	0	1036	142
542	415	216	10	319	384	90	0	733	53
543	121	218	20	191	257	90	0	742	31
544	210	185	20	0	1658	90	0	359	372
545	98	215	20	0	1579	0	0	1032	355
546	484	174	10	0	1488	90	0	995	144
547	328	458	10	0	1512	90	0	485	297
548	313	126	-20	0	1595	90	198	0	123
549	390	415	-20	0	1518	90	115	0	7
550	459	17	-10	1039	1094	90	334	0	169
551	481	124	10	505	571	0	0	1009	76
552	386	414	-20	1109	1162	90	788	0	207
553	116	466	20	318	373	90	0	412	29
554	468	295	-20	934	987	90	10	0	98
555	391	426	-20	0	1509	90	528	0	297
556	408	279	-20	682	747	90	69	0	28
557	15	68	10	448	508	90	0	80	52
558	392	424	-20	926	1007	90	342	0	171
559	88	95	-30	0	1510	90	172	0	298
560	116	151	20	774	836	90	0	418	167
561	240	250	-20	0	1724	90	723	0	331
562	123	159	20	156	216	90	0	461	14
563	89	290	20	0	1569	90	0	189	149
564	39	50	-20	0	1444	90	301	0	264
565	359	179	20	0	1604	90	0	3	345
566	338	257	-20	0	1646	90	120	0	364
567	92	236	-10	0	1576	90	828	0	331
568	413	417	-10	1135	1207	90	837	0	53
569	91	101	-30	0	1517	90	372	0	124
570	55	449	-30	0	1456	90	237	0	271
571	57	425	20	0	1474	90	0	431	280
572	465	287	10	0	1516	90	0	51	301
573	320	280	-30	221	298	90	72	0	29
574	322	468	20	0	1505	90	0	118	295
575	483	458	10	656	708	90	0	180	98
576	312	267	10	0	1670	90	0	924	378
577	139	291	10	118	187	90	0	138	17
578	388	408	-10	0	1525	90	354	0	123
579	110	459	-40	0	1483	90	731	0	165
580	459	372	20	0	1492	90	0	480	145
581	204	269	30	49	98	0	0	1003	12
582	407	98	-30	0	1516	90	696	0	172
583	335	256	-10	890	962	90	87	0	194
584	471	484	-20	0	1413	90	990	0	51
585	339	244	30	251	299	90	0	521	52
586	89	272	10	498	555	90	0	906	98
587	488	96	-20	0	1451	90	787	0	31
588	316	286	-30	601	662	90	613	0	98
589	235	50	-40	813	896	90	64	0	144
590	316	258	20	0	1668	90	0	873	376
591	425	288	-10	0	1555	90	248	0	242
592	213	397	-30	680	744	90	658	0	31
593	113	156	10	0	1568	0	0	1029	350
594	199	9	20	853	911	90	0	399	166
595	463	167	10	657	709	90	0	73	120
596	129	27	-10	0	1481	90	749	0	283
597	248	404	30	0	1580	90	0	287	30
598	405	276	20	0	1577	90	0	647	326
599	400	288	30	154	232	90	0	734	1
600	61	156	30	462	532	90	0	274	80
601	393	20	-10	0	1464	90	762	0	217
602	484	177	20	390	463	90	0	377	54
603	108	116	30	0	1539	90	0	513	312
604	112	217	-30	383	443	90	524	0	52
605	389	404	-20	0	1527	90	206	0	143
606	102	391	20	0	1530	90	0	256	308
607	434	26	-20	0	1445	90	151	0	53
608	488	26	30	0	1408	90	0	994	217
609	477	120	10	968	1026	90	0	877	191
610	126	220	-20	0	1607	90	902	0	344
611	439	310	10	198	256	90	0	755	14
612	212	319	-30	0	1656	90	39	0	96
613	320	283	30	421	471	90	0	588	98
614	17	459	-20	1200	1275	90	970	0	55
615	236	213	-20	0	1695	90	278	0	28
616	68	108	10	0	1504	90	0	795	98
617	390	294	-30	0	1588	90	776	0	98
618	275	42	30	537	608	90	0	192	99
619	423	214	20	0	1558	90	0	741	236
620	460	367	-20	0	1494	90	960	0	17
621	272	402	-10	0	1581	90	914	0	15
622	478	102	-20	704	775	90	419	0	74
623	400	260	40	150	212	90	0	721	15
624	181	6	20	678	753	90	0	201	124
625	470	475	30	381	429	90	0	790	28
626	245	408	-30	585	652	90	506	0	98
627	93	96	-20	374	427	90	415	0	15
628	218	318	20	884	939	90	0	266	215
629	441	265	40	0	1543	0	0	1043	337
630	21	64	20	818	876	90	0	83	145
631	356	23	20	0	1484	90	0	730	120
632	267	44	20	649	693	90	0	814	121
633	277	50	-20	0	1533	90	261	0	305
634	182	4	10	586	659	90	0	517	100
635	26	36	-10	0	1425	90	247	0	253
636	384	491	-30	897	948	90	775	0	30
637	418	290	-20	1172	1221	90	796	0	75
638	321	277	10	75	140	90	0	515	16
639	358	16	-10	596	641	90	333	0	73
640	389	334	-20	0	1572	90	751	0	329
641	48	78	-20	0	1469	90	672	0	277
642	24	68	-20	0	1444	90	750	0	264
643	206	225	10	0	1684	90	0	968	385
644	290	141	-40	645	709	90	305	0	51
645	439	15	20	0	1433	90	0	14	54
646	359	182	20	0	1606	90	0	263	171
647	413	287	-20	0	1567	90	598	0	326
648	230	49	20	201	253	90	0	366	12
649	407	280	10	595	653	90	0	273	123
650	459	295	20	1209	1273	90	0	55	264
651	468	199	-10	669	730	90	890	0	30
652	101	384	30	200	262	90	0	91	15
653	170	26	10	855	918	90	0	484	170
654	197	270	-40	0	1678	90	153	0	329
655	415	289	20	169	228	90	0	141	14
656	203	390	40	307	361	90	0	761	53
657	443	272	10	0	1540	90	0	250	313
658	210	391	30	202	272	90	0	592	31
659	363	22	20	964	1025	90	0	42	192
660	352	176	20	126	175	90	0	780	12
661	212	223	-10	758	832	90	844	0	145
662	8	120	-10	0	1460	90	465	0	271
663	244	250	-10	0	1728	90	678	0	310
664	18	484	10	0	1405	90	0	857	246
665	379	82	-20	0	1523	90	889	0	263
666	84	346	20	0	1543	90	0	44	7
667	233	207	-10	0	1688	90	888	0	172
668	344	62	-30	1208	1274	90	386	0	240
669	20	489	-10	856	901	90	105	0	114
670	361	181	-20	662	723	90	456	0	78
671	174	494	-10	0	1479	90	303	0	30
672	49	76	20	0	1469	90	0	641	277
673	390	325	-30	883	929	90	325	0	166
674	7	118	-20	0	1458	90	222	0	76
675	107	26	10	0	1469	90	0	50	33
676	312	270	30	0	1669	90	0	947	100
677	399	102	20	0	1524	90	0	917	305
678	109	108	10	0	1534	90	0	663	310
679	115	218	10	298	341	90	0	441	50
680	88	287	30	0	1568	90	0	530	328
681	54	424	10	320	387	90	0	378	31
682	125	32	30	407	462	90	0	935	52
683	199	12	-10	0	1491	90	988	0	289
684	457	374	10	0	1493	90	0	496	288
685	391	413	10	0	1519	90	0	451	303
686	304	102	-20	505	559	90	357	0	75
687	391	293	-20	0	1587	90	396	0	168
688	66	336	10	719	778	90	0	315	143
689	132	291	-20	0	1610	90	329	0	52
690	18	462	-20	0	1420	90	729	0	252
691	347	62	-10	1121	1176	90	319	0	212
692	466	142	-20	0	1493	90	111	0	54
693	389	17	-10	0	1463	90	203	0	272
694	342	254	10	0	1642	90	0	848	266
695	92	223	10	0	1574	90	0	129	328
696	404	83	30	831	916	90	0	582	172
697	290	46	-10	832	896	90	838	0	146
698	95	92	20	0	1513	90	0	462	300
699	200	265	-30	853	922	90	218	0	53
700	435	16	10	829	895	90	0	184	149
701	25	499	-10	0	1399	90	380	0	20
702	319	260	20	0	1665	90	0	737	374
703	116	225	20	0	1598	90	0	493	169
704	402	284	30	313	367	90	0	166	52
705	108	105	-20	0	1532	90	322	0	28
706	386	13	-10	785	878	90	108	0	15
707	472	129	10	312	383	90	0	133	32
708	132	57	-10	396	443	90	964	0	31
709	43	71	40	0	1461	0	0	1038	296
710	493	91	30	542	599	90	0	831	77
711	12	451	20	0	1423	90	0	403	6
712	201	188	-20	0	1655	90	894	0	147
713	60	428	20	1059	1137	90	0	185	217
714	243	248	30	243	314	90	0	420	76
715	230	197	-20	588	645	90	808	0	124
716	389	11	20	707	769	90	0	232	123
717	401	281	-20	0	1580	90	836	0	9
718	459	14	-20	372	439	90	722	0	8
719	411	95	30	475	521	0	0	1019	74
720	0	297	10	679	737	90	0	53	120
721	476	196	-40	476	544	90	623	0	15
722	458	16	20	313	369	90	0	718	8
723	92	230	20	0	1575	90	0	561	331
724	432	24	-40	0	1444	90	137	0	265
725	215	317	10	140	194	90	0	130	29
726	371	192	30	0	1600	90	0	31	120
727	481	20	-20	0	1409	90	858	0	243
728	152	207	20	824	877	90	0	77	192
729	14	459	20	0	1419	90	0	690	252
730	361	17	-20	777	832	90	631	0	120
731	8	497	40	959	1006	90	0	579	165
732	206	186	-10	891	955	90	800	0	28
733	421	218	-10	880	939	90	542	0	53
734	402	264	-30	216	273	90	599	0	1
735	388	325	10	971	1026	0	0	1041	217
736	35	304	30	0	1513	90	0	938	300
737	321	263	-20	0	1662	90	702	0	374
738	444	313	20	0	1531	90	0	807	76
739	188	462	-20	0	1514	90	345	0	295
740	400	103	10	0	1524	90	0	205	297
741	418	221	-20	1150	1223	90	619	0	236
742	112	219	-20	0	1593	90	543	0	31
743	408	452	10	490	564	90	0	440	76
744	30	301	10	660	726	90	0	922	125
745	205	228	10	0	1684	90	0	140	232
746	407	88	-30	0	1509	90	921	0	149
747	380	489	-20	0	1462	90	28	0	274
748	395	331	-30	0	1568	90	267	0	31
749	133	26	10	0	1482	90	0	596	283
750	21	68	20	0	1442	90	0	642	264
751	313	282	20	0	1664	90	0	640	329
752	53	440	10	633	684	90	0	865	102
753	458	130	-20	0	1494	90	58	0	269
754	437	15	30	0	1434	90	0	379	260
755	400	286	-10	0	1580	90	611	0	14
756	346	144	10	0	1591	90	0	230	169
757	440	244	10	809	874	90	0	860	170
758	280	162	30	158	210	90	0	477	29
759	488	173	20	0	1484	90	0	469	218
760	326	118	10	213	272	90	0	321	29
761	207	400	-40	489	562	90	656	0	53
762	391	18	10	1085	1141	90	0	601	217
763	37	55	10	0	1446	0	0	1002	289
764	204	15	20	0	1495	0	0	1039	313
765	173	28	10	1134	1191	90	0	434	239
766	343	148	20	399	441	90	0	540	75
767	231	43	10	447	513	90	0	327	76
768	445	273	20	725	781	90	0	162	146
769	432	27	10	810	878	90	0	173	147
770	439	305	30	0	1538	90	0	883	207
771	208	396	-20	401	462	90	815	0	17
772	249	407	-40	403	455	90	238	0	12
773	107	112	30	728	787	90	0	374	147
774	279	159	20	252	301	90	0	398	51
775	376	494	30	334	396	90	0	636	30
776	403	262	30	493	547	90	0	617	98
777	41	47	20	359	406	90	0	320	28
778	96	213	-10	0	1576	90	150	0	329
779	461	167	-20	470	531	90	84	0	30
780	391	99	-20	0	1528	90	660	0	12
781	116	221	30	0	1597	90	0	880	341
782	165	343	-20	556	613	90	404	0	98
783	388	334	20	227	280	90	0	67	29
784	130	57	40	289	365	90	0	159	34
785	422	409	10	234	290	90	0	24	13
786	66	156	-40	653	718	90	352	0	100
787	485	86	20	349	413	90	0	587	31
788	389	428	20	0	1509	90	0	552	207
789	117	467	10	0	1480	90	0	103	29
790	475	477	-30	1028	1091	90	625	0	28
791	429	27	-10	1272	1339	90	54	0	239
792	339	60	20	274	338	90	0	259	32
793	381	494	-10	801	855	90	527	0	119
794	218	321	-10	0	1657	90	13	0	370
795	64	101	-10	667	724	90	616	0	98
796	343	254	20	334	394	90	0	637	75
797	478	464	-10	0	1422	90	43	0	239
798	423	286	20	430	477	90	0	458	75
799	198	9	-10	0	1488	90	344	0	287
800	225	196	10	128	174	90	0	732	28
801	374	190	20	0	1597	90	0	193	338
802	462	14	20	0	1417	90	0	483	252
803	347	54	-20	836	904	90	145	0	145
804	231	195	20	0	1676	90	0	286	381
805	72	96	-10	1220	1278	90	33	0	31
806	489	87	20	451	499	90	0	318	52
807	443	313	-20	554	602	90	738	0	76
808	233	204	20	0	1685	90	0	715	124
809	477	483	20	745	817	90	0	280	122
810	459	368	10	299	361	90	0	304	30
811	95	277	20	1057	1121	0	0	1037	240
812	16	460	-20	1112	1180	90	866	0	191
813	100	266	20	207	275	90	0	840	30
814	288	53	-20	0	1534	90	632	0	121
815	211	386	20	141	212	90	0	771	17
816	144	439	-10	0	1518	90	422	0	145
817	224	314	-20	0	1665	90	391	0	217
818	79	291	10	519	568	90	0	27	98
819	95	235	10	155	227	90	0	71	17
820	7	123	30	329	399	90	0	871	31
821	91	217	-20	692	738	90	297	0	120
822	105	27	10	0	1469	90	0	830	123
823	101	385	-10	0	1533	90	317	0	309
824	238	210	-20	757	821	90	511	0	52
825	439	67	10	322	386	90	0	832	30
826	435	267	20	0	1549	90	0	220	312
827	443	64	30	779	854	90	0	171	146
828	92	234	10	0	1576	90	0	567	331
829	450	265	-10	0	1534	90	952	0	98
830	102	27	-10	796	852	90	822	0	123
831	492	94	-30	724	787	90	710	0	77
832	440	63	-10	886	934	90	825	0	30
833	453	367	-20	0	1500	90	959	0	75
834	15	69	-10	0	1438	90	95	0	262
835	489	17	-10	0	1401	90	361	0	243
836	335	255	20	85	124	90	0	717	9
837	419	418	10	394	454	90	0	568	53
838	292	41	10	0	1521	90	0	697	146
839	489	27	-30	0	1408	90	384	0	247
840	96	270	-20	308	367	90	813	0	30
841	461	369	10	0	1492	90	0	56	213
842	105	22	30	339	385	90	0	872	28
843	479	121	-30	0	1472	90	164	0	271
844	207	223	10	585	634	90	0	661	145
845	17	458	-20	1297	1360	90	887	0	237
846	186	7	-30	0	1483	90	92	0	284
847	465	168	10	837	902	90	0	167	167
848	416	288	-10	1251	1328	90	694	0	266
849	388	418	10	217	283	90	0	476	16
850	92	233	-10	768	830	90	943	0	144
851	179	492	-20	678	752	90	226	0	52
852	132	55	-10	573	632	90	460	0	78
853	485	24	20	0	1408	90	0	288	244
854	388	331	-20	0	1574	90	339	0	327
855	217	323	-20	0	1654	90	455	0	147
856	281	164	-20	0	1643	90	884	0	353
857	169	340	-10	0	1613	90	664	0	246
858	491	20	20	0	1401	90	0	727	243
859	279	42	-20	0	1524	90	63	0	77
860	439	243	-10	0	1545	90	757	0	170
861	391	334	20	402	470	90	0	7	76
862	96	244	-10	1332	1380	90	116	0	16
863	441	273	20	903	972	90	0	330	194
864	477	478	-10	0	1413	90	60	0	248
865	56	434	-10	0	1467	90	752	0	102
866	12	463	20	0	1415	90	0	812	191
867	458	164	-30	374	439	90	194	0	30
868	446	65	-10	516	566	90	35	0	51
869	71	156	10	0	1532	90	0	870	306
870	65	153	-10	0	1526	90	869	0	306
871	8	118	-30	1079	1138	90	820	0	31
872	102	29	-30	0	1469	90	842	0	28
873	315	265	-20	0	1668	90	590	0	376
874	343	62	10	1300	1364	90	0	348	288
875	384	16	-20	892	959	90	182	0	30
876	67	105	-10	0	1501	90	313	0	294
877	478	118	-10	0	1471	90	609	0	191
878	73	101	20	1313	1375	90	0	191	285
879	200	14	10	311	356	90	0	82	28
880	114	225	-30	0	1596	90	781	0	341
881	460	293	30	1121	1176	90	0	239	240
882	51	447	10	438	501	90	0	240	55
883	418	295	-30	1063	1140	90	770	0	207
884	282	139	20	0	1619	90	0	856	353
885	477	122	-40	886	924	90	942	0	142
886	91	266	-20	0	1575	90	463	0	74
887	16	463	20	0	1418	90	0	845	237
888	228	199	10	673	746	90	0	667	172
889	435	20	20	0	1439	90	0	665	263
890	467	195	10	285	344	90	0	651	30
891	469	132	-20	856	923	90	449	0	136
892	465	136	30	964	1007	90	0	373	190
893	246	255	-20	818	877	90	311	0	194
894	49	75	20	810	857	90	0	712	147
895	66	98	20	0	1496	90	0	308	291
896	166	32	10	296	352	90	0	405	29
897	326	466	30	753	817	90	0	202	147
898	202	186	-20	0	1654	90	382	0	295
899	467	285	-10	0	1515	90	85	0	298
900	290	136	20	0	1614	90	0	520	331
901	341	58	10	0	1522	90	0	909	303
902	121	219	20	0	1602	90	0	610	344
903	107	35	-20	986	1041	90	459	0	169
904	216	319	-20	0	1658	90	944	0	283
905	134	288	20	0	1612	90	0	368	349
906	89	270	-10	590	647	90	586	0	98
907	136	52	-20	759	817	90	442	0	124
908	462	167	-10	0	1507	90	539	0	143
909	340	54	-10	0	1519	90	901	0	303
910	80	286	-10	0	1561	90	62	0	240
911	38	301	-20	0	1516	90	393	0	76
912	25	307	-10	0	1502	90	265	0	169
913	470	139	-30	668	731	90	11	0	90
914	270	400	10	151	213	90	0	621	15
915	204	187	30	803	857	0	0	1046	194
916	460	171	30	937	994	90	0	928	192
917	399	106	-20	0	1527	90	677	0	305
918	197	267	-20	582	626	90	335	0	78
919	77	350	-20	997	1058	90	208	0	15
920	91	231	-20	579	652	90	999	0	27
921	398	103	30	739	807	90	0	746	149
922	35	303	-10	0	1513	90	744	0	125
923	231	204	-20	0	1685	90	488	0	383
924	311	266	-10	0	1671	90	576	0	378
925	416	420	20	0	1497	90	0	526	124
926	231	203	-10	0	1684	90	211	0	52
927	4	116	10	618	678	0	0	1022	99
928	417	217	-30	0	1564	90	916	0	192
929	268	52	-10	1003	1079	90	949	0	30
930	345	144	-10	568	640	90	306	0	101
931	368	85	-20	0	1532	90	340	0	309
932	441	65	10	0	1469	90	0	370	97
933	201	270	-10	0	1682	90	20	0	120
934	0	293	-20	591	637	90	407	0	51
935	167	24	-30	668	736	90	682	0	52
936	186	464	-10	0	1511	90	358	0	196
937	7	292	10	246	306	90	0	126	14
938	80	290	-30	0	1560	90	736	0	300
939	405	455	40	0	1477	0	0	1025	304
940	439	312	30	257	324	90	0	534	31
941	300	108	-20	0	1584	90	984	0	277
942	478	121	40	788	840	90	0	885	142
943	92	232	10	0	1575	90	0	850	144
944	111	463	20	0	1480	90	0	904	283
945	132	294	20	454	521	90	0	225	98
946	134	285	-10	0	1613	90	533	0	349
947	316	284	-30	510	570	90	676	0	100
948	56	428	20	415	482	90	0	96	54
949	232	47	10	262	327	90	0	929	30
950	466	291	-30	0	1515	90	423	0	300
951	341	257	-30	0	1643	90	996	0	147
952	420	213	10	509	568	90	0	829	98
953	116	152	-20	678	750	90	351	0	18
954	163	337	10	277	334	90	0	516	52
955	440	7	20	0	1426	90	0	139	256
956	208	222	-10	667	734	90	36	0	31
957	485	95	10	281	351	90	0	290	17
958	97	385	30	0	1530	90	0	142	122
959	462	367	20	481	545	90	0	833	75
960	455	365	20	235	306	90	0	620	17
961	492	95	30	0	1447	0	0	1006	289
962	405	450	20	311	376	90	0	397	30
963	371	193	20	0	1601	90	0	279	96
964	234	202	10	0	1684	90	0	708	31
965	404	103	-20	0	1522	90	300	0	302
966	24	41	10	0	1427	90	0	215	92
967	67	334	20	532	600	90	0	474	97
968	207	227	-10	0	1686	90	643	0	385
969	277	403	10	395	464	90	0	252	77
970	15	457	20	462	534	90	0	614	55
971	217	319	-30	0	1658	90	149	0	299
972	111	467	20	597	647	90	0	160	97
973	378	493	30	426	487	90	0	188	52
974	112	465	-10	0	1479	90	331	0	282
975	173	25	-10	952	1007	90	190	0	14
976	421	292	20	0	1558	0	0	1034	345
977	74	146	-20	0	1530	90	390	0	308
978	178	491	10	0	1483	90	0	464	285
979	204	185	-20	0	1655	90	428	0	296
980	319	470	-10	0	1504	90	6	0	16
981	163	331	40	118	179	90	0	505	15
982	470	125	20	253	316	90	0	94	15
983	315	121	-10	0	1590	90	32	0	31
984	166	34	20	0	1503	90	0	941	277
985	284	140	40	115	172	90	0	25	14
986	85	288	-20	329	386	90	444	0	31
987	376	190	-30	0	1595	90	468	0	294
988	238	203	10	0	1686	90	0	683	289
989	399	104	-10	0	1526	90	529	0	32
990	472	481	20	477	527	90	0	584	51
991	46	74	-10	0	1465	90	532	0	16
992	401	255	30	685	738	90	0	70	146
993	475	480	-10	837	911	90	482	0	14
994	485	27	-30	1231	1291	90	608	0	217
995	476	174	-10	874	924	90	546	0	144
996	330	242	30	627	671	90	0	951	147
997	332	249	30	82	144	0	0	1024	15
998	375	80	10	550	598	90	0	177	96
999	94	235	20	227	266	90	0	920	27
1000	287	144	20	0	1622	0	0	1048	377
1001	232	42	-10	545	599	90	214	0	97
1002	37	55	-10	0	1446	90	763	0	289
1003	204	269	-30	49	98	90	581	0	12
1004	356	21	-20	414	452	90	467	0	49
1005	377	76	-20	0	1519	90	163	0	325
1006	492	95	-30	0	1447	90	961	0	289
1007	200	229	-30	0	1680	90	371	0	406
1008	483	457	-20	735	811	90	295	0	124
1009	481	124	-10	505	571	90	551	0	76
1010	35	306	-20	0	1512	90	34	0	322
1011	122	35	-10	0	1484	90	127	0	308
1012	187	491	-20	0	1485	90	134	0	308
1013	169	336	-30	0	1616	90	510	0	374
1014	95	391	-10	0	1525	90	341	0	328
1015	38	72	-30	420	496	90	209	0	54
1016	128	291	-10	0	1606	90	46	0	369
1017	270	49	-30	925	970	90	12	0	192
1018	135	293	-30	0	1612	90	249	0	372
1019	411	95	-30	475	521	90	719	0	74
1020	390	408	-30	0	1523	90	346	0	327
1021	379	80	-20	0	1521	90	26	0	326
1022	4	116	-10	618	678	90	927	0	99
1023	395	332	-10	593	648	90	457	0	120
1024	332	249	-30	82	144	90	997	0	15
1025	405	455	-40	0	1477	90	939	0	304
1026	464	134	-20	0	1491	90	507	0	311
1027	237	254	-20	0	1721	90	22	0	426
1028	442	310	-20	643	698	90	314	0	124
1029	113	156	-10	0	1568	90	593	0	350
1030	385	295	-20	0	1592	90	231	0	362
1031	435	62	-30	0	1471	90	146	0	301
1032	98	215	-20	0	1579	90	545	0	355
1033	348	145	-20	763	813	90	241	0	167
1034	421	292	-20	0	1558	90	976	0	345
1035	238	204	-20	566	634	90	277	0	146
1036	86	268	-10	689	735	90	541	0	142
1037	95	277	-20	1057	1121	90	811	0	240
1038	43	71	-40	0	1461	90	709	0	296
1039	204	15	-20	0	1495	90	764	0	313
1040	466	295	-20	0	1514	90	233	0	323
1041	388	325	-10	971	1026	90	735	0	217
1042	1	293	-10	0	1482	90	102	0	307
1043	441	265	-40	0	1543	90	629	0	337
1044	418	218	-20	0	1563	90	15	0	347
1045	52	432	-20	789	843	90	275	0	143
1046	204	187	-30	803	857	90	915	0	194
1047	313	119	-30	679	742	90	499	0	149
1048	287	144	-20	0	1622	90	1000	0	377

