250	200	1
0	250	250	0	0	1824	0	0	0
1	387	297	10	200	270	90	0	950	31
2	5	297	-10	0	1485	90	720	0	120
3	355	177	-10	0	1607	90	504	0	335
4	78	346	-10	0	1538	90	919	0	214
5	286	159	20	0	1637	90	0	477	124
6	322	465	10	226	291	90	0	268	16
7	393	408	-10	0	1521	90	494	0	294
8	89	216	-20	0	1570	90	297	0	328
9	76	345	30	0	1536	0	0	1025	334
10	410	285	-20	499	556	90	99	0	75
11	472	189	30	0	1504	90	0	309	295
12	270	49	30	925	970	0	0	1005	192
13	219	325	-20	0	1653	90	391	0	217
14	437	12	20	557	613	90	0	700	77
15	418	218	20	0	1563	0	0	1028	347
16	20	488	-10	754	820	90	701	0	95
17	77	347	20	436	505	90	0	411	76
18	73	346	10	0	1533	90	0	105	310
19	480	455	-10	1123	1179	90	180	0	193
20	129	292	-30	552	610	90	472	0	61
21	337	257	-20	0	1647	90	566	0	366
22	237	254	-30	0	1721	90	39	0	348
23	131	220	-10	0	1612	90	968	0	349
24	417	417	10	0	1498	90	0	217	292
25	287	143	-20	0	1621	90	900	0	350
26	379	80	-20	0	1521	90	677	0	297
27	87	285	-20	0	1568	90	563	0	326
28	374	489	20	0	1465	90	0	973	30
29	440	247	20	0	1544	0	0	1015	338
30	281	137	10	0	1617	90	0	644	122
31	379	196	20	0	1595	90	0	466	339
32	297	102	10	214	281	90	0	405	31
33	39	76	-10	328	399	90	532	0	8
34	35	306	20	0	1512	90	0	736	299
35	435	68	10	0	1475	90	0	154	275
36	245	251	10	60	130	90	0	218	31
37	409	88	20	0	1508	90	0	965	297
38	273	55	20	196	246	90	0	901	12
39	163	340	30	0	1609	90	0	22	348
40	129	223	-20	0	1611	90	109	0	30
41	371	200	-20	0	1604	90	660	0	339
42	357	26	-20	0	1486	90	730	0	143
43	470	473	-10	1221	1270	90	60	0	210
44	77	344	10	254	319	90	0	518	30
45	478	461	10	0	1424	90	0	575	75
46	128	291	-10	0	1606	90	910	0	323
47	111	113	10	632	694	90	0	773	124
48	164	21	-10	578	639	90	484	0	75
49	21	485	30	0	1406	90	0	664	245
50	108	26	-20	0	1469	90	830	0	146
51	424	286	-20	0	1557	90	798	0	322
52	200	270	20	0	1681	90	0	654	382
53	7	300	-20	0	1486	90	407	0	51
54	433	31	10	0	1449	90	0	769	266
55	420	295	20	0	1559	90	0	687	323
56	451	367	-10	0	1502	90	785	0	13
57	118	157	20	0	1573	0	0	1001	352
58	489	101	-30	0	1453	90	710	0	77
59	200	261	-20	945	1017	90	335	0	216
60	476	483	10	0	1410	90	0	43	210
61	30	302	-10	0	1508	90	744	0	125
62	8	300	-10	0	1487	90	102	0	283
63	275	45	-30	0	1528	90	618	0	306
64	238	46	40	735	784	90	0	589	144
65	152	206	10	0	1627	0	0	1035	379
66	99	218	30	154	205	90	0	695	12
67	393	410	-20	0	1520	90	115	0	7
68	480	460	-10	549	627	90	849	0	16
69	337	256	20	154	201	90	0	576	28
70	389	300	10	0	1587	90	0	231	336
71	90	237	-10	0	1574	90	828	0	330
72	321	280	30	0	1657	90	0	573	32
73	417	218	-10	0	1564	90	157	0	310
74	64	108	-40	0	1500	90	709	0	273
75	57	432	10	0	1469	90	0	185	214
76	356	24	20	249	323	90	0	659	18
77	143	207	-20	0	1619	90	395	0	352
78	221	325	-40	0	1654	90	656	0	337
79	22	483	30	0	1409	90	0	669	119
80	24	65	-10	0	1442	90	500	0	256
81	141	431	30	362	423	90	0	142	52
82	202	9	-10	0	1489	90	964	0	288
83	20	48	-20	1294	1358	90	347	0	238
84	457	163	20	284	346	90	0	253	30
85	470	290	10	0	1511	0	0	1010	321
86	268	400	-20	0	1583	90	362	0	28
87	337	251	-20	0	1647	90	768	0	146
88	366	20	-20	0	1477	90	631	0	281
89	72	344	-20	0	1533	90	393	0	76
90	149	203	10	553	597	90	0	473	121
91	55	428	20	511	568	90	0	97	75
92	189	7	30	0	1484	90	0	454	284
93	397	18	-10	0	1460	90	108	0	273
94	481	122	30	0	1470	90	0	551	53
95	20	73	-10	0	1444	90	113	0	251
96	54	430	-10	0	1468	90	341	0	277
97	74	350	-20	0	1532	90	91	0	75
98	202	8	-20	0	1488	90	399	0	287
99	406	285	20	0	1575	90	0	10	75
100	460	2	20	0	1410	90	0	483	248
101	441	244	-10	0	1543	90	392	0	314
102	1	293	10	0	1482	90	0	62	283
103	115	465	-10	0	1481	90	789	0	283
104	422	420	20	0	1493	90	0	549	288
105	75	347	-10	0	1534	90	18	0	310
106	141	428	-20	0	1526	90	972	0	97
107	404	264	20	0	1580	0	0	1029	356
108	398	23	10	0	1464	90	0	93	273
109	148	211	20	167	233	90	0	40	30
110	362	22	20	0	1480	0	0	1031	306
111	479	127	-10	0	1475	90	885	0	165
112	443	246	20	0	1541	90	0	757	146
113	22	37	10	0	1422	90	0	95	251
114	65	100	10	0	1496	90	0	338	291
115	404	447	20	250	280	90	0	67	7
116	102	264	10	0	1586	90	0	438	336
117	444	271	10	0	1539	90	0	283	307
118	325	466	-30	0	1506	90	210	0	294
119	124	219	20	571	615	90	0	394	121
120	335	243	-20	0	1649	90	646	0	341
121	26	42	20	455	519	90	0	367	53
122	113	106	20	0	1536	90	0	191	311
123	399	450	20	0	1485	90	0	788	286
124	146	439	-20	0	1519	90	208	0	290
125	162	336	20	0	1611	90	0	663	349
126	2	295	-10	0	1482	90	937	0	14
127	122	35	-20	0	1484	90	351	0	285
128	346	60	-20	1027	1086	90	165	0	194
129	93	213	-10	0	1573	90	821	0	143
130	218	316	20	0	1661	90	0	628	373
131	116	156	10	0	1571	90	0	148	329
132	419	422	20	0	1493	90	0	925	290
133	467	141	10	0	1492	90	0	916	157
134	187	491	20	0	1485	90	0	739	286
135	433	25	20	0	1444	90	0	724	265
136	286	137	10	0	1616	90	0	327	334
137	370	82	40	0	1528	90	0	548	306
138	132	290	-20	0	1610	90	986	0	54
139	435	11	40	0	1432	90	0	645	258
140	206	261	-10	1050	1104	90	918	0	142
141	428	291	10	698	764	90	0	487	145
142	95	384	-30	719	785	90	81	0	52
143	205	223	-20	0	1682	90	183	0	384
144	463	140	-20	0	1495	90	507	0	288
145	343	47	-20	0	1511	90	716	0	271
146	435	62	-10	0	1471	90	171	0	278
147	387	488	-30	0	1460	90	775	0	270
148	121	157	-10	0	1575	90	131	0	329
149	182	463	30	0	1511	90	0	537	291
150	92	216	10	0	1573	0	0	1018	352
151	370	83	20	357	419	90	0	803	53
152	444	242	-20	441	501	90	336	0	19
153	90	285	-20	0	1571	90	946	0	328
154	446	64	-10	0	1464	90	35	0	275
155	312	264	20	0	1671	90	0	676	377
156	208	11	20	0	1492	90	0	799	286
157	442	247	10	0	1542	90	0	73	310
158	140	431	-10	0	1523	90	425	0	30
159	118	153	-10	0	1571	90	374	0	329
160	134	428	-20	0	1522	90	538	0	285
161	91	235	10	0	1575	90	0	999	331
162	406	257	-20	0	1578	90	435	0	317
163	377	76	-30	0	1519	90	921	0	296
164	474	96	30	0	1463	90	0	419	52
165	346	57	20	0	1519	90	0	128	194
166	393	301	30	0	1583	90	0	496	335
167	412	214	10	0	1569	90	0	726	324
168	210	398	-30	0	1581	90	658	0	334
169	346	150	20	948	998	90	0	306	214
170	62	453	-10	0	1458	90	752	0	269
171	437	61	10	0	1469	90	0	146	278
172	87	96	30	0	1510	0	0	1003	321
173	367	83	30	0	1531	0	0	1034	331
174	91	268	10	869	931	90	0	813	192
175	459	145	40	233	291	90	0	546	14
176	63	444	20	0	1465	90	0	431	276
177	433	27	20	0	1446	90	0	525	266
178	60	454	-10	892	952	90	400	0	143
179	478	99	-10	0	1461	90	957	0	17
180	485	454	10	0	1423	90	0	19	193
181	6	292	10	316	360	90	0	934	28
182	398	20	20	333	394	90	0	706	30
183	248	251	20	0	1732	90	0	143	384
184	433	15	-10	0	1437	90	379	0	262
185	64	426	-10	1162	1223	90	75	0	214
186	154	207	20	0	1629	90	0	417	354
187	481	456	-20	0	1425	90	295	0	255
188	380	498	10	523	582	0	0	1019	75
189	88	286	10	795	859	90	0	680	173
190	111	23	10	266	326	90	0	822	14
191	199	187	-20	0	1653	90	122	0	311
192	269	48	-10	0	1532	90	929	0	220
193	367	178	20	0	1597	90	0	565	342
194	452	163	-20	0	1515	90	753	0	287
195	431	28	-10	0	1448	90	531	0	264
196	8	116	-20	0	1458	90	406	0	271
197	233	47	20	0	1531	90	0	366	300
198	237	43	-10	0	1527	90	896	0	29
199	320	262	-20	585	656	90	836	0	116
200	188	4	20	0	1481	90	0	328	284
201	180	6	10	0	1481	90	0	846	283
202	328	466	-10	0	1505	90	980	0	293
203	393	12	-10	0	1457	90	762	0	272
204	409	90	20	0	1509	90	0	300	297
205	406	87	-20	0	1509	90	889	0	262
206	394	407	20	733	789	90	0	427	143
207	358	183	20	0	1607	90	0	365	342
208	186	461	20	0	1514	90	0	124	290
209	38	72	30	420	496	90	0	991	54
210	323	471	30	0	1502	90	0	118	294
211	224	192	-10	215	274	90	800	0	28
212	278	46	20	0	1529	90	0	668	227
213	272	403	30	494	555	90	0	251	100
214	232	42	-20	0	1526	90	984	0	284
215	18	63	-10	716	792	90	557	0	52
216	58	458	10	0	1451	90	0	349	269
217	416	417	-10	0	1499	90	24	0	292
218	205	230	-10	0	1685	90	36	0	31
219	65	453	-20	0	1460	90	240	0	269
220	421	294	-20	0	1558	90	883	0	322
221	434	245	-10	1377	1416	90	657	0	275
222	2	116	-30	0	1453	90	820	0	270
223	411	421	20	862	917	90	0	568	170
224	315	260	10	223	278	90	0	848	53
225	136	288	-20	1023	1063	90	945	0	209
226	173	490	-10	406	462	90	303	0	29
227	90	232	10	0	1573	90	0	433	330
228	402	265	-40	306	365	90	623	0	15
229	361	14	-30	0	1474	90	639	0	95
230	348	147	10	0	1592	0	0	1022	362
231	385	295	-10	0	1592	90	70	0	336
232	394	23	20	0	1466	90	0	875	273
233	466	295	20	0	1514	90	0	650	300
234	71	103	20	0	1503	90	0	513	295
235	125	29	-30	0	1481	90	842	0	274
236	25	65	-20	0	1443	90	630	0	263
237	58	449	-20	0	1458	90	711	0	252
238	246	398	40	0	1586	90	0	597	333
239	423	294	10	0	1556	90	0	289	300
240	59	459	20	0	1451	90	0	219	269
241	348	145	-20	763	813	90	272	0	133
242	477	97	-10	0	1461	90	318	0	100
243	307	102	40	0	1576	90	0	348	331
244	169	31	-20	0	1501	90	935	0	290
245	381	495	20	705	769	90	0	793	122
246	95	234	10	315	362	90	0	850	51
247	22	33	10	0	1420	90	0	635	253
248	435	268	-10	1100	1154	90	873	0	219
249	135	293	30	0	1612	90	0	905	348
250	439	266	-20	0	1545	90	826	0	316
251	269	402	-30	0	1581	90	213	0	100
252	267	400	10	0	1584	90	0	337	322
253	473	196	-20	564	642	90	84	0	30
254	445	237	10	349	402	90	0	453	51
255	461	284	-30	0	1521	90	423	0	299
256	167	339	-10	0	1613	90	954	0	348
257	26	43	-30	365	427	90	536	0	7
258	101	386	20	0	1533	90	0	823	310
259	342	54	-10	0	1518	90	998	0	96
260	243	399	-30	782	837	90	506	0	143
261	288	44	20	0	1525	90	0	859	303
262	274	48	-10	0	1531	90	653	0	274
263	360	184	-20	846	906	90	456	0	78
264	23	67	-20	0	1443	90	271	0	262
265	6	296	10	0	1486	0	0	1026	309
266	249	258	-20	0	1726	90	287	0	53
267	421	415	30	297	364	90	0	939	31
268	319	468	-10	0	1506	90	6	0	16
269	50	438	-20	0	1460	90	375	0	240
270	440	61	-30	0	1467	90	827	0	276
271	17	65	20	0	1437	90	0	264	262
272	323	118	20	0	1584	90	0	241	133
273	402	281	20	0	1579	90	0	556	330
274	71	153	-40	746	816	90	352	0	124
275	52	432	20	0	1466	0	0	1012	299
276	378	199	10	0	1597	90	0	963	340
277	238	204	20	0	1687	90	0	355	387
278	208	184	20	146	192	90	0	442	28
279	376	195	-20	0	1597	90	293	0	30
280	473	475	10	0	1418	90	0	797	250
281	215	395	20	0	1585	0	0	1016	358
282	123	222	-20	0	1604	90	902	0	344
283	436	241	-10	0	1548	90	117	0	307
284	70	100	-10	1119	1191	90	313	0	215
285	73	328	20	193	270	90	0	689	19
286	241	205	30	0	1689	90	0	758	4
287	250	405	20	303	370	90	0	266	53
288	483	14	-30	0	1403	90	384	0	244
289	466	287	-10	0	1515	90	239	0	300
290	467	114	10	0	1478	0	0	1037	305
291	120	159	-20	0	1576	90	418	0	328
292	408	84	-20	0	1505	90	414	0	250
293	413	217	20	230	289	90	0	279	30
294	338	142	40	204	256	0	0	1017	29
295	483	457	20	0	1423	90	0	187	255
296	479	169	20	0	1492	90	0	377	99
297	95	224	20	0	1577	90	0	8	328
298	122	216	-20	461	537	90	610	0	78
299	477	179	-20	0	1497	90	759	0	286
300	406	99	-20	0	1517	90	204	0	297
301	44	47	20	0	1445	90	0	320	51
302	487	450	10	929	993	90	0	512	170
303	172	488	10	0	1484	90	0	226	29
304	460	374	20	753	831	90	0	959	146
305	279	138	-20	281	320	90	884	0	27
306	338	147	-20	0	1599	90	169	0	214
307	395	295	20	0	1583	90	0	637	238
308	195	185	-10	0	1649	90	416	0	292
309	463	194	-30	0	1514	90	11	0	295
310	30	72	-20	0	1452	90	642	0	266
311	244	254	20	0	1727	0	0	1024	429
312	317	261	-30	398	473	90	997	0	15
313	67	108	10	0	1503	90	0	284	215
314	442	310	-30	0	1533	90	534	0	306
315	63	336	-20	0	1529	90	967	0	99
316	109	107	-20	357	416	90	461	0	31
317	100	387	-10	0	1531	90	505	0	120
318	494	94	10	634	692	90	0	242	100
319	343	49	-10	0	1513	90	691	0	299
320	40	52	-20	546	591	90	301	0	51
321	319	124	20	400	465	90	0	388	80
322	94	97	-10	285	334	90	712	0	6
323	476	94	20	0	1460	90	0	450	272
324	283	47	-10	0	1529	90	633	0	307
325	398	325	-20	774	843	90	861	0	76
326	460	13	-20	0	1418	90	718	0	30
327	305	107	-10	0	1581	90	136	0	334
328	188	12	-20	0	1489	90	200	0	284
329	136	290	-10	0	1614	90	356	0	312
330	439	268	-20	0	1545	90	863	0	194
331	112	467	10	0	1477	90	0	401	281
332	181	469	-10	468	536	90	936	0	53
333	358	18	-20	0	1479	90	467	0	49
334	459	10	-20	0	1416	90	722	0	251
335	199	268	20	0	1680	90	0	59	216
336	436	237	20	186	264	90	0	152	19
337	318	280	-10	0	1660	90	252	0	322
338	64	99	-10	0	1495	90	114	0	291
339	394	333	20	0	1568	90	0	457	97
340	366	93	20	0	1539	90	0	931	309
341	95	391	10	0	1525	90	0	96	277
342	391	425	-10	0	1510	90	440	0	282
343	344	146	-10	0	1594	90	756	0	339
344	198	12	10	0	1491	90	0	683	289
345	186	472	-10	0	1503	90	671	0	283
346	390	408	-10	0	1523	90	526	0	147
347	19	43	20	0	1424	90	0	83	238
348	307	108	-40	0	1581	90	243	0	331
349	59	457	-10	0	1453	90	216	0	269
350	49	451	-10	0	1450	90	403	0	29
351	125	39	20	0	1489	90	0	127	285
352	61	147	40	0	1519	90	0	274	124
353	317	123	-30	0	1591	90	686	0	329
354	392	426	10	666	722	90	0	685	123
355	237	213	-20	0	1695	90	277	0	387
356	71	333	10	0	1537	90	0	329	312
357	304	97	20	0	1572	90	0	520	329
358	196	462	10	0	1516	90	0	761	301
359	224	191	20	0	1670	90	0	804	378
360	37	51	10	0	1443	90	0	763	265
361	491	25	10	0	1405	90	0	858	244
362	270	401	20	217	268	90	0	86	28
363	474	461	30	0	1427	90	0	397	253
364	66	448	10	0	1464	90	0	729	251
365	337	241	-20	0	1647	90	207	0	342
366	269	46	-20	0	1530	90	197	0	300
367	22	41	-20	1110	1164	90	121	0	53
368	198	271	20	0	1678	90	0	444	381
369	287	43	10	0	1524	90	0	838	303
370	446	63	-10	0	1464	90	825	0	30
371	200	229	-10	0	1680	90	519	0	357
372	48	72	-30	0	1465	90	564	0	265
373	465	142	-30	0	1494	90	892	0	190
374	123	155	10	0	1576	90	0	159	329
375	16	497	20	0	1394	90	0	269	240
376	220	319	30	0	1659	90	0	817	373
377	484	171	-20	680	736	90	296	0	99
378	55	431	-20	0	1468	90	571	0	277
379	428	24	10	0	1447	90	0	184	262
380	80	342	10	193	275	90	0	912	20
381	16	68	20	521	617	0	0	1032	80
382	124	56	-10	0	1503	90	749	0	282
383	95	218	20	873	927	90	0	778	192
384	481	26	30	0	1413	90	0	288	244
385	145	434	20	462	514	90	0	516	75
386	335	57	-10	0	1524	90	909	0	303
387	26	490	10	0	1406	90	0	489	51
388	324	127	-20	0	1591	90	321	0	80
389	109	114	10	829	871	90	0	705	168
390	72	148	-10	0	1529	90	786	0	305
391	220	392	20	970	1015	90	0	13	217
392	442	243	10	0	1542	90	0	101	314
393	69	336	20	440	507	90	0	89	76
394	131	226	-20	0	1613	90	119	0	121
395	150	204	20	0	1624	90	0	77	352
396	423	217	-30	0	1558	90	721	0	77
397	419	459	-30	0	1466	90	363	0	253
398	285	163	-20	0	1641	90	774	0	362
399	203	7	20	0	1487	90	0	98	287
400	54	445	10	0	1458	90	0	178	143
401	109	463	-10	0	1479	90	331	0	281
402	355	180	-20	0	1608	90	670	0	148
403	13	455	10	381	430	90	0	350	29
404	165	337	-40	0	1613	90	981	0	15
405	314	124	-10	0	1593	90	32	0	31
406	9	124	20	0	1463	90	0	196	271
407	3	292	20	404	457	90	0	53	51
408	16	462	10	935	986	90	0	845	167
409	189	464	-20	0	1512	90	535	0	14
410	288	154	-40	0	1631	90	985	0	14
411	90	296	-20	0	1568	90	17	0	76
412	138	438	-30	0	1516	90	816	0	300
413	13	459	-20	0	1419	90	887	0	251
414	461	8	20	0	1413	90	0	292	250
415	96	97	-20	0	1517	90	627	0	300
416	68	99	10	0	1498	90	0	308	292
417	146	205	-20	0	1621	90	186	0	354
418	117	152	20	0	1569	90	0	291	328
419	481	96	-30	526	577	90	164	0	52
420	338	260	-20	0	1646	90	598	0	332
421	285	44	10	0	1526	90	0	792	292
422	111	464	10	0	1479	90	0	944	283
423	468	291	30	0	1513	90	0	255	299
424	148	206	-20	0	1623	90	728	0	355
425	184	464	10	285	344	90	0	158	30
426	197	11	-20	0	1490	90	594	0	166
427	396	410	-20	829	880	90	206	0	143
428	133	53	20	0	1505	90	0	462	285
429	132	30	20	875	926	0	0	1033	169
430	464	13	20	853	906	90	0	802	146
431	100	394	-20	0	1527	90	176	0	276
432	483	22	10	0	1409	90	0	447	247
433	93	235	-10	0	1577	90	227	0	330
434	174	26	-10	0	1498	90	765	0	292
435	436	264	20	0	1548	90	0	162	317
436	24	492	10	0	1403	90	0	490	244
437	406	94	-10	375	430	90	989	0	29
438	234	246	-10	0	1718	90	116	0	336
439	315	287	30	0	1660	90	0	893	159
440	408	453	10	0	1477	90	0	342	282
441	128	225	-30	0	1610	90	781	0	342
442	226	191	-20	0	1671	90	278	0	28
443	391	407	-20	0	1523	90	486	0	283
444	198	264	-20	0	1681	90	368	0	381
445	179	7	20	0	1481	90	0	634	282
446	425	215	10	0	1556	90	0	741	236
447	483	27	-10	0	1412	90	432	0	247
448	22	40	-10	0	1425	90	966	0	256
449	479	176	20	0	1494	90	0	602	288
450	476	102	-20	0	1464	90	323	0	272
451	386	405	-10	0	1528	90	578	0	306
452	22	38	20	0	1423	0	0	1002	277
453	440	241	-10	0	1544	90	254	0	51
454	182	14	-30	0	1489	90	92	0	284
455	266	405	-10	680	745	90	621	0	123
456	357	181	20	367	441	90	0	263	78
457	395	332	-20	593	648	90	339	0	97
458	423	290	10	0	1557	90	0	881	217
459	104	28	20	0	1469	90	0	682	276
460	131	56	10	0	1507	90	0	569	284
461	111	110	20	0	1537	90	0	316	31
462	97	93	-20	0	1515	90	428	0	285
463	90	274	-10	0	1573	90	699	0	330
464	214	394	-20	0	1586	90	815	0	17
465	6	114	-10	0	1455	90	509	0	121
466	375	191	-20	0	1596	90	31	0	339
467	356	21	20	414	452	90	0	333	49
468	466	165	30	0	1502	90	0	779	295
469	415	223	20	0	1567	90	0	890	6
470	397	20	20	0	1462	90	0	693	272
471	241	403	10	686	744	0	0	1036	147
472	69	334	30	0	1535	90	0	20	61
473	152	210	-10	0	1629	90	90	0	121
474	67	335	20	0	1533	90	0	688	309
475	126	30	10	0	1482	90	0	667	284
476	390	423	-20	0	1512	90	747	0	270
477	285	162	-20	625	688	90	5	0	124
478	285	158	30	340	405	90	0	856	76
479	406	96	20	280	342	90	0	746	30
480	459	374	20	0	1491	90	0	833	289
481	67	109	-20	0	1503	90	641	0	277
482	468	475	10	0	1421	90	0	993	250
483	438	31	-20	0	1446	90	100	0	248
484	168	24	10	0	1494	90	0	48	75
485	267	394	10	0	1589	90	0	751	326
486	406	450	20	0	1481	90	0	443	283
487	460	288	-10	0	1521	90	141	0	145
488	224	203	20	0	1681	90	0	898	370
489	21	487	-10	582	629	90	387	0	51
490	21	488	-10	0	1404	90	436	0	244
491	87	217	10	0	1568	90	0	545	327
492	67	452	30	0	1462	90	0	579	269
493	119	223	-20	853	906	90	604	0	166
494	398	428	10	0	1503	90	0	7	294
495	344	262	20	0	1640	90	0	951	363
496	390	301	-30	0	1585	90	166	0	335
497	167	27	30	0	1497	90	0	975	168
498	236	247	20	0	1720	0	0	1021	426
499	313	119	30	0	1589	90	0	983	337
500	13	51	10	0	1425	90	0	80	256
501	200	13	10	0	1492	90	0	503	165
502	0	120	30	0	1453	0	0	1014	292
503	202	4	-10	950	1004	90	501	0	165
504	343	144	10	0	1593	90	0	3	335
505	94	383	10	636	687	90	0	317	120
506	250	411	30	0	1573	90	0	260	143
507	464	134	20	0	1491	90	0	144	288
508	443	237	20	0	1541	90	0	860	313
509	4	114	10	712	769	90	0	465	121
510	169	336	-10	0	1616	90	782	0	121
511	200	178	20	240	298	90	0	915	52
512	412	453	-10	0	1475	90	302	0	170
513	121	151	-20	0	1572	90	234	0	295
514	403	93	-20	0	1515	90	550	0	195
515	399	301	-20	0	1577	90	617	0	332
516	97	387	-20	823	869	90	385	0	75
517	176	8	10	0	1481	90	0	624	101
518	62	326	-10	0	1532	90	44	0	30
519	151	207	10	0	1627	90	0	371	357
520	299	98	-20	0	1575	90	357	0	329
521	334	240	30	0	1650	90	0	996	368
522	92	270	-10	0	1575	90	530	0	331
523	444	269	-20	0	1540	90	651	0	288
524	132	223	30	0	1613	90	0	679	28
525	428	25	-20	0	1448	90	177	0	266
526	413	421	10	768	828	90	0	346	147
527	382	498	10	0	1454	90	0	636	142
528	391	429	20	0	1507	0	0	1038	319
529	398	97	10	264	344	90	0	780	32
530	192	265	10	0	1675	90	0	522	331
531	438	26	10	0	1442	90	0	195	264
532	44	79	10	0	1467	90	0	33	8
533	137	290	10	0	1615	90	0	577	350
534	446	319	30	0	1527	90	0	314	306
535	175	487	20	248	308	90	0	409	14
536	26	45	30	0	1431	90	0	257	7
537	147	435	-30	0	1523	90	149	0	291
538	111	459	20	0	1483	90	0	160	285
539	472	132	-20	767	826	90	982	0	15
540	349	158	-20	0	1599	90	766	0	75
541	86	268	-10	0	1570	90	906	0	121
542	415	216	-10	0	1566	90	733	0	323
543	121	218	20	191	257	90	0	742	31
544	210	185	20	0	1658	90	0	596	284
545	98	215	-10	0	1579	90	491	0	327
546	484	174	-40	0	1488	90	175	0	14
547	328	458	10	0	1512	90	0	552	194
548	313	126	-40	0	1595	90	137	0	306
549	390	415	-20	0	1518	90	104	0	288
550	459	17	20	1039	1094	90	0	514	195
551	481	124	-30	505	571	90	94	0	53
552	386	414	-10	1109	1162	90	547	0	194
553	116	466	20	0	1480	90	0	974	282
554	468	295	10	0	1512	0	0	1011	322
555	391	426	10	0	1509	90	0	558	298
556	408	279	-20	0	1574	90	273	0	330
557	15	68	10	448	508	90	0	215	52
558	392	424	-10	0	1510	90	555	0	298
559	88	95	-20	0	1510	90	698	0	297
560	116	151	20	774	836	90	0	562	167
561	240	250	10	0	1724	0	0	1027	428
562	123	159	-20	0	1578	90	560	0	167
563	89	290	20	0	1569	90	0	27	326
564	39	50	30	0	1444	90	0	372	265
565	359	179	-20	0	1604	90	193	0	342
566	338	257	20	0	1646	90	0	21	366
567	92	236	20	0	1576	90	0	862	330
568	413	417	-20	1135	1207	90	223	0	170
569	91	101	-10	0	1517	90	460	0	284
570	55	449	20	0	1456	90	0	865	270
571	57	425	20	0	1474	90	0	378	277
572	465	287	10	0	1516	90	0	829	299
573	320	280	-30	221	298	90	72	0	32
574	322	468	20	0	1505	90	0	897	123
575	483	458	-10	656	708	90	45	0	75
576	312	267	-20	0	1670	90	69	0	28
577	139	291	-10	0	1616	90	533	0	350
578	388	408	10	0	1525	90	0	451	306
579	110	459	-30	0	1483	90	492	0	269
580	459	372	-10	0	1492	90	684	0	289
581	204	269	30	49	98	90	0	933	12
582	407	98	10	0	1516	90	0	740	301
583	335	256	-10	890	962	90	694	0	193
584	471	484	10	0	1413	90	0	864	248
585	339	244	-20	0	1645	90	619	0	322
586	89	272	-20	0	1572	90	811	0	329
587	488	96	-10	0	1451	90	831	0	267
588	316	286	-30	601	662	90	613	0	98
589	235	50	-40	813	896	90	64	0	144
590	316	258	-10	0	1668	90	649	0	123
591	425	288	-10	0	1555	90	924	0	321
592	213	397	-20	0	1583	90	771	0	333
593	113	156	-20	0	1568	90	953	0	145
594	199	9	20	853	911	90	0	426	166
595	463	167	-10	0	1506	90	847	0	167
596	129	27	-20	0	1481	90	544	0	284
597	248	404	-40	0	1580	90	238	0	333
598	405	276	20	0	1577	90	0	420	332
599	400	288	30	0	1580	90	0	717	332
600	61	156	-10	462	532	90	869	0	57
601	393	20	20	0	1464	0	0	1008	298
602	484	177	-20	0	1489	90	449	0	288
603	108	116	-10	0	1539	90	907	0	147
604	112	217	20	0	1593	90	0	493	166
605	389	404	-10	0	1527	90	837	0	53
606	102	391	20	0	1530	90	0	652	308
607	434	26	10	0	1445	90	0	791	238
608	488	26	30	0	1408	90	0	839	247
609	477	120	10	968	1026	90	0	843	191
610	126	220	20	0	1607	90	0	298	78
611	439	310	-30	0	1536	90	807	0	309
612	212	319	30	0	1656	90	0	904	371
613	320	283	30	421	471	90	0	588	98
614	17	459	-20	0	1421	90	812	0	216
615	236	213	20	0	1695	90	0	988	386
616	68	108	10	0	1504	90	0	895	291
617	390	294	20	0	1588	90	0	515	332
618	275	42	30	0	1525	90	0	63	306
619	423	214	20	0	1558	90	0	585	322
620	460	367	20	0	1494	90	0	960	290
621	272	402	10	0	1581	90	0	455	123
622	478	102	-20	0	1463	90	806	0	266
623	400	260	40	150	212	90	0	228	15
624	181	6	-10	678	753	90	517	0	101
625	470	475	30	0	1420	90	0	990	250
626	245	408	-10	585	652	90	772	0	74
627	93	96	20	0	1515	90	0	415	300
628	218	318	-20	0	1659	90	130	0	373
629	441	265	-20	0	1543	90	899	0	300
630	21	64	20	0	1439	90	0	236	263
631	356	23	20	0	1484	90	0	88	281
632	267	44	-20	0	1528	90	648	0	12
633	277	50	10	0	1533	90	0	324	307
634	182	4	-20	0	1479	90	445	0	282
635	26	36	-10	0	1425	90	247	0	253
636	384	491	-10	897	948	90	527	0	142
637	418	290	-20	1172	1221	90	307	0	238
638	321	277	10	0	1659	90	0	947	98
639	358	16	30	596	641	90	0	229	95
640	389	334	-20	0	1572	90	854	0	329
641	48	78	20	0	1469	90	0	481	277
642	24	68	20	0	1444	90	0	310	266
643	206	225	-30	0	1684	90	977	0	308
644	290	141	-10	645	709	90	30	0	122
645	439	15	-40	0	1433	90	139	0	258
646	359	182	20	0	1606	90	0	120	341
647	413	287	-20	0	1567	90	976	0	322
648	230	49	20	201	253	90	0	632	12
649	407	280	10	595	653	90	0	590	123
650	459	295	-20	0	1521	90	233	0	300
651	468	199	20	0	1511	90	0	523	288
652	101	384	-20	0	1534	90	606	0	308
653	170	26	10	0	1497	90	0	262	274
654	197	270	-20	0	1678	90	52	0	382
655	415	289	20	169	228	90	0	770	14
656	203	390	40	0	1587	90	0	78	337
657	443	272	10	0	1540	90	0	221	275
658	210	391	30	0	1588	90	0	168	334
659	363	22	-20	0	1480	90	76	0	18
660	352	176	20	0	1608	90	0	41	339
661	212	223	-10	0	1688	90	844	0	385
662	8	120	-10	0	1460	90	927	0	99
663	244	250	-20	0	1728	90	125	0	349
664	18	484	-30	0	1405	90	49	0	245
665	379	82	-30	0	1523	90	696	0	295
666	84	346	-10	0	1543	90	681	0	276
667	233	207	-10	0	1688	90	475	0	284
668	344	62	-20	1208	1274	90	212	0	227
669	20	489	-30	856	901	90	79	0	119
670	361	181	20	662	723	90	0	402	148
671	174	494	10	0	1479	90	0	345	283
672	49	76	-20	0	1469	90	894	0	147
673	390	325	30	883	929	90	0	735	192
674	7	118	-20	0	1458	90	871	0	215
675	107	26	-30	0	1469	90	872	0	276
676	312	270	-20	0	1669	90	155	0	377
677	399	102	20	0	1524	90	0	26	297
678	109	108	10	0	1534	0	0	1013	333
679	115	218	-30	298	341	90	524	0	28
680	88	287	-10	0	1568	90	189	0	173
681	54	424	10	0	1472	90	0	666	276
682	125	32	-20	0	1483	90	459	0	276
683	199	12	-10	0	1491	90	344	0	289
684	457	374	10	0	1493	90	0	580	289
685	391	413	-10	0	1519	90	354	0	123
686	304	102	30	0	1577	90	0	353	329
687	391	293	-20	0	1587	90	55	0	323
688	66	336	-20	0	1531	90	474	0	309
689	132	291	-20	0	1610	90	285	0	19
690	18	462	-40	0	1420	90	731	0	236
691	347	62	10	0	1523	90	0	319	299
692	466	142	10	0	1493	90	0	995	139
693	389	17	-20	0	1463	90	470	0	272
694	342	254	10	0	1642	90	0	583	193
695	92	223	-30	0	1574	90	66	0	12
696	404	83	30	0	1507	90	0	665	295
697	290	46	-40	0	1527	90	814	0	307
698	95	92	20	0	1513	90	0	559	297
699	200	265	10	0	1682	90	0	463	330
700	435	16	-20	0	1436	90	14	0	77
701	25	499	10	0	1399	90	0	16	95
702	319	260	20	0	1665	90	0	737	374
703	116	225	-30	0	1598	90	880	0	341
704	402	284	-10	313	367	90	755	0	29
705	108	105	-10	0	1532	90	389	0	168
706	386	13	-20	0	1461	90	182	0	30
707	472	129	10	312	383	90	0	928	32
708	132	57	20	396	443	90	0	852	54
709	43	71	40	0	1461	90	0	74	273
710	493	91	30	542	599	90	0	58	77
711	12	451	20	0	1423	90	0	237	252
712	201	188	10	0	1655	90	0	322	6
713	60	428	20	1059	1137	90	0	857	219
714	243	248	30	0	1727	90	0	745	385
715	230	197	-20	0	1678	90	808	0	382
716	389	11	20	0	1458	90	0	145	271
717	401	281	-30	0	1580	90	599	0	332
718	459	14	20	372	439	90	0	326	30
719	411	95	30	475	521	90	0	917	74
720	0	297	10	679	737	90	0	2	120
721	476	196	30	476	544	90	0	396	77
722	458	16	20	0	1421	90	0	334	251
723	92	230	-10	0	1575	90	819	0	17
724	432	24	-20	0	1444	90	135	0	265
725	215	317	10	0	1659	90	0	855	370
726	371	192	-10	0	1600	90	167	0	324
727	481	20	20	0	1409	90	0	853	246
728	152	207	20	0	1627	90	0	424	355
729	14	459	-10	0	1419	90	364	0	251
730	361	17	20	777	832	90	0	42	143
731	8	497	40	0	1389	90	0	690	236
732	206	186	-20	891	955	90	979	0	195
733	421	218	10	0	1561	90	0	542	323
734	402	264	20	0	1582	90	0	776	75
735	388	325	-30	0	1577	90	673	0	192
736	35	304	-20	0	1513	90	34	0	299
737	321	263	-20	0	1662	90	702	0	374
738	444	313	-30	0	1531	90	940	0	31
739	188	462	-20	0	1514	90	134	0	286
740	400	103	-10	0	1524	90	582	0	301
741	418	221	-10	1150	1223	90	446	0	236
742	112	219	-20	0	1593	90	543	0	31
743	408	452	-20	490	564	90	962	0	54
744	30	301	10	660	726	90	0	61	125
745	205	228	-30	0	1684	90	714	0	385
746	407	88	-20	0	1509	90	479	0	30
747	380	489	20	0	1462	90	0	476	270
748	395	331	-20	0	1568	90	783	0	327
749	133	26	10	0	1482	90	0	382	282
750	21	68	20	0	1442	90	0	834	262
751	313	282	-10	0	1664	90	485	0	326
752	53	440	10	0	1461	90	0	170	269
753	458	130	20	0	1494	90	0	194	287
754	437	15	-20	0	1434	90	955	0	256
755	400	286	10	0	1580	90	0	704	29
756	346	144	10	0	1591	90	0	343	339
757	440	244	-20	809	874	90	112	0	146
758	280	162	-30	158	210	90	286	0	4
759	488	173	20	0	1484	90	0	299	286
760	326	118	10	213	272	90	0	930	29
761	207	400	-10	0	1578	90	358	0	301
762	391	18	10	0	1463	90	0	203	272
763	37	55	-10	0	1446	90	360	0	265
764	204	15	-10	0	1495	90	879	0	28
765	173	28	10	0	1500	90	0	434	292
766	343	148	20	399	441	90	0	540	75
767	231	43	-10	447	513	90	949	0	30
768	445	273	20	725	781	90	0	87	146
769	432	27	-10	0	1447	90	54	0	266
770	439	305	-20	0	1538	90	655	0	14
771	208	396	20	0	1583	90	0	592	333
772	249	407	10	403	455	90	0	626	74
773	107	112	-10	0	1536	90	47	0	124
774	279	159	20	0	1639	90	0	398	362
775	376	494	30	0	1460	90	0	147	270
776	403	262	-20	493	547	90	734	0	75
777	41	47	20	359	406	90	0	805	28
778	96	213	-20	0	1576	90	383	0	192
779	461	167	-30	0	1508	90	468	0	295
780	391	99	-10	0	1528	90	529	0	32
781	116	221	30	0	1597	90	0	441	342
782	165	343	10	556	613	90	0	510	121
783	388	334	20	0	1573	90	0	748	327
784	130	57	40	289	365	90	0	903	34
785	422	409	10	234	290	90	0	56	13
786	66	156	10	0	1528	90	0	390	305
787	485	86	20	0	1448	90	0	961	264
788	389	428	-20	0	1509	90	123	0	286
789	117	467	10	0	1480	90	0	103	283
790	475	477	-20	0	1415	90	809	0	248
791	429	27	-10	1272	1339	90	607	0	238
792	339	60	-10	0	1525	90	421	0	292
793	381	494	-20	0	1458	90	245	0	122
794	218	321	-10	0	1657	90	971	0	372
795	64	101	-10	667	724	90	876	0	98
796	343	254	-30	0	1641	90	992	0	335
797	478	464	-10	0	1422	90	280	0	250
798	423	286	20	0	1558	90	0	51	322
799	198	9	-20	0	1488	90	156	0	286
800	225	196	10	128	174	90	0	211	28
801	374	190	-30	0	1597	90	987	0	341
802	462	14	-20	0	1417	90	430	0	146
803	347	54	-20	0	1516	90	151	0	53
804	231	195	-20	0	1676	90	359	0	378
805	72	96	-20	0	1499	90	777	0	28
806	489	87	20	0	1445	90	0	622	266
807	443	313	30	0	1531	90	0	611	309
808	233	204	20	0	1685	90	0	715	382
809	477	483	20	0	1409	90	0	790	248
810	459	368	-10	0	1494	90	841	0	289
811	95	277	20	0	1577	90	0	586	329
812	16	460	20	1112	1180	90	0	614	216
813	100	266	-10	0	1584	90	174	0	192
814	288	53	40	0	1534	90	0	697	307
815	211	386	20	141	212	90	0	464	17
816	144	439	30	0	1518	90	0	412	300
817	224	314	-30	0	1665	90	376	0	373
818	79	291	10	0	1559	90	0	938	323
819	95	235	10	155	227	90	0	723	17
820	7	123	30	0	1460	90	0	222	270
821	91	217	10	692	738	90	0	129	143
822	105	27	-10	0	1469	90	190	0	14
823	101	385	-20	0	1533	90	258	0	310
824	238	210	-20	757	821	90	923	0	168
825	439	67	10	322	386	90	0	370	30
826	435	267	20	0	1549	90	0	250	316
827	443	64	30	0	1466	90	0	270	276
828	92	234	10	0	1576	90	0	71	330
829	450	265	-10	0	1534	90	572	0	299
830	102	27	20	796	852	90	0	50	146
831	492	94	10	0	1447	90	0	587	267
832	440	63	-20	0	1468	90	868	0	275
833	453	367	-20	0	1500	90	480	0	289
834	15	69	-20	0	1438	90	750	0	262
835	489	17	10	0	1401	90	0	994	214
836	335	255	20	0	1649	90	0	199	116
837	419	418	10	394	454	90	0	605	53
838	292	41	-10	0	1521	90	369	0	303
839	489	27	-30	0	1408	90	608	0	247
840	96	270	-10	0	1579	90	886	0	330
841	461	369	10	0	1492	90	0	810	289
842	105	22	30	0	1464	90	0	235	274
843	479	121	-10	0	1472	90	609	0	191
844	207	223	10	0	1684	90	0	661	385
845	17	458	-10	1297	1360	90	408	0	167
846	186	7	-10	0	1483	90	201	0	283
847	465	168	10	837	902	90	0	595	167
848	416	288	-10	0	1564	90	224	0	53
849	388	418	10	217	283	90	0	68	16
850	92	233	-10	768	830	90	246	0	51
851	179	492	-10	678	752	90	978	0	102
852	132	55	-20	0	1507	90	708	0	54
853	485	24	-20	0	1408	90	727	0	246
854	388	331	20	0	1574	90	0	640	329
855	217	323	-10	0	1654	90	725	0	370
856	281	164	-30	0	1643	90	478	0	76
857	169	340	-20	0	1613	90	713	0	219
858	491	20	-10	0	1401	90	361	0	244
859	279	42	-20	0	1524	90	261	0	303
860	439	243	-20	0	1545	90	508	0	313
861	391	334	20	402	470	90	0	325	76
862	96	244	-20	0	1580	90	567	0	330
863	441	273	20	903	972	90	0	330	194
864	477	478	-10	0	1413	90	584	0	248
865	56	434	-20	0	1467	90	570	0	270
866	12	463	20	0	1415	90	0	970	251
867	458	164	-10	0	1509	90	913	0	286
868	446	65	20	0	1465	90	0	832	275
869	71	156	10	0	1532	90	0	600	57
870	65	153	30	0	1526	0	0	1006	329
871	8	118	20	1079	1138	90	0	674	215
872	102	29	30	0	1469	90	0	675	276
873	315	265	10	0	1668	90	0	248	219
874	343	62	10	0	1525	90	0	941	305
875	384	16	-20	0	1465	90	232	0	273
876	67	105	10	0	1501	90	0	795	98
877	478	118	20	0	1471	90	0	942	120
878	73	101	20	0	1503	0	0	1023	317
879	200	14	10	311	356	90	0	764	28
880	114	225	30	0	1596	90	0	703	341
881	460	293	-10	1121	1176	90	458	0	217
882	51	447	10	438	501	0	0	1004	55
883	418	295	20	0	1561	90	0	220	322
884	282	139	20	0	1619	90	0	305	27
885	477	122	10	886	924	90	0	111	165
886	91	266	10	0	1575	90	0	840	330
887	16	463	20	0	1418	90	0	413	251
888	228	199	-20	673	746	90	926	0	150
889	435	20	20	0	1439	90	0	205	262
890	467	195	-20	285	344	90	469	0	6
891	469	132	10	0	1486	0	0	1020	309
892	465	136	30	964	1007	90	0	373	190
893	246	255	-30	818	877	90	439	0	159
894	49	75	20	810	857	90	0	672	147
895	66	98	-10	0	1496	90	616	0	291
896	166	32	10	296	352	90	0	198	29
897	326	466	-20	753	817	90	574	0	123
898	202	186	-20	0	1654	90	488	0	370
899	467	285	20	0	1515	90	0	629	300
900	290	136	20	0	1614	90	0	25	350
901	341	58	-20	0	1522	90	38	0	12
902	121	219	20	0	1602	90	0	282	344
903	107	35	-40	986	1041	90	784	0	34
904	216	319	-30	0	1658	90	612	0	371
905	134	288	-30	0	1612	90	249	0	348
906	89	270	10	590	647	90	0	541	121
907	136	52	10	759	817	90	0	603	147
908	462	167	20	0	1507	90	0	952	295
909	340	54	10	0	1519	90	0	386	303
910	80	286	10	0	1561	90	0	46	323
911	38	301	-20	0	1516	90	922	0	300
912	25	307	-10	0	1502	90	380	0	20
913	470	139	10	0	1488	90	0	867	286
914	270	400	10	151	213	90	0	969	15
915	204	187	-20	803	857	90	511	0	52
916	460	171	-10	937	994	90	133	0	157
917	399	106	-30	0	1527	90	719	0	74
918	197	267	10	582	626	90	0	140	142
919	77	350	10	997	1058	90	0	4	214
920	91	231	30	0	1574	90	0	943	330
921	398	103	30	0	1526	90	0	163	296
922	35	303	20	0	1513	90	0	911	300
923	231	204	20	0	1685	90	0	824	168
924	311	266	10	0	1671	90	0	591	321
925	416	420	-20	0	1497	90	132	0	290
926	231	203	20	0	1684	90	0	888	150
927	4	116	10	618	678	90	0	662	99
928	417	217	-10	0	1564	90	707	0	32
929	268	52	10	1003	1079	90	0	192	220
930	345	144	-10	568	640	90	760	0	29
931	368	85	-20	0	1532	90	340	0	309
932	441	65	10	0	1469	0	0	1007	300
933	201	270	-30	0	1682	90	581	0	12
934	0	293	-10	591	637	90	181	0	28
935	167	24	20	0	1494	90	0	244	290
936	186	464	10	0	1511	90	0	332	53
937	7	292	10	246	306	90	0	126	14
938	80	290	-10	0	1560	90	818	0	323
939	405	455	-30	0	1477	90	267	0	31
940	439	312	30	257	324	90	0	738	31
941	300	108	-10	0	1584	90	874	0	305
942	478	121	-20	788	840	90	877	0	120
943	92	232	-30	0	1575	90	920	0	330
944	111	463	-10	0	1480	90	422	0	283
945	132	294	20	0	1609	90	0	225	209
946	134	285	20	0	1613	90	0	153	328
947	316	284	-10	510	570	90	638	0	98
948	56	428	-30	0	1471	90	958	0	279
949	232	47	10	262	327	90	0	767	30
950	466	291	-10	0	1515	90	1	0	31
951	341	257	-20	0	1643	90	495	0	363
952	420	213	-20	0	1561	90	908	0	295
953	116	152	20	678	750	90	0	593	145
954	163	337	10	0	1611	90	0	256	348
955	440	7	20	0	1426	90	0	754	256
956	208	222	30	667	734	0	0	1009	170
957	485	95	10	281	351	90	0	179	17
958	97	385	30	0	1530	90	0	948	279
959	462	367	-20	0	1492	90	304	0	146
960	455	365	-20	0	1499	90	620	0	290
961	492	95	-20	0	1447	90	787	0	264
962	405	450	20	0	1481	90	0	743	54
963	371	193	-10	0	1601	90	276	0	340
964	234	202	10	0	1684	90	0	82	288
965	404	103	-20	0	1522	90	37	0	297
966	24	41	10	0	1427	90	0	448	256
967	67	334	20	532	600	90	0	315	99
968	207	227	10	0	1686	90	0	23	349
969	277	403	-10	395	464	90	914	0	15
970	15	457	-20	0	1421	90	866	0	251
971	217	319	10	0	1658	90	0	794	372
972	111	467	20	597	647	90	0	106	97
973	378	493	-20	426	487	90	28	0	30
974	112	465	-20	0	1479	90	553	0	282
975	173	25	-30	952	1007	90	497	0	168
976	421	292	20	0	1558	90	0	647	322
977	74	146	30	0	1530	90	0	643	308
978	178	491	10	0	1483	90	0	851	102
979	204	185	20	0	1655	90	0	732	195
980	319	470	10	0	1504	90	0	202	293
981	163	331	40	118	179	90	0	404	15
982	470	125	20	253	316	90	0	539	15
983	315	121	-30	0	1590	90	499	0	337
984	166	34	20	0	1503	90	0	214	284
985	284	140	40	115	172	90	0	410	14
986	85	288	20	329	386	90	0	138	54
987	376	190	30	0	1595	90	0	801	341
988	238	203	-20	0	1686	90	615	0	386
989	399	104	10	0	1526	90	0	437	29
990	472	481	-30	0	1414	90	625	0	250
991	46	74	-30	0	1465	90	209	0	54
992	401	255	30	0	1583	90	0	796	335
993	475	480	-10	0	1413	90	482	0	250
994	485	27	-10	1231	1291	90	835	0	214
995	476	174	-10	874	924	90	692	0	139
996	330	242	-30	0	1654	90	521	0	368
997	332	249	30	82	144	90	0	312	15
998	375	80	10	550	598	90	0	259	96
999	94	235	-10	0	1578	90	161	0	331
1000	287	144	20	0	1622	0	0	1030	377
1001	118	157	-20	0	1573	90	57	0	352
1002	22	38	-20	0	1423	90	452	0	277
1003	87	96	-30	0	1510	90	172	0	321
1004	51	447	-10	438	501	90	882	0	55
1005	270	49	-30	925	970	90	12	0	192
1006	65	153	-30	0	1526	90	870	0	329
1007	441	65	-10	0	1469	90	932	0	300
1008	393	20	-20	0	1464	90	601	0	298
1009	208	222	-30	667	734	90	956	0	170
1010	470	290	-10	0	1511	90	85	0	321
1011	468	295	-10	0	1512	90	554	0	322
1012	52	432	-20	0	1466	90	275	0	299
1013	109	108	-10	0	1534	90	678	0	333
1014	0	120	-30	0	1453	90	502	0	292
1015	440	247	-20	0	1544	90	29	0	338
1016	215	395	-20	0	1585	90	281	0	358
1017	338	142	-40	204	256	90	294	0	29
1018	92	216	-10	0	1573	90	150	0	352
1019	380	498	-10	523	582	90	188	0	75
1020	469	132	-10	0	1486	90	891	0	309
1021	236	247	-20	0	1720	90	498	0	426
1022	348	147	-10	0	1592	90	230	0	362
1023	73	101	-20	0	1503	90	878	0	317
1024	244	254	-20	0	1727	90	311	0	429
1025	76	345	-30	0	1536	90	9	0	334
1026	6	296	-10	0	1486	90	265	0	309
1027	240	250	-10	0	1724	90	561	0	428
1028	418	218	-20	0	1563	90	15	0	347
1029	404	264	-20	0	1580	90	107	0	356
1030	287	144	-20	0	1622	90	1000	0	377
1031	362	22	-20	0	1480	90	110	0	306
1032	16	68	-20	521	617	90	381	0	80
1033	132	30	-20	875	926	90	429	0	169
1034	367	83	-30	0	1531	90	173	0	331
1035	152	206	-10	0	1627	90	65	0	379
1036	241	403	-10	686	744	90	471	0	147
1037	467	114	-10	0	1478	90	290	0	305
1038	391	429	-20	0	1507	90	528	0	319

