250	200	1
0	250	250	0	0	1824	0	0	0
1	387	297	10	145	325	90	0	307	90
2	5	297	-20	896	1076	90	407	0	135
3	355	177	20	129	309	90	0	193	90
4	78	346	30	289	469	90	0	97	136
5	286	159	20	473	653	90	0	477	277
6	322	465	10	226	406	90	0	268	45
7	393	408	30	579	759	90	0	67	272
8	89	216	10	438	618	90	0	695	226
9	76	345	30	473	653	0	0	1031	227
10	410	285	20	438	618	90	0	598	227
11	472	189	-10	322	502	90	890	0	90
12	270	49	30	857	1037	90	0	929	417
13	219	325	-10	451	631	90	725	0	90
14	437	12	20	495	675	90	0	700	186
15	418	218	-30	912	1092	90	928	0	181
16	20	488	10	697	877	90	0	387	273
17	77	347	20	381	561	90	0	89	181
18	73	346	10	659	839	90	0	666	318
19	480	455	-10	1061	1241	90	797	0	90
20	129	292	-20	491	671	90	329	0	135
21	337	257	-20	744	924	90	796	0	180
22	237	254	-20	568	748	90	498	0	271
23	131	220	30	690	870	90	0	524	373
24	417	417	-20	897	1077	90	104	0	183
25	287	143	-20	680	860	90	900	0	275
26	379	80	-30	673	853	90	173	0	90
27	87	285	30	646	826	90	0	680	329
28	374	489	20	269	449	90	0	775	45
29	440	247	20	658	838	90	0	101	323
30	281	137	-40	303	483	90	305	0	137
31	379	196	20	599	779	0	0	1039	319
32	297	102	10	157	337	90	0	520	90
33	39	76	10	274	454	90	0	991	90
34	35	306	-30	314	494	90	736	0	90
35	435	68	10	259	439	0	0	1008	89
36	245	251	10	5	185	90	0	561	89
37	409	88	-20	595	775	90	204	0	228
38	273	55	20	196	376	90	0	63	89
39	163	340	-20	401	581	90	125	0	90
40	129	223	20	217	397	90	0	610	136
41	371	200	-10	789	969	90	279	0	274
42	357	26	20	1092	1272	90	0	874	511
43	470	473	-10	1156	1336	90	482	0	89
44	77	344	-10	197	377	90	380	0	45
45	478	461	-30	406	586	90	363	0	89
46	128	291	10	583	763	0	0	1043	317
47	111	113	10	573	753	90	0	560	278
48	164	21	-20	518	698	90	984	0	89
49	21	485	30	423	603	90	0	375	137
50	108	26	10	367	547	90	0	459	140
51	424	286	10	454	634	90	0	848	228
52	200	270	20	144	324	90	0	335	134
53	7	300	-10	990	1170	90	265	0	368
54	433	31	10	285	465	90	0	531	89
55	420	295	20	920	1100	90	0	637	462
56	451	367	-20	1075	1255	90	959	0	180
57	118	157	20	344	524	90	0	264	181
58	489	101	20	946	1126	0	0	1006	422
59	200	261	10	891	1071	90	0	140	509
60	476	483	-30	600	780	90	625	0	90
61	30	302	10	512	692	90	0	911	232
62	8	300	-10	1081	1261	90	181	0	90
63	275	45	-20	390	570	90	38	0	89
64	238	46	-20	670	850	90	198	0	274
65	152	206	-20	852	1032	90	728	0	416
66	99	218	30	154	334	90	0	545	45
67	393	410	-30	857	1037	90	7	0	272
68	480	460	20	498	678	90	0	295	183
69	337	256	-20	87	267	90	836	0	44
70	389	300	-20	239	419	90	231	0	89
71	90	237	20	1166	1346	90	0	862	592
72	321	280	30	79	259	90	0	947	90
73	417	218	10	1003	1183	0	0	1032	506
74	64	108	10	416	596	90	0	569	180
75	57	432	-20	913	1093	90	275	0	318
76	356	24	20	249	429	90	0	631	45
77	143	207	30	206	386	90	0	417	135
78	221	325	-10	543	723	90	904	0	183
79	22	483	30	325	505	90	0	490	89
80	24	65	-10	850	1030	90	593	0	271
81	141	431	30	303	483	90	0	160	135
82	202	9	10	1163	1343	0	0	1017	548
83	20	48	-10	1236	1416	90	367	0	458
84	457	163	20	225	405	0	0	1022	90
85	470	290	-10	775	955	90	289	0	183
86	268	400	-10	808	988	90	914	0	89
87	337	251	10	87	267	90	0	120	89
88	366	20	10	811	991	0	0	1011	366
89	72	344	-20	567	747	90	17	0	181
90	149	203	-20	485	665	90	473	0	89
91	55	428	20	449	629	90	0	378	182
92	189	7	30	251	431	90	0	200	90
93	397	18	10	457	637	90	0	203	181
94	481	122	30	540	720	90	0	942	227
95	20	73	10	290	470	90	0	557	89
96	54	430	20	541	721	90	0	431	227
97	74	350	-30	845	1025	90	4	0	136
98	202	8	-10	1072	1252	90	344	0	226
99	406	285	-10	344	524	90	755	0	91
100	460	2	-20	598	778	90	722	0	89
101	441	244	-20	842	1022	90	29	0	323
102	1	293	10	433	613	90	0	720	180
103	115	465	-20	347	527	90	553	0	90
104	422	420	20	428	608	90	0	24	183
105	75	347	10	751	931	90	0	919	365
106	141	428	20	208	388	90	0	385	89
107	404	264	-20	338	518	90	228	0	136
108	398	23	10	270	450	90	0	875	89
109	148	211	20	110	290	90	0	519	90
110	362	22	-20	995	1175	90	659	0	414
111	479	127	20	355	535	90	0	885	137
112	443	246	20	475	655	90	0	157	230
113	22	37	10	773	953	90	0	347	320
114	65	100	10	697	877	90	0	895	319
115	404	447	20	250	430	90	0	962	44
116	102	264	10	148	328	90	0	886	89
117	444	271	10	571	751	90	0	330	277
118	325	466	40	604	784	90	0	547	277
119	124	219	20	503	683	0	0	1041	276
120	335	243	-10	371	551	90	87	0	89
121	26	42	20	397	577	90	0	635	135
122	113	106	20	198	378	90	0	374	89
123	399	450	-10	924	1104	90	440	0	225
124	146	439	10	584	764	90	0	816	274
125	162	336	20	124	304	90	0	39	90
126	2	295	-30	711	891	90	934	0	225
127	122	35	10	250	430	90	0	682	89
128	346	60	-20	966	1146	90	145	0	319
129	93	213	30	343	523	90	0	297	180
130	218	316	20	73	253	90	0	612	89
131	116	156	-20	436	616	90	562	0	89
132	419	422	20	521	701	90	0	217	229
133	467	141	-10	516	696	90	373	0	136
134	187	491	-10	723	903	90	851	0	276
135	433	25	20	847	1027	90	0	232	368
136	286	137	10	398	578	90	0	644	229
137	370	82	-30	389	569	90	931	0	89
138	132	290	-10	768	948	90	577	0	89
139	435	11	40	302	482	90	0	724	89
140	206	261	-10	987	1167	90	59	0	509
141	428	291	-10	641	821	90	458	0	135
142	95	384	30	662	842	90	0	516	318
143	205	223	-10	428	608	90	745	0	90
144	463	140	-40	240	420	90	175	0	44
145	343	47	20	682	862	90	0	128	319
146	435	62	-10	1097	1277	90	171	0	459
147	387	488	-20	927	1107	90	245	0	274
148	121	157	10	159	339	90	0	291	89
149	182	463	-10	316	496	90	425	0	89
150	92	216	-30	716	896	90	778	0	135
151	370	83	20	298	478	90	0	998	136
152	444	242	-20	381	561	90	336	0	89
153	90	285	-10	921	1101	90	189	0	375
154	446	64	-20	542	722	90	868	0	180
155	312	264	-10	65	245	90	924	0	44
156	208	11	-20	1259	1439	90	399	0	456
157	442	247	-20	566	746	90	112	0	230
158	140	431	30	212	392	90	0	537	90
159	118	153	-20	898	1078	90	705	0	90
160	134	428	-30	873	1053	90	81	0	135
161	91	235	-20	1074	1254	90	567	0	501
162	406	257	10	526	706	90	0	992	274
163	377	76	20	579	759	0	0	1018	271
164	474	96	30	271	451	90	0	323	45
165	346	57	-10	873	1053	90	803	0	370
166	393	301	30	423	603	90	0	676	225
167	412	214	10	165	345	90	0	542	89
168	210	398	10	529	709	90	0	817	277
169	346	150	-30	883	1063	90	930	0	275
170	62	453	10	460	640	90	0	240	181
171	437	61	10	1005	1185	90	0	146	459
172	87	96	30	687	867	0	0	1035	321
173	367	83	30	205	385	90	0	26	90
174	91	268	-20	810	990	90	463	0	181
175	459	145	40	233	413	90	0	144	44
176	63	444	-10	1025	1205	90	216	0	272
177	433	27	20	571	751	90	0	601	231
178	60	454	-10	832	1012	90	364	0	89
179	478	99	10	556	736	90	0	622	231
180	485	454	-10	776	956	90	575	0	229
181	6	292	10	248	428	90	0	62	90
182	398	20	20	274	454	90	0	470	90
183	248	251	20	2	182	90	0	714	89
184	433	15	20	297	477	90	0	955	89
185	64	426	-20	1102	1282	90	713	0	463
186	154	207	20	944	1124	0	0	1038	509
187	481	456	-10	969	1149	90	302	0	370
188	380	498	-30	462	642	90	973	0	135
189	88	286	10	737	917	90	0	153	375
190	111	23	10	266	446	90	0	675	89
191	199	187	-20	372	552	90	278	0	90
192	269	48	-20	766	946	90	632	0	277
193	367	178	-20	505	685	90	3	0	90
194	452	163	30	219	399	90	0	779	89
195	431	28	-10	663	843	90	483	0	90
196	8	116	20	835	1015	0	0	1036	369
197	233	47	20	296	476	90	0	589	136
198	237	43	20	577	757	90	0	64	274
199	320	262	-10	530	710	90	224	0	137
200	188	4	-30	344	524	90	92	0	90
201	180	6	-20	716	896	90	624	0	275
202	328	466	-20	787	967	90	574	0	230
203	393	12	-10	554	734	90	93	0	181
204	409	90	20	503	683	90	0	37	228
205	406	87	-30	878	1058	90	696	0	367
206	394	407	-10	671	851	90	578	0	136
207	358	183	-20	879	1059	90	670	0	325
208	186	461	20	220	400	90	0	936	89
209	38	72	30	368	548	90	0	338	135
210	323	471	30	417	597	90	0	897	182
211	224	192	10	155	335	90	0	804	135
212	278	46	20	205	385	90	0	421	89
213	272	403	30	435	615	90	0	455	230
214	232	42	-10	482	662	90	767	0	181
215	18	63	10	664	844	90	0	630	272
216	58	458	10	648	828	90	0	176	272
217	416	417	-20	988	1168	90	132	0	229
218	205	230	30	143	323	90	0	844	136
219	65	453	30	367	547	90	0	349	136
220	421	294	-10	828	1008	90	591	0	273
221	434	245	-10	1307	1487	90	254	0	134
222	2	116	20	466	646	90	0	509	182
223	411	421	-20	800	980	90	925	0	278
224	315	260	10	160	340	90	0	199	137
225	136	288	-30	953	1133	90	249	0	181
226	173	490	20	344	524	90	0	671	135
227	90	232	-10	617	797	90	943	0	181
228	402	265	20	246	426	90	0	107	136
229	361	14	10	622	802	90	0	730	270
230	348	147	-10	790	970	90	343	0	230
231	385	295	20	142	322	90	0	70	89
232	394	23	-20	1209	1389	90	135	0	368
233	466	295	-10	963	1143	90	255	0	92
234	71	103	-20	1323	1503	90	795	0	273
235	125	29	30	528	708	90	0	596	227
236	25	65	10	941	1121	0	0	1052	414
237	58	449	-30	928	1108	90	492	0	90
238	246	398	40	148	328	90	0	287	89
239	423	294	10	736	916	90	0	647	368
240	59	459	-10	556	736	90	170	0	181
241	348	145	-10	698	878	90	306	0	89
242	477	97	10	368	548	90	0	419	137
243	307	102	-10	535	715	90	941	0	89
244	169	31	-10	327	507	90	896	0	90
245	381	495	20	647	827	90	0	147	274
246	95	234	10	248	428	90	0	723	136
247	22	33	-10	679	859	90	966	0	180
248	435	268	-20	1037	1217	90	523	0	232
249	135	293	30	305	485	90	0	225	181
250	439	266	10	190	370	90	0	629	90
251	269	402	-10	528	708	90	969	0	182
252	267	400	10	717	897	90	0	485	373
253	473	196	-30	513	693	90	721	0	183
254	445	237	10	285	465	90	0	221	134
255	461	284	10	218	398	90	0	233	92
256	167	339	10	589	769	90	0	510	323
257	26	43	10	306	486	90	0	448	90
258	101	386	20	292	472	90	0	317	135
259	342	54	20	495	675	90	0	668	229
260	243	399	-30	720	900	90	506	0	226
261	288	44	-10	584	764	90	369	0	230
262	274	48	10	296	476	90	0	366	136
263	360	184	-20	786	966	90	565	0	228
264	23	67	-20	1034	1214	90	57	0	181
265	6	296	10	805	985	90	0	53	368
266	249	258	30	852	1032	0	0	1033	511
267	421	415	30	240	420	90	0	837	91
268	319	468	-10	231	411	90	6	0	45
269	50	438	-20	662	842	90	350	0	90
270	440	61	-10	912	1092	90	932	0	135
271	17	65	20	572	752	0	0	1004	227
272	323	118	20	246	426	90	0	321	137
273	402	281	-30	815	995	90	599	0	89
274	71	153	20	691	871	90	0	869	333
275	52	432	20	726	906	90	0	75	318
276	378	199	-30	692	872	90	466	0	226
277	238	204	-10	510	690	90	964	0	227
278	208	184	20	79	259	90	0	191	90
279	376	195	10	506	686	90	0	41	274
280	473	475	-20	1062	1242	90	864	0	367
281	215	395	-40	807	987	90	739	0	301
282	123	222	-10	313	493	90	441	0	90
283	436	241	-10	1212	1392	90	392	0	460
284	70	100	10	1065	1245	0	0	1007	505
285	73	328	20	193	373	90	0	518	89
286	241	205	-10	603	783	90	988	0	275
287	250	405	-40	247	427	90	238	0	89
288	483	14	10	608	788	90	0	361	228
289	466	287	10	406	586	90	0	85	183
290	467	114	-20	1101	1281	90	450	0	325
291	120	159	-10	251	431	90	148	0	89
292	408	84	10	689	869	90	0	746	319
293	413	217	20	169	349	90	0	619	91
294	338	142	40	140	320	90	0	756	90
295	483	457	-20	683	863	90	68	0	183
296	479	169	20	714	894	90	0	995	325
297	95	224	-30	999	1179	90	129	0	180
298	122	216	-20	409	589	90	394	0	89
299	477	179	20	237	417	90	0	759	89
300	406	99	20	312	492	90	0	965	137
301	44	47	20	289	469	90	0	777	44
302	487	450	10	871	1051	90	0	187	370
303	172	488	-20	252	432	90	535	0	45
304	460	374	-20	702	882	90	580	0	273
305	279	138	40	211	391	90	0	30	137
306	338	147	10	135	315	90	0	241	89
307	395	295	-10	616	796	90	1	0	90
308	195	185	20	277	457	90	0	898	185
309	463	194	20	220	400	90	0	741	89
310	30	72	-10	1272	1452	90	360	0	229
311	244	254	20	665	845	90	0	893	418
312	317	261	20	346	526	0	0	1012	229
313	67	108	10	232	412	90	0	805	90
314	442	310	-30	581	761	90	940	0	90
315	63	336	-10	751	931	90	356	0	90
316	109	107	20	296	476	90	0	953	137
317	100	387	-20	384	564	90	258	0	135
318	494	94	-20	573	753	90	787	0	92
319	343	49	-10	590	770	90	901	0	138
320	40	52	-30	478	658	90	564	0	137
321	319	124	-20	343	523	90	272	0	137
322	94	97	-20	219	399	90	415	0	44
323	476	94	-30	275	455	90	164	0	45
324	283	47	10	306	486	90	0	697	140
325	398	325	30	718	898	90	0	735	366
326	460	13	20	407	587	90	0	802	135
327	305	107	20	630	810	90	0	348	328
328	188	12	30	245	425	90	0	634	89
329	136	290	20	212	392	90	0	20	135
330	439	268	-10	943	1123	90	117	0	277
331	112	467	10	441	621	90	0	401	181
332	181	469	20	412	592	90	0	345	181
333	358	18	10	436	616	90	0	639	180
334	459	10	10	500	680	90	0	414	180
335	199	268	-20	236	416	90	52	0	134
336	436	237	20	186	366	90	0	152	89
337	318	280	-10	262	442	90	638	0	89
338	64	99	-30	788	968	90	209	0	135
339	394	333	20	439	619	90	0	748	226
340	366	93	-10	872	1052	90	665	0	366
341	95	391	10	851	1031	90	0	606	410
342	391	425	20	786	966	0	0	1023	370
343	344	146	10	422	602	90	0	230	230
344	198	12	10	517	697	90	0	98	226
345	186	472	-20	508	688	90	332	0	181
346	390	408	30	395	575	90	0	443	181
347	19	43	-10	1141	1321	90	113	0	320
348	307	108	-20	722	902	90	327	0	328
349	59	457	-30	739	919	90	219	0	136
350	49	451	20	285	465	90	0	269	90
351	125	39	20	245	425	90	0	475	89
352	61	147	40	308	488	90	0	600	136
353	317	123	20	435	615	90	0	983	235
354	392	426	10	604	784	90	0	552	278
355	237	213	-20	792	972	90	923	0	410
356	71	333	10	199	379	90	0	315	90
357	304	97	20	347	527	90	0	686	182
358	196	462	-10	889	1069	90	978	0	230
359	224	191	-20	246	426	90	488	0	89
360	37	51	10	571	751	90	0	310	229
361	491	25	-10	894	1074	90	288	0	228
362	270	401	20	152	332	90	0	621	89
363	474	461	30	307	487	90	0	45	89
364	66	448	10	270	450	90	0	178	89
365	337	241	-30	278	458	90	997	0	89
366	269	46	-10	674	854	90	262	0	136
367	22	41	10	1047	1227	90	0	83	458
368	198	271	20	329	509	90	0	530	226
369	287	43	10	492	672	90	0	261	230
370	446	63	-10	633	813	90	825	0	90
371	200	229	30	238	418	90	0	643	181
372	48	72	30	650	830	90	0	416	280
373	465	142	10	333	513	90	0	133	136
374	123	155	-20	1086	1266	90	122	0	89
375	16	497	-30	991	1171	90	49	0	137
376	220	319	-20	914	1094	90	771	0	184
377	484	171	-10	618	798	90	546	0	181
378	55	431	-20	633	813	90	91	0	182
379	428	24	-10	1032	1212	90	769	0	323
380	80	342	10	193	373	90	0	44	45
381	16	68	-10	479	659	90	834	0	90
382	124	56	20	231	411	90	0	708	89
383	95	218	20	810	990	0	0	1034	415
384	481	26	30	321	501	90	0	835	89
385	145	434	-20	398	578	90	106	0	89
386	335	57	30	210	390	0	0	1026	89
387	26	490	-10	1226	1406	90	16	0	273
388	324	127	30	143	323	90	0	760	45
389	109	114	10	760	940	0	0	1025	372
390	72	148	-30	207	387	90	977	0	44
391	220	392	20	903	1083	0	0	1024	468
392	442	243	10	934	1114	90	0	283	460
393	69	336	20	383	563	90	0	688	181
394	131	226	20	121	301	90	0	298	89
395	150	204	-20	577	757	90	424	0	230
396	423	217	20	727	907	90	0	469	365
397	419	459	-10	721	901	90	512	0	271
398	285	163	-30	657	837	90	758	0	90
399	203	7	20	981	1161	90	0	156	456
400	54	445	-20	473	653	90	570	0	89
401	109	463	-10	899	1079	90	331	0	181
402	355	180	-20	222	402	90	660	0	89
403	13	455	-20	316	496	90	711	0	45
404	165	337	20	307	487	90	0	782	182
405	314	124	-30	716	896	90	499	0	327
406	9	124	20	271	451	90	0	820	44
407	3	292	20	341	521	90	0	2	135
408	16	462	-20	871	1051	90	866	0	273
409	189	464	10	791	971	0	0	1013	374
410	288	154	-20	378	558	90	856	0	89
411	90	296	20	166	346	90	0	986	89
412	138	438	20	772	952	0	0	1003	366
413	13	459	-20	592	772	90	729	0	182
414	461	8	-10	694	874	90	334	0	180
415	96	97	20	217	397	90	0	322	44
416	68	99	-30	973	1153	90	372	0	280
417	146	205	-30	300	480	90	77	0	135
418	117	152	20	807	987	0	0	1030	410
419	481	96	-10	462	642	90	242	0	137
420	338	260	-20	560	740	90	495	0	274
421	285	44	-20	400	580	90	212	0	89
422	111	464	10	716	896	90	0	579	320
423	468	291	-10	683	863	90	950	0	275
424	148	206	20	392	572	90	0	395	230
425	184	464	10	224	404	90	0	149	89
426	197	11	-10	608	788	90	501	0	136
427	396	410	10	764	944	90	0	685	363
428	133	53	-40	604	784	90	784	0	94
429	132	30	-10	811	991	90	749	0	322
430	464	13	-20	790	970	90	718	0	89
431	100	394	-20	946	1126	90	96	0	227
432	483	22	10	419	599	90	0	727	136
433	93	235	-10	891	1071	90	828	0	410
434	174	26	-10	981	1161	90	484	0	321
435	436	264	20	186	366	90	0	863	89
436	24	492	-10	1187	1367	90	489	0	182
437	406	94	10	313	493	90	0	514	136
438	234	246	-10	470	650	90	663	0	135
439	315	287	-10	633	813	90	573	0	136
440	408	453	10	528	708	90	0	123	225
441	128	225	10	125	305	90	0	282	90
442	226	191	20	338	518	90	0	888	227
443	391	407	-30	487	667	90	346	0	181
444	198	264	-30	705	885	90	654	0	272
445	179	7	20	807	987	90	0	517	366
446	425	215	-10	634	814	90	952	0	227
447	483	27	-20	1232	1412	90	853	0	89
448	22	40	-10	956	1136	90	257	0	90
449	479	176	20	241	421	90	0	602	90
450	476	102	20	741	921	90	0	290	325
451	386	405	20	206	386	90	0	605	44
452	22	38	-30	864	1044	90	536	0	89
453	440	241	-10	1026	1206	90	757	0	370
454	182	14	-20	999	1179	90	846	0	183
455	266	405	-30	622	802	90	213	0	230
456	357	181	20	314	494	90	0	646	183
457	395	332	10	531	711	90	0	673	272
458	423	290	10	269	449	90	0	141	135
459	104	28	-10	642	822	90	50	0	140
460	131	56	10	421	601	90	0	852	186
461	111	110	-10	480	660	90	678	0	183
462	97	93	-20	405	585	90	627	0	135
463	90	274	20	344	524	90	0	174	181
464	214	394	-10	716	896	90	592	0	325
465	6	114	-10	742	922	90	927	0	228
466	375	191	30	412	592	90	0	276	226
467	356	21	20	343	523	90	0	691	135
468	466	165	30	686	866	90	0	847	316
469	415	223	-20	1190	1370	90	396	0	365
470	397	20	-20	365	545	90	182	0	90
471	241	403	-30	625	805	90	597	0	89
472	69	334	30	291	471	90	0	967	135
473	152	210	20	105	285	90	0	90	89
474	67	335	20	567	747	90	0	946	272
475	126	30	-20	437	617	90	351	0	89
476	390	423	10	223	403	90	0	494	90
477	285	162	-20	566	746	90	5	0	277
478	285	158	-20	283	463	90	774	0	135
479	406	96	20	221	401	90	0	719	90
480	459	374	-20	793	973	90	960	0	89
481	67	109	-10	323	503	90	616	0	89
482	468	475	10	313	493	90	0	43	89
483	438	31	10	290	470	90	0	195	90
484	168	24	10	703	883	90	0	434	321
485	267	394	-10	904	1084	90	252	0	373
486	406	450	20	344	524	90	0	743	135
487	460	288	10	213	393	90	0	572	89
488	224	203	20	53	233	90	0	359	89
489	21	487	10	515	695	90	0	436	182
490	21	488	-30	606	786	90	79	0	89
491	87	217	10	531	711	90	0	821	272
492	67	452	30	274	454	90	0	237	90
493	119	223	-30	789	969	90	781	0	275
494	398	428	-10	507	687	90	476	0	90
495	344	262	20	463	643	90	0	420	274
496	390	301	10	330	510	90	0	515	180
497	167	27	30	421	601	0	0	1040	181
498	236	247	20	377	557	90	0	22	271
499	313	119	30	621	801	90	0	405	327
500	13	51	10	1245	1425	0	0	1002	557
501	200	13	10	335	515	90	0	426	136
502	0	120	30	372	552	90	0	674	135
503	202	4	-20	887	1067	90	799	0	317
504	343	144	10	236	416	90	0	766	137
505	94	383	-30	571	751	90	958	0	226
506	250	411	30	433	613	90	0	260	226
507	464	134	-10	987	1167	90	843	0	275
508	443	237	20	193	373	90	0	860	89
509	4	114	-20	650	830	90	222	0	182
510	169	336	-10	775	955	90	256	0	323
511	200	178	-20	179	359	90	544	0	89
512	412	453	10	622	802	90	0	397	271
513	121	151	-10	992	1172	90	907	0	324
514	403	93	-10	1066	1246	90	437	0	136
515	399	301	-10	519	699	90	496	0	180
516	97	387	-30	756	936	90	142	0	318
517	176	8	-20	901	1081	90	445	0	366
518	62	326	-20	851	1031	90	285	0	89
519	151	207	-20	670	850	90	109	0	90
520	299	98	-10	252	432	90	32	0	90
521	334	240	30	464	644	0	0	1046	279
522	92	270	-20	902	1082	90	840	0	135
523	444	269	20	479	659	90	0	248	232
524	132	223	-30	783	963	90	23	0	373
525	428	25	-10	1123	1303	90	607	0	184
526	413	421	10	708	888	90	0	568	325
527	382	498	10	554	734	90	0	747	226
528	391	429	20	410	590	90	0	555	181
529	398	97	10	214	394	90	0	989	90
530	192	265	-20	609	789	90	368	0	226
531	438	26	-10	385	565	90	54	0	89
532	44	79	10	267	447	90	0	709	89
533	137	290	10	121	301	90	0	905	90
534	446	319	-10	300	480	90	611	0	89
535	175	487	20	248	428	90	0	303	45
536	26	45	30	303	483	90	0	452	89
537	147	435	-30	490	670	90	158	0	90
538	111	459	20	1084	1264	0	0	1048	506
539	472	132	10	706	886	90	0	891	317
540	349	158	-10	982	1162	90	740	0	235
541	86	268	-20	622	802	90	813	0	90
542	415	216	-10	261	441	90	167	0	89
543	121	218	-20	134	314	90	902	0	45
544	210	185	20	76	256	90	0	511	89
545	98	215	-30	158	338	90	66	0	45
546	484	174	10	430	610	90	0	377	181
547	328	458	-40	885	1065	90	118	0	277
548	313	126	10	808	988	0	0	1037	424
549	390	415	-20	976	1156	90	788	0	136
550	459	17	20	976	1156	90	0	791	421
551	481	124	-20	448	628	90	982	0	89
552	386	414	-10	1046	1226	90	354	0	278
553	116	466	20	256	436	90	0	103	90
554	468	295	-20	871	1051	90	899	0	137
555	391	426	-20	695	875	90	528	0	181
556	408	279	-10	625	805	90	649	0	276
557	15	68	-10	388	568	90	95	0	89
558	392	424	-10	877	1057	90	849	0	89
559	88	95	20	595	775	90	0	773	253
560	116	151	-10	715	895	90	47	0	278
561	240	250	-10	282	462	90	36	0	89
562	123	159	20	156	336	90	0	131	89
563	89	290	20	173	353	90	0	818	93
564	39	50	30	386	566	90	0	320	137
565	359	179	20	407	587	90	0	263	228
566	338	257	20	653	833	0	0	1047	372
567	92	236	20	983	1163	90	0	161	501
568	413	417	-10	1081	1261	90	526	0	325
569	91	101	-10	783	963	90	74	0	180
570	55	449	20	278	458	90	0	400	89
571	57	425	20	260	440	90	0	948	89
572	465	287	-10	497	677	90	487	0	89
573	320	280	10	170	350	90	0	439	136
574	322	468	20	510	690	90	0	202	230
575	483	458	10	592	772	90	0	180	229
576	312	267	-20	812	992	90	738	0	186
577	139	291	10	118	298	90	0	138	89
578	388	408	10	303	483	90	0	206	136
579	110	459	-10	993	1173	90	422	0	320
580	459	372	20	609	789	90	0	304	273
581	204	269	30	49	229	90	0	699	89
582	407	98	10	218	398	0	0	1027	89
583	335	256	-20	836	1016	90	734	0	91
584	471	484	-20	505	685	90	990	0	135
585	339	244	30	185	365	90	0	996	137
586	89	272	10	437	617	90	0	906	227
587	488	96	-10	851	1031	90	831	0	278
588	316	286	-30	542	722	90	613	0	229
589	235	50	-20	765	945	90	197	0	136
590	316	258	20	253	433	90	0	702	183
591	425	288	10	546	726	90	0	220	273
592	213	397	10	622	802	90	0	464	325
593	113	156	10	529	709	90	0	80	271
594	199	9	-20	792	972	90	764	0	89
595	463	167	10	593	773	90	0	916	272
596	129	27	-30	623	803	90	235	0	227
597	248	404	30	154	334	90	0	471	89
598	405	276	-20	719	899	90	10	0	227
599	400	288	30	154	334	90	0	273	89
600	61	156	-40	407	587	90	352	0	136
601	393	20	-20	1116	1296	90	177	0	231
602	484	177	-20	337	517	90	449	0	90
603	108	116	-20	852	1032	90	698	0	228
604	112	217	20	323	503	90	0	742	180
605	389	404	-20	209	389	90	451	0	44
606	102	391	-10	1040	1220	90	341	0	410
607	434	26	10	479	659	90	0	525	184
608	488	26	-20	1078	1258	90	858	0	322
609	477	120	-10	907	1087	90	707	0	92
610	126	220	-20	595	775	90	40	0	136
611	439	310	10	198	378	90	0	534	89
612	212	319	-20	170	350	90	130	0	89
613	320	283	30	356	536	90	0	588	229
614	17	459	-20	1147	1327	90	812	0	460
615	236	213	20	39	219	90	0	667	44
616	68	108	10	230	410	90	0	481	89
617	390	294	-20	802	982	90	687	0	371
618	275	42	-10	483	663	90	633	0	90
619	423	214	-20	542	722	90	293	0	91
620	460	367	20	331	511	0	0	1019	135
621	272	402	-20	245	425	90	362	0	89
622	478	102	-10	649	829	90	179	0	231
623	400	260	40	150	330	90	0	776	89
624	181	6	20	625	805	90	0	201	275
625	470	475	30	315	495	90	0	60	90
626	245	408	-10	529	709	90	772	0	180
627	93	96	20	310	490	90	0	462	135
628	218	318	-10	822	1002	90	971	0	416
629	441	265	-10	282	462	90	250	0	90
630	21	64	-10	757	937	90	215	0	272
631	356	23	-20	251	431	90	76	0	45
632	267	44	20	581	761	90	0	192	277
633	277	50	10	203	383	90	0	618	90
634	182	4	-30	533	713	90	328	0	89
635	26	36	-20	584	764	90	121	0	135
636	384	491	-10	833	1013	90	793	0	320
637	418	290	-20	1107	1287	90	55	0	462
638	321	277	10	75	255	90	0	337	89
639	358	16	-10	528	708	90	333	0	180
640	389	334	20	254	434	90	0	861	135
641	48	78	-10	926	1106	90	763	0	278
642	24	68	-20	1219	1399	90	750	0	506
643	206	225	-30	335	515	90	371	0	181
644	290	141	-10	587	767	90	136	0	229
645	439	15	20	588	768	90	0	889	233
646	359	182	-20	694	874	90	456	0	183
647	413	287	-10	1293	1473	90	239	0	368
648	230	49	20	201	381	90	0	949	45
649	407	280	10	534	714	90	0	556	276
650	459	295	-30	1151	1331	90	881	0	512
651	468	199	20	609	789	90	0	733	282
652	101	384	30	200	380	90	0	823	44
653	170	26	-20	796	976	90	935	0	275
654	197	270	30	421	601	90	0	444	272
655	415	289	20	169	349	90	0	976	44
656	203	390	40	244	424	90	0	761	138
657	443	272	10	755	935	90	0	826	370
658	210	391	-20	147	327	90	815	0	45
659	363	22	20	904	1084	90	0	110	414
660	352	176	20	126	306	90	0	402	89
661	212	223	-30	705	885	90	956	0	370
662	8	120	-20	1110	1290	90	871	0	461
663	244	250	10	97	277	90	0	438	135
664	18	484	10	330	510	90	0	731	90
665	379	82	10	765	945	90	0	340	366
666	84	346	-10	1036	1216	90	18	0	318
667	233	207	-20	46	226	90	615	0	44
668	344	62	-20	1151	1331	90	259	0	229
669	20	489	10	788	968	90	0	701	318
670	361	181	20	602	782	90	0	207	325
671	174	494	-20	438	618	90	226	0	135
672	49	76	-20	834	1014	90	894	0	328
673	390	325	-10	816	996	90	457	0	272
674	7	118	-30	927	1107	90	502	0	135
675	107	26	-10	458	638	90	190	0	89
676	312	270	-30	905	1085	90	166	0	225
677	399	102	20	592	772	90	0	917	280
678	109	108	10	387	567	90	0	461	183
679	115	218	10	230	410	90	0	880	135
680	88	287	-30	828	1008	90	27	0	329
681	54	424	10	264	444	0	0	1010	90
682	125	32	-10	344	524	90	127	0	89
683	199	12	-10	426	606	90	879	0	91
684	457	374	-10	885	1065	90	810	0	89
685	391	413	-10	951	1131	90	427	0	363
686	304	102	-20	442	622	90	357	0	182
687	391	293	20	711	891	90	0	617	371
688	66	336	-20	658	838	90	393	0	181
689	132	291	-20	677	857	90	945	0	226
690	18	462	-20	963	1143	90	887	0	321
691	347	62	-20	1058	1238	90	467	0	135
692	466	142	10	424	604	90	0	913	181
693	389	17	-20	931	1111	90	716	0	275
694	342	254	10	183	363	90	0	951	135
695	92	223	-10	905	1085	90	8	0	226
696	404	83	30	783	963	90	0	205	367
697	290	46	-10	774	954	90	324	0	140
698	95	92	20	498	678	90	0	603	228
699	200	265	-30	797	977	90	581	0	89
700	435	16	-20	772	952	90	14	0	186
701	25	499	-10	1090	1270	90	669	0	318
702	319	260	-20	438	618	90	590	0	183
703	116	225	20	696	876	0	0	1045	369
704	402	284	30	250	430	90	0	717	137
705	108	105	20	204	384	90	0	159	90
706	386	13	10	742	922	90	0	762	324
707	472	129	10	258	438	90	0	609	92
708	132	57	-20	329	509	90	382	0	89
709	43	71	-10	463	643	90	532	0	89
710	493	91	30	480	660	90	0	961	184
711	12	451	20	311	491	90	0	403	45
712	201	188	10	464	644	90	0	732	282
713	60	428	20	1008	1188	90	0	185	463
714	243	248	-20	189	369	90	183	0	89
715	230	197	-10	527	707	90	800	0	90
716	389	11	20	648	828	90	0	693	275
717	401	281	-30	906	1086	90	704	0	137
718	459	14	20	315	495	90	0	430	89
719	411	95	-20	408	588	90	479	0	90
720	0	297	-10	618	798	90	102	0	180
721	476	196	30	420	600	90	0	253	183
722	458	16	20	313	493	90	0	100	89
723	92	230	-10	434	614	90	246	0	136
724	432	24	-40	938	1118	90	139	0	89
725	215	317	10	77	257	90	0	13	90
726	371	192	-20	135	315	90	963	0	45
727	481	20	-10	512	692	90	432	0	136
728	152	207	20	761	941	90	0	65	416
729	14	459	20	501	681	90	0	413	182
730	361	17	-10	715	895	90	229	0	270
731	8	497	-10	893	1073	90	664	0	90
732	206	186	-10	833	1013	90	712	0	282
733	421	218	-20	819	999	90	651	0	282
734	402	264	20	155	335	90	0	583	91
735	388	325	-30	908	1088	90	325	0	366
736	35	304	30	222	402	90	0	34	90
737	321	263	20	622	802	90	0	873	364
738	444	313	20	397	577	90	0	576	186
739	188	462	40	699	879	90	0	281	301
740	400	103	10	501	681	90	0	540	235
741	418	221	-20	1096	1276	90	309	0	89
742	112	219	-20	415	595	90	604	0	180
743	408	452	-20	437	617	90	486	0	135
744	30	301	10	603	783	90	0	811	278
745	205	228	10	51	231	90	0	143	90
746	407	88	-10	969	1149	90	292	0	319
747	380	489	-10	1024	1204	90	527	0	226
748	395	331	-20	622	802	90	339	0	226
749	133	26	10	717	897	90	0	429	322
750	21	68	20	1126	1306	90	0	642	506
751	313	282	20	728	908	0	0	1049	418
752	53	440	-10	568	748	90	882	0	139
753	458	130	-20	1085	1265	90	877	0	444
754	437	15	30	680	860	0	0	1029	279
755	400	286	10	157	337	90	0	99	91
756	346	144	-40	605	785	90	294	0	90
757	440	244	10	751	931	90	0	453	370
758	280	162	30	94	274	90	0	398	90
759	488	173	-20	524	704	90	299	0	89
760	326	118	-30	153	333	90	388	0	45
761	207	400	-40	436	616	90	656	0	138
762	391	18	-10	1023	1203	90	706	0	324
763	37	55	10	665	845	90	0	641	278
764	204	15	20	239	419	90	0	594	89
765	173	28	-20	1073	1253	90	975	0	415
766	343	148	-10	330	510	90	504	0	137
767	231	43	10	390	570	90	0	214	181
768	445	273	-10	663	843	90	829	0	180
769	432	27	10	754	934	90	0	379	323
770	439	305	-30	677	857	90	807	0	232
771	208	396	20	341	521	90	0	376	184
772	249	407	10	339	519	90	0	626	180
773	107	112	-20	667	847	90	559	0	253
774	279	159	20	187	367	90	0	478	135
775	376	494	-20	275	455	90	28	0	45
776	403	262	-40	430	610	90	623	0	89
777	41	47	-20	292	472	90	301	0	44
778	96	213	30	250	430	90	0	150	135
779	461	167	-30	411	591	90	194	0	89
780	391	99	20	206	386	90	0	921	89
781	116	221	30	509	689	90	0	493	275
782	165	343	-20	495	675	90	404	0	182
783	388	334	-20	163	343	90	854	0	44
784	130	57	40	237	417	90	0	428	94
785	422	409	10	234	414	0	0	1020	89
786	66	156	-30	595	775	90	870	0	236
787	485	86	20	291	471	90	0	318	92
788	389	428	20	318	498	90	0	549	136
789	117	467	10	254	434	90	0	972	89
790	475	477	-20	970	1150	90	809	0	272
791	429	27	-20	1215	1395	90	550	0	421
792	339	60	20	216	396	90	0	909	93
793	381	494	10	738	918	90	0	636	320
794	218	321	-20	638	818	90	855	0	228
795	64	101	20	605	785	90	0	234	273
796	343	254	20	274	454	90	0	21	180
797	478	464	10	313	493	90	0	19	90
798	423	286	20	363	543	90	0	883	183
799	198	9	20	701	881	90	0	503	317
800	225	196	10	61	241	90	0	715	90
801	374	190	20	228	408	90	0	987	135
802	462	14	-20	882	1062	90	326	0	135
803	347	54	10	780	960	90	0	165	370
804	231	195	-10	434	614	90	211	0	135
805	72	96	-10	1159	1339	90	313	0	90
806	489	87	-10	385	565	90	957	0	89
807	443	313	30	488	668	90	0	770	232
808	233	204	20	139	319	90	0	926	134
809	477	483	20	691	871	90	0	790	272
810	459	368	10	240	420	90	0	684	89
811	95	277	-10	999	1179	90	744	0	278
812	16	460	20	1056	1236	90	0	614	460
813	100	266	20	151	331	90	0	541	90
814	288	53	40	871	1051	0	0	1028	425
815	211	386	20	141	321	90	0	658	45
816	144	439	-10	676	856	90	124	0	274
817	224	314	-10	1010	1190	90	168	0	277
818	79	291	-20	454	634	90	563	0	93
819	95	235	10	155	335	90	0	920	89
820	7	123	-20	274	454	90	406	0	44
821	91	217	-10	625	805	90	491	0	272
822	105	27	10	550	730	90	0	903	232
823	101	385	-30	201	381	90	652	0	44
824	238	210	30	699	879	0	0	1051	418
825	439	67	10	264	444	90	0	370	90
826	435	267	-10	1128	1308	90	657	0	370
827	443	64	30	727	907	90	0	832	319
828	92	234	10	800	980	90	0	433	410
829	450	265	10	381	561	90	0	768	180
830	102	27	-30	734	914	90	842	0	90
831	492	94	10	665	845	90	0	587	278
832	440	63	-30	820	1000	90	827	0	319
833	453	367	-10	983	1163	90	841	0	226
834	15	69	10	297	477	90	0	381	90
835	489	17	-30	705	885	90	384	0	89
836	335	255	20	85	265	90	0	69	44
837	419	418	-30	334	514	90	267	0	91
838	292	41	-40	679	859	90	859	0	89
839	489	27	10	986	1166	90	0	994	419
840	96	270	20	247	427	90	0	522	135
841	461	369	10	516	696	90	0	833	226
842	105	22	30	272	452	90	0	830	90
843	479	121	10	633	813	90	0	507	275
844	207	223	-30	520	700	90	218	0	136
845	17	458	-20	1238	1418	90	970	0	137
846	186	7	20	438	618	90	0	454	183
847	465	168	-30	779	959	90	468	0	316
848	416	288	-10	1200	1380	90	51	0	228
849	388	418	10	217	397	90	0	558	89
850	92	233	-20	709	889	90	999	0	90
851	179	492	10	625	805	90	0	134	276
852	132	55	-10	512	692	90	460	0	186
853	485	24	20	326	506	90	0	447	89
854	388	331	20	160	340	90	0	783	44
855	217	323	20	358	538	90	0	794	228
856	281	164	20	91	271	90	0	410	89
857	169	340	10	681	861	0	0	1042	369
858	491	20	20	799	979	90	0	608	322
859	279	42	40	210	390	90	0	838	89
860	439	243	-20	1119	1299	90	508	0	89
861	391	334	-20	346	526	90	640	0	135
862	96	244	-20	1266	1446	90	71	0	592
863	441	273	-20	847	1027	90	435	0	89
864	477	478	20	877	1057	90	0	280	367
865	56	434	20	820	1000	0	0	1005	366
866	12	463	20	686	866	90	0	408	273
867	458	164	20	316	496	90	0	908	135
868	446	65	20	451	631	90	0	154	180
869	71	156	-20	784	964	90	274	0	333
870	65	153	30	502	682	90	0	786	236
871	8	118	20	1018	1198	90	0	662	461
872	102	29	30	826	1006	0	0	1015	370
873	315	265	-20	718	898	90	737	0	364
874	343	62	-20	1242	1422	90	42	0	511
875	384	16	-10	836	1016	90	108	0	89
876	67	105	10	510	690	90	0	878	228
877	478	118	20	999	1179	90	0	753	444
878	73	101	-10	1254	1434	90	876	0	228
879	200	14	10	244	424	90	0	683	91
880	114	225	-10	604	784	90	679	0	135
881	460	293	30	1059	1239	90	0	650	512
882	51	447	10	379	559	90	0	752	139
883	418	295	-20	1012	1192	90	798	0	183
884	282	139	20	117	297	0	0	1044	90
885	477	122	-20	815	995	90	111	0	137
886	91	266	-10	718	898	90	116	0	89
887	16	463	20	780	960	90	0	690	321
888	228	199	-20	619	799	90	442	0	227
889	435	20	-20	866	1046	90	645	0	233
890	467	195	10	224	404	90	0	11	90
891	469	132	-10	799	979	90	539	0	317
892	465	136	30	895	1075	0	0	1016	415
893	246	255	-20	758	938	90	311	0	418
894	49	75	20	743	923	90	0	672	328
895	66	98	-10	880	1060	90	114	0	319
896	166	32	10	234	414	90	0	244	90
897	326	466	-30	695	875	90	210	0	182
898	202	186	-20	556	736	90	308	0	185
899	467	285	20	314	494	90	0	554	137
900	290	136	20	492	672	90	0	25	275
901	341	58	10	309	489	90	0	319	138
902	121	219	20	132	312	90	0	543	45
903	107	35	-10	924	1104	90	822	0	232
904	216	319	10	264	444	90	0	78	183
905	134	288	-10	861	1041	90	533	0	90
906	89	270	-10	529	709	90	586	0	227
907	136	52	10	698	878	90	0	513	324
908	462	167	-20	502	682	90	867	0	135
909	340	54	-20	403	583	90	792	0	93
910	80	286	-10	549	729	90	938	0	183
911	38	301	-10	701	881	90	61	0	232
912	25	307	-20	414	594	90	922	0	89
913	470	139	-10	609	789	90	692	0	181
914	270	400	10	151	331	90	0	86	89
915	204	187	-20	740	920	90	979	0	374
916	460	171	-10	875	1055	90	595	0	272
917	399	106	-20	867	1047	90	677	0	280
918	197	267	-10	514	694	90	933	0	90
919	77	350	-10	938	1118	90	105	0	365
920	91	231	-10	525	705	90	819	0	89
921	398	103	-20	683	863	90	780	0	89
922	35	303	20	221	401	90	0	912	89
923	231	204	20	715	895	90	0	355	410
924	311	266	10	63	243	90	0	155	44
925	416	420	20	615	795	90	0	223	278
926	231	203	-20	232	412	90	808	0	134
927	4	116	10	558	738	90	0	465	228
928	417	217	30	354	534	90	0	15	181
929	268	52	-30	951	1131	90	12	0	417
930	345	144	30	514	694	90	0	169	275
931	368	85	30	202	382	90	0	137	89
932	441	65	10	356	536	90	0	270	135
933	201	270	10	53	233	90	0	918	90
934	0	293	30	524	704	90	0	126	225
935	167	24	20	612	792	90	0	653	275
936	186	464	-20	606	786	90	208	0	89
937	7	292	10	246	426	0	0	1014	89
938	80	290	10	362	542	90	0	910	183
939	405	455	40	826	1006	0	0	1009	374
940	439	312	30	200	380	90	0	314	90
941	300	108	10	150	330	90	0	243	89
942	478	121	-30	724	904	90	94	0	227
943	92	232	10	342	522	90	0	227	181
944	111	463	-10	807	987	90	974	0	274
945	132	294	20	398	578	90	0	689	226
946	134	285	-20	1046	1226	90	474	0	272
947	316	284	-30	450	630	90	72	0	90
948	56	428	-20	358	538	90	571	0	89
949	232	47	-20	205	385	90	648	0	45
950	466	291	10	591	771	90	0	423	275
951	341	257	-10	367	547	90	694	0	135
952	420	213	10	449	629	90	0	446	227
953	116	152	-20	624	804	90	316	0	137
954	163	337	-40	215	395	90	981	0	89
955	440	7	-20	399	579	90	184	0	89
956	208	222	30	611	791	90	0	661	370
957	485	95	10	281	461	90	0	806	89
958	97	385	30	477	657	90	0	505	226
959	462	367	20	423	603	90	0	56	180
960	455	365	20	235	415	90	0	480	89
961	492	95	-30	756	936	90	710	0	184
962	405	450	-20	253	433	90	115	0	44
963	371	193	20	133	313	90	0	726	45
964	234	202	10	325	505	90	0	277	227
965	404	103	-20	407	587	90	300	0	137
966	24	41	10	489	669	90	0	247	180
967	67	334	-30	476	656	90	472	0	135
968	207	227	10	48	228	0	0	1050	89
969	277	403	10	340	520	90	0	251	182
970	15	457	20	408	588	90	0	845	137
971	217	319	10	730	910	90	0	628	416
972	111	467	-10	532	712	90	789	0	89
973	378	493	30	367	547	90	0	188	135
974	112	465	10	624	804	90	0	944	274
975	173	25	20	889	1069	90	0	765	415
976	421	292	-20	176	356	90	655	0	44
977	74	146	30	204	384	90	0	390	44
978	178	491	10	533	713	90	0	358	230
979	204	185	20	648	828	90	0	915	374
980	319	470	10	323	503	0	0	1021	136
981	163	331	40	118	298	90	0	954	89
982	470	125	20	253	433	90	0	551	89
983	315	121	-20	528	708	90	353	0	235
984	166	34	20	231	411	90	0	48	89
985	284	140	40	115	295	90	0	1000	89
986	85	288	-20	267	447	90	411	0	89
987	376	190	-20	320	500	90	801	0	135
988	238	203	10	419	599	90	0	286	275
989	399	104	-10	775	955	90	529	0	90
990	472	481	20	412	592	90	0	584	135
991	46	74	-10	557	737	90	33	0	90
992	401	255	-10	621	801	90	162	0	274
993	475	480	30	784	964	0	0	1001	321
994	485	27	-10	1171	1351	90	839	0	419
995	476	174	-20	809	989	90	296	0	325
996	330	242	-30	559	739	90	585	0	137
997	332	249	30	82	262	90	0	365	89
998	375	80	-20	484	664	90	151	0	136
999	94	235	20	157	337	90	0	850	90
1000	287	144	-40	771	951	90	985	0	89
1001	475	480	-30	784	964	90	993	0	321
1002	13	51	-10	1245	1425	90	500	0	557
1003	138	438	-20	772	952	90	412	0	366
1004	17	65	-20	572	752	90	271	0	227
1005	56	434	-20	820	1000	90	865	0	366
1006	489	101	-20	946	1126	90	58	0	422
1007	70	100	-10	1065	1245	90	284	0	505
1008	435	68	-10	259	439	90	35	0	89
1009	405	455	-40	826	1006	90	939	0	374
1010	54	424	-10	264	444	90	681	0	90
1011	366	20	-10	811	991	90	88	0	366
1012	317	261	-20	346	526	90	312	0	229
1013	189	464	-10	791	971	90	409	0	374
1014	7	292	-10	246	426	90	937	0	89
1015	102	29	-30	826	1006	90	872	0	370
1016	465	136	-30	895	1075	90	892	0	415
1017	202	9	-10	1163	1343	90	82	0	548
1018	377	76	-20	579	759	90	163	0	271
1019	460	367	-20	331	511	90	620	0	135
1020	422	409	-10	234	414	90	785	0	89
1021	319	470	-10	323	503	90	980	0	136
1022	457	163	-20	225	405	90	84	0	90
1023	391	425	-20	786	966	90	342	0	370
1024	220	392	-20	903	1083	90	391	0	468
1025	109	114	-10	760	940	90	389	0	372
1026	335	57	-30	210	390	90	386	0	89
1027	407	98	-10	218	398	90	582	0	89
1028	288	53	-40	871	1051	90	814	0	425
1029	437	15	-30	680	860	90	754	0	279
1030	117	152	-20	807	987	90	418	0	410
1031	76	345	-30	473	653	90	9	0	227
1032	417	218	-10	1003	1183	90	73	0	506
1033	249	258	-30	852	1032	90	266	0	511
1034	95	218	-20	810	990	90	383	0	415
1035	87	96	-30	687	867	90	172	0	321
1036	8	116	-20	835	1015	90	196	0	369
1037	313	126	-10	808	988	90	548	0	424
1038	154	207	-20	944	1124	90	186	0	509
1039	379	196	-20	599	779	90	31	0	319
1040	167	27	-30	421	601	90	497	0	181
1041	124	219	-20	503	683	90	119	0	276
1042	169	340	-10	681	861	90	857	0	369
1043	128	291	-10	583	763	90	46	0	317
1044	282	139	-20	117	297	90	884	0	90
1045	116	225	-20	696	876	90	703	0	369
1046	334	240	-30	464	644	90	521	0	279
1047	338	257	-20	653	833	90	566	0	372
1048	111	459	-20	1084	1264	90	538	0	506
1049	313	282	-20	728	908	90	751	0	418
1050	207	227	-10	48	228	90	968	0	89
1051	238	210	-30	699	879	90	824	0	418
1052	25	65	-10	941	1121	90	236	0	414

