250	200	1
0	250	250	0	0	1824	0	0	0
1	387	297	-20	187	283	90	231	0	35
2	5	297	-10	931	1041	90	720	0	391
3	355	177	20	136	303	90	0	565	131
4	78	346	-10	307	451	90	44	0	121
5	286	159	-30	502	624	90	478	0	247
6	322	465	10	226	335	90	0	118	81
7	393	408	-10	625	713	90	443	0	307
8	89	216	-30	473	584	90	129	0	245
9	76	345	-10	503	623	90	380	0	107
10	410	285	20	457	599	90	0	649	318
11	472	189	30	356	468	90	0	721	168
12	270	49	-20	889	1006	90	632	0	391
13	219	325	10	486	597	90	0	971	386
14	437	12	-40	526	643	90	139	0	117
15	418	218	-10	948	1056	90	542	0	181
16	20	488	-10	726	849	90	490	0	320
17	77	347	20	397	545	90	0	89	259
18	73	346	10	701	798	90	0	105	447
19	480	455	-10	1098	1203	90	797	0	102
20	129	292	10	526	636	90	0	138	380
21	337	257	-20	771	897	90	951	0	316
22	237	254	20	608	709	0	0	1058	521
23	131	220	-10	720	840	90	298	0	318
24	417	417	-20	931	1044	90	925	0	389
25	287	143	10	718	823	0	0	1051	532
26	379	80	-30	694	832	90	173	0	121
27	87	285	-10	671	801	90	818	0	318
28	374	489	20	269	389	90	0	147	89
29	440	247	20	675	822	90	0	392	473
30	281	137	10	339	447	90	0	136	247
31	379	196	20	633	745	0	0	1047	453
32	297	102	10	195	300	90	0	357	108
33	39	76	10	299	429	90	0	513	116
34	35	306	20	347	461	90	0	61	179
35	435	68	10	259	378	90	0	154	88
36	245	251	10	26	164	90	0	663	115
37	409	88	20	626	744	90	0	746	387
38	273	55	20	196	313	90	0	63	87
39	163	340	30	431	551	90	0	510	319
40	129	223	20	267	347	90	0	524	167
41	371	200	-30	812	946	90	726	0	111
42	357	26	-10	1117	1247	90	333	0	259
43	470	473	10	1195	1296	0	0	1001	737
44	77	344	10	215	359	90	0	4	121
45	478	461	10	422	569	90	0	187	193
46	128	291	10	591	754	0	0	1048	468
47	111	113	-20	621	704	90	705	0	112
48	164	21	20	555	661	90	0	765	312
49	21	485	30	458	568	90	0	701	179
50	108	26	-10	380	535	90	190	0	43
51	424	286	-10	488	600	90	458	0	177
52	200	270	-10	184	283	90	933	0	104
53	7	300	-10	1034	1125	90	102	0	258
54	433	31	10	285	423	90	0	379	103
55	420	295	20	946	1074	90	0	637	673
56	451	367	-20	1092	1237	90	304	0	450
57	118	157	20	385	484	90	0	593	241
58	489	101	-10	995	1076	90	831	0	396
59	200	261	10	910	1053	90	0	140	742
60	476	483	10	619	760	90	0	809	326
61	30	302	-20	536	668	90	34	0	179
62	8	300	-30	1125	1216	90	934	0	302
63	275	45	-20	422	537	90	38	0	87
64	238	46	-10	702	817	90	949	0	108
65	152	206	-30	895	989	90	77	0	175
66	99	218	30	154	286	90	0	778	98
67	393	410	-20	889	1005	90	206	0	453
68	480	460	-30	532	643	90	363	0	84
69	337	256	-20	142	213	90	836	0	26
70	389	300	10	267	390	90	0	617	181
71	90	237	-30	1195	1317	90	920	0	390
72	321	280	-10	119	218	90	638	0	36
73	417	218	-10	1030	1156	90	446	0	466
74	64	108	10	453	560	90	0	876	244
75	57	432	-20	951	1055	90	269	0	405
76	356	24	20	249	363	90	0	631	48
77	143	207	30	243	349	90	0	65	175
78	221	325	-10	586	681	90	725	0	110
79	22	483	30	325	466	90	0	669	105
80	24	65	-10	879	1002	90	95	0	80
81	141	431	30	341	445	90	0	160	175
82	202	9	10	1170	1336	0	0	1020	817
83	20	48	10	1267	1385	90	0	500	765
84	457	163	20	255	374	90	0	779	112
85	470	290	-20	807	924	90	899	0	176
86	268	400	-20	833	964	90	455	0	461
87	337	251	-30	105	249	90	997	0	53
88	366	20	10	844	958	90	0	110	525
89	72	344	-20	584	729	90	17	0	259
90	149	203	-10	515	636	90	417	0	251
91	55	428	20	481	597	90	0	378	249
92	189	7	30	291	392	90	0	624	106
93	397	18	-10	480	613	90	108	0	99
94	481	122	30	547	714	90	0	843	306
95	20	73	10	290	397	90	0	80	80
96	54	430	20	600	662	90	0	606	296
97	74	350	10	885	984	90	0	919	586
98	202	8	-10	1082	1242	90	344	0	321
99	406	285	-30	375	492	90	704	0	181
100	460	2	20	635	741	90	0	802	312
101	441	244	-20	849	1016	90	112	0	329
102	1	293	10	449	597	90	0	53	258
103	115	465	10	365	510	90	0	944	192
104	422	420	-30	448	588	90	267	0	118
105	75	347	-10	789	893	90	18	0	447
106	141	428	20	208	328	90	0	412	89
107	404	264	20	371	485	90	0	776	245
108	398	23	10	270	404	90	0	93	99
109	148	211	-20	147	252	90	473	0	39
110	362	22	-10	1022	1149	90	88	0	525
111	479	127	-10	375	515	90	707	0	123
112	443	246	20	496	633	90	0	101	329
113	22	37	-10	798	928	90	635	0	312
114	65	100	-20	724	850	90	481	0	196
115	404	447	20	250	324	90	0	397	55
116	102	264	10	148	257	90	0	813	43
117	444	271	-10	607	714	90	250	0	102
118	325	466	-10	616	772	90	6	0	81
119	124	219	-20	545	641	90	394	0	102
120	335	243	-20	393	529	90	365	0	261
121	26	42	20	427	546	90	0	452	180
122	113	106	20	198	323	90	0	389	93
123	399	450	20	964	1063	0	0	1013	610
124	146	439	-20	604	744	90	385	0	258
125	162	336	20	153	274	90	0	857	113
126	2	295	30	741	860	0	0	1018	455
127	122	35	10	283	397	90	0	429	110
128	346	60	-20	998	1114	90	145	0	462
129	93	213	30	370	497	90	0	8	245
130	218	316	20	73	211	90	0	904	103
131	116	156	10	474	578	90	0	560	310
132	419	422	-10	530	692	90	837	0	182
133	467	141	10	543	668	90	0	892	318
134	187	491	20	736	890	90	0	409	434
135	433	25	-10	869	1004	90	607	0	262
136	286	137	-10	413	562	90	30	0	247
137	370	82	40	419	539	90	0	998	240
138	132	290	-10	804	911	90	20	0	380
139	435	11	40	325	459	90	0	14	117
140	206	261	-10	1017	1137	90	59	0	742
141	428	291	-20	664	798	90	798	0	241
142	95	384	-30	680	825	90	652	0	71
143	205	223	20	443	592	90	0	844	399
144	463	140	10	263	398	90	0	692	118
145	343	47	20	704	840	90	0	128	462
146	435	62	-20	1139	1236	90	868	0	251
147	387	488	-20	952	1082	90	28	0	89
148	121	157	-20	199	300	90	562	0	38
149	182	463	-10	353	459	90	425	0	107
150	92	216	-10	746	866	90	821	0	443
151	370	83	20	334	442	90	0	340	177
152	444	242	-20	399	543	90	508	0	121
153	90	285	40	953	1069	90	0	811	662
154	446	64	-10	564	700	90	35	0	88
155	312	264	20	96	215	90	0	590	113
156	208	11	-10	1304	1394	90	503	0	588
157	442	247	-20	601	712	90	336	0	90
158	140	431	30	265	338	0	0	1034	94
159	118	153	30	917	1059	90	0	374	671
160	134	428	-30	914	1013	90	81	0	175
161	91	235	-10	1111	1218	90	227	0	443
162	406	257	-20	556	676	90	228	0	192
163	377	76	-30	609	729	90	931	0	106
164	474	96	30	271	407	0	0	1009	101
165	346	57	20	904	1023	90	0	668	605
166	393	301	30	463	564	90	0	515	309
167	412	214	10	165	272	90	0	952	79
168	210	398	-40	557	681	90	656	0	180
169	346	150	-10	922	1024	90	756	0	457
170	62	453	-10	475	624	90	364	0	50
171	437	61	-20	1033	1157	90	832	0	538
172	87	96	30	715	838	0	0	1011	460
173	367	83	30	224	366	90	0	26	121
174	91	268	-10	844	955	90	906	0	387
175	459	145	40	233	363	90	0	539	96
176	63	444	-30	1054	1176	90	219	0	184
177	433	27	20	619	703	90	0	791	310
178	60	454	10	854	990	90	0	237	529
179	478	99	10	585	707	90	0	450	325
180	485	454	-20	809	924	90	295	0	389
181	6	292	-10	288	387	90	937	0	37
182	398	20	20	320	408	90	0	601	100
183	248	251	20	2	103	90	0	714	75
184	433	15	20	297	412	90	0	700	85
185	64	426	-10	1122	1263	90	400	0	256
186	154	207	20	961	1107	0	0	1052	751
187	481	456	-10	991	1128	90	45	0	193
188	380	498	-30	485	619	90	775	0	115
189	88	286	-10	758	896	90	910	0	403
190	111	23	10	266	324	90	0	50	43
191	199	187	-20	393	531	90	278	0	113
192	269	48	-10	796	915	90	262	0	191
193	367	178	20	529	662	90	0	646	393
194	452	163	30	219	354	90	0	908	100
195	431	28	20	689	818	90	0	525	398
196	8	116	20	857	994	90	0	662	538
197	233	47	20	321	451	90	0	214	185
198	237	43	20	609	725	90	0	589	388
199	320	262	10	562	678	90	0	576	455
200	188	4	-30	382	486	90	328	0	106
201	180	6	10	749	863	90	0	445	456
202	328	466	-20	806	947	90	574	0	328
203	393	12	10	589	700	90	0	693	316
204	409	90	-10	531	655	90	582	0	94
205	406	87	-10	893	1043	90	437	0	190
206	394	407	20	703	818	90	0	67	453
207	358	183	-20	892	1045	90	456	0	267
208	186	461	20	220	342	90	0	739	91
209	38	72	30	385	530	90	0	372	189
210	323	471	-10	433	581	90	268	0	121
211	224	192	-20	186	304	90	488	0	90
212	278	46	20	205	338	90	0	814	99
213	272	403	-10	470	579	90	914	0	76
214	232	42	-20	507	637	90	197	0	185
215	18	63	-10	705	803	90	834	0	117
216	58	458	-30	680	795	90	492	0	127
217	416	417	-10	1011	1145	90	785	0	126
218	205	230	30	185	282	90	0	956	174
219	65	453	30	393	520	90	0	176	184
220	421	294	-10	858	978	90	591	0	386
221	434	245	-20	1325	1469	90	860	0	807
222	2	116	-30	499	614	90	502	0	177
223	411	421	20	850	930	90	0	568	521
224	315	260	-10	185	315	90	924	0	76
225	136	288	-10	986	1099	90	689	0	524
226	173	490	20	366	502	90	0	851	187
227	90	232	10	661	752	90	0	161	443
228	402	265	20	261	410	90	0	162	192
229	361	14	-20	665	759	90	467	0	190
230	348	147	-10	834	925	90	343	0	305
231	385	295	20	142	306	90	0	1	35
232	394	23	-20	1249	1349	90	716	0	392
233	466	295	-10	998	1107	90	289	0	263
234	71	103	-10	1385	1490	90	284	0	730
235	125	29	-10	562	675	90	475	0	245
236	25	65	-10	974	1089	90	557	0	185
237	58	449	-10	956	1080	90	178	0	529
238	246	398	40	148	263	90	0	597	58
239	423	294	10	787	865	90	0	647	514
240	59	459	20	597	696	90	0	349	309
241	348	145	-30	730	845	90	930	0	400
242	477	97	10	417	498	90	0	753	168
243	307	102	-10	580	669	90	941	0	85
244	169	31	20	352	481	90	0	935	185
245	381	495	-30	675	800	90	973	0	165
246	95	234	10	287	390	90	0	850	175
247	22	33	10	706	832	90	0	347	387
248	435	268	-10	1041	1213	90	829	0	253
249	135	293	-20	336	454	90	329	0	159
250	439	266	10	234	326	90	0	117	102
251	269	402	20	569	667	90	0	252	385
252	267	400	-20	746	868	90	251	0	385
253	473	196	-10	548	658	90	890	0	126
254	445	237	10	322	428	90	0	283	174
255	461	284	-10	254	362	90	487	0	40
256	167	339	-10	628	731	90	782	0	369
257	26	43	10	326	466	90	0	448	120
258	101	386	-20	307	457	90	823	0	107
259	342	54	20	537	632	90	0	803	311
260	243	399	-30	758	861	90	506	0	314
261	288	44	-10	612	735	90	369	0	324
262	274	48	10	313	459	90	0	192	191
263	360	184	-20	819	933	90	660	0	80
264	23	67	30	1072	1176	90	0	642	663
265	6	296	-20	830	959	90	407	0	176
266	249	258	-10	883	1000	90	893	0	663
267	421	415	30	265	396	90	0	104	118
268	319	468	10	250	391	90	0	210	121
269	50	438	20	689	815	90	0	75	405
270	440	61	30	953	1050	0	0	1032	586
271	17	65	20	607	717	90	0	750	314
272	323	118	20	275	397	90	0	548	184
273	402	281	20	842	968	90	0	717	609
274	71	153	20	738	824	90	0	869	465
275	52	432	20	754	878	90	0	865	456
276	378	199	-20	725	840	90	801	0	204
277	238	204	-20	547	653	90	808	0	183
278	208	184	20	108	229	90	0	191	113
279	376	195	-20	526	665	90	963	0	65
280	473	475	-20	1097	1208	90	864	0	524
281	215	395	-20	847	946	90	815	0	81
282	123	222	30	355	450	0	0	1049	239
283	436	241	-10	1242	1362	90	254	0	174
284	70	100	10	1101	1208	90	0	234	730
285	73	328	20	193	311	90	0	315	88
286	241	205	-10	655	731	90	988	0	388
287	250	405	20	279	394	90	0	626	179
288	483	14	10	636	761	90	0	447	322
289	466	287	10	421	570	90	0	233	263
290	467	114	-20	1117	1265	90	806	0	192
291	120	159	10	283	400	90	0	418	180
292	408	84	10	708	850	90	0	514	465
293	413	217	20	186	332	90	0	928	124
294	338	142	40	166	294	90	0	766	116
295	483	457	20	700	846	90	0	180	389
296	479	169	20	742	866	90	0	995	467
297	95	224	-20	1030	1147	90	545	0	112
298	122	216	10	441	557	90	0	23	318
299	477	179	20	237	347	90	0	759	81
300	406	99	-10	334	470	90	529	0	105
301	44	47	20	289	393	90	0	641	77
302	487	450	-10	902	1019	90	575	0	332
303	172	488	10	297	387	0	0	1017	102
304	460	374	20	740	844	90	0	56	450
305	279	138	-40	250	351	90	985	0	83
306	338	147	10	135	260	90	0	504	93
307	395	295	-10	649	764	90	496	0	249
308	195	185	20	310	424	90	0	712	254
309	463	194	20	220	336	90	0	741	86
310	30	72	-20	1351	1452	90	381	0	247
311	244	254	-20	698	813	90	498	0	394
312	317	261	20	383	488	90	0	676	315
313	67	108	10	266	377	90	0	416	109
314	442	310	-30	619	722	90	534	0	170
315	63	336	-20	785	898	90	285	0	88
316	109	107	20	320	452	90	0	461	188
317	100	387	10	404	544	90	0	516	255
318	494	94	-10	609	718	90	957	0	89
319	343	49	-10	612	747	90	901	0	179
320	40	52	-20	508	628	90	777	0	106
321	319	124	20	381	485	0	0	1045	256
322	94	97	-20	230	388	90	415	0	59
323	476	94	20	306	424	90	0	419	112
324	283	47	-40	321	472	90	859	0	119
325	398	325	30	738	878	90	0	735	534
326	460	13	-20	432	562	90	718	0	99
327	305	107	-30	662	779	90	686	0	319
328	188	12	30	245	426	90	0	200	106
329	136	290	20	270	334	90	0	249	159
330	439	268	-20	969	1096	90	768	0	457
331	112	467	10	478	584	90	0	972	245
332	181	469	20	445	559	90	0	345	247
333	358	18	10	451	602	90	0	42	259
334	459	10	10	522	657	90	0	414	254
335	199	268	20	252	400	90	0	699	259
336	436	237	20	186	307	90	0	157	90
337	318	280	20	298	405	90	0	588	248
338	64	99	-10	832	925	90	616	0	89
339	394	333	20	454	605	90	0	457	311
340	366	93	-20	897	1028	90	151	0	177
341	95	391	-20	885	996	90	571	0	94
342	391	425	-10	818	934	90	849	0	115
343	344	146	10	478	547	90	0	230	305
344	198	12	10	542	672	90	0	98	321
345	186	472	-20	539	658	90	332	0	247
346	390	408	30	431	540	90	0	685	246
347	19	43	-10	1178	1283	90	247	0	387
348	307	108	-30	769	856	90	520	0	180
349	59	457	-20	772	887	90	240	0	309
350	49	451	20	314	435	90	0	882	109
351	125	39	20	245	353	90	0	596	80
352	61	147	-30	322	475	90	977	0	75
353	317	123	20	461	589	90	0	983	327
354	392	426	-20	653	735	90	528	0	253
355	237	213	-10	823	940	90	888	0	528
356	71	333	10	217	361	90	0	472	115
357	304	97	-10	357	516	90	32	0	108
358	196	462	-10	908	1050	90	978	0	323
359	224	191	20	266	406	90	0	923	256
360	37	51	10	607	716	90	0	763	318
361	491	25	-30	926	1041	90	384	0	91
362	270	401	20	182	302	90	0	485	112
363	474	461	30	307	421	90	0	68	84
364	66	448	10	270	338	90	0	170	50
365	337	241	20	294	443	90	0	120	261
366	269	46	-30	708	820	90	618	0	320
367	22	41	-10	1074	1201	90	966	0	251
368	198	271	20	357	482	90	0	530	319
369	287	43	10	515	649	90	0	261	324
370	446	63	20	678	769	90	0	827	373
371	200	229	30	275	381	90	0	643	233
372	48	72	-30	669	811	90	209	0	189
373	465	142	10	375	472	90	0	913	173
374	123	155	-30	1136	1216	90	159	0	671
375	16	497	-40	1007	1154	90	731	0	525
376	220	319	-10	958	1050	90	936	0	397
377	484	171	-10	652	765	90	546	0	240
378	55	431	-20	673	772	90	91	0	249
379	428	24	-10	1061	1183	90	54	0	103
380	80	342	10	193	336	90	0	9	107
381	16	68	20	510	627	90	0	310	247
382	124	56	20	231	345	90	0	708	85
383	95	218	-10	834	965	90	491	0	387
384	481	26	30	321	444	90	0	361	91
385	145	434	20	420	556	90	0	124	258
386	335	57	30	210	330	90	0	874	89
387	26	490	-10	1278	1406	90	436	0	736
388	324	127	30	143	281	90	0	760	36
389	109	114	-20	792	908	90	122	0	93
390	72	148	20	234	360	90	0	786	116
391	220	392	-10	954	1031	90	464	0	535
392	442	243	-20	977	1071	90	29	0	473
393	69	336	20	399	548	0	0	1037	260
394	131	226	20	121	258	90	0	119	102
395	150	204	20	595	739	90	0	728	471
396	423	217	20	765	868	90	0	469	518
397	419	459	-20	766	857	90	115	0	55
398	285	163	-30	688	806	90	477	0	465
399	203	7	-20	1005	1136	90	594	0	508
400	54	445	10	509	618	90	0	185	256
401	109	463	-10	914	1064	90	422	0	457
402	355	180	30	271	353	90	0	670	170
403	13	455	10	346	465	90	0	413	113
404	165	337	20	320	475	0	0	1050	265
405	314	124	-30	774	838	90	499	0	448
406	9	124	20	271	420	90	0	465	111
407	3	292	20	376	486	90	0	265	176
408	16	462	-20	889	1032	90	729	0	261
409	189	464	-20	818	945	90	134	0	434
410	288	154	-20	415	521	90	774	0	164
411	90	296	20	166	311	90	0	938	108
412	138	438	-20	804	920	90	106	0	89
413	13	459	-10	634	729	90	403	0	113
414	461	8	-10	714	854	90	334	0	254
415	96	97	20	217	322	90	0	322	59
416	68	99	-10	996	1130	90	313	0	109
417	146	205	10	332	448	90	0	90	251
418	117	152	-10	835	959	90	291	0	180
419	481	96	-20	504	599	90	323	0	112
420	338	260	-20	604	695	90	495	0	377
421	285	44	10	399	581	90	0	697	279
422	111	464	10	747	865	90	0	401	457
423	468	291	30	716	829	90	0	650	455
424	148	206	20	418	546	90	0	519	326
425	184	464	10	254	374	90	0	149	107
426	197	11	-20	619	778	90	683	0	244
427	396	410	-10	795	913	90	605	0	111
428	133	53	-10	648	741	90	460	0	250
429	132	30	-10	843	958	90	127	0	110
430	464	13	20	843	916	0	0	1002	447
431	100	394	10	990	1082	0	0	1014	655
432	483	22	10	458	561	90	0	835	176
433	93	235	10	917	1046	90	0	862	666
434	174	26	-30	1013	1128	90	497	0	251
435	436	264	20	186	317	90	0	863	97
436	24	492	10	1212	1341	90	0	387	736
437	406	94	10	331	475	90	0	205	190
438	234	246	-10	497	622	90	561	0	320
439	315	287	-30	666	780	90	613	0	322
440	408	453	10	570	666	90	0	939	306
441	128	225	10	151	278	90	0	610	115
442	226	191	-10	367	488	90	800	0	117
443	391	407	10	521	633	90	0	7	307
444	198	264	-30	746	845	90	581	0	108
445	179	7	-10	824	971	90	201	0	456
446	425	215	10	646	801	90	0	73	466
447	483	27	-10	1256	1412	90	288	0	322
448	22	40	-10	975	1118	90	257	0	120
449	479	176	20	256	406	90	0	602	115
450	476	102	-10	773	890	90	179	0	325
451	386	405	20	206	335	90	0	578	96
452	22	38	-20	899	1009	90	121	0	180
453	440	241	-10	1054	1179	90	757	0	539
454	182	14	-20	1039	1139	90	846	0	259
455	266	405	20	653	771	90	0	86	461
456	357	181	20	324	484	90	0	207	267
457	395	332	-20	568	673	90	339	0	311
458	423	290	10	304	414	90	0	51	177
459	104	28	20	664	799	90	0	830	395
460	131	56	10	459	562	90	0	428	250
461	111	110	-20	514	625	90	316	0	188
462	97	93	-20	433	558	90	627	0	182
463	90	274	-20	366	503	90	840	0	187
464	214	394	10	749	863	90	0	391	535
465	6	114	-20	762	903	90	406	0	111
466	375	191	-30	421	582	90	987	0	253
467	356	21	20	358	507	90	0	229	190
468	466	165	-10	709	844	90	595	0	388
469	415	223	-20	1231	1329	90	396	0	518
470	397	20	20	386	523	90	0	706	187
471	241	403	-10	654	777	90	772	0	245
472	69	334	-10	318	444	90	356	0	115
473	152	210	20	105	201	90	0	109	39
474	67	335	20	591	722	90	0	688	390
475	126	30	10	473	580	90	0	235	245
476	390	423	10	248	377	90	0	555	115
477	285	162	30	579	733	90	0	398	465
478	285	158	30	317	428	90	0	5	247
479	406	96	20	258	363	90	0	719	107
480	459	374	20	815	951	90	0	684	528
481	67	109	20	332	493	90	0	114	196
482	468	475	10	313	432	90	0	625	47
483	438	31	10	335	426	90	0	769	103
484	168	24	10	735	852	90	0	653	458
485	267	394	-20	945	1043	90	362	0	112
486	406	450	-20	382	487	90	962	0	107
487	460	288	10	213	350	90	0	255	40
488	224	203	20	53	174	90	0	211	90
489	21	487	-10	552	659	90	664	0	124
490	21	488	10	614	779	90	0	16	320
491	87	217	10	558	683	90	0	383	387
492	67	452	30	285	443	90	0	216	127
493	119	223	-20	817	942	90	604	0	254
494	398	428	-20	545	650	90	788	0	181
495	344	262	20	483	624	90	0	420	377
496	390	301	10	359	482	90	0	307	249
497	167	27	30	450	573	90	0	434	251
498	236	247	20	394	540	90	0	311	394
499	313	119	30	648	773	90	0	405	448
500	13	51	-10	1282	1425	90	83	0	765
501	200	13	10	378	472	90	0	799	172
502	0	120	30	405	518	90	0	222	177
503	202	4	10	919	1035	90	0	156	588
504	343	144	-10	290	361	90	306	0	93
505	94	383	-30	599	723	90	958	0	319
506	250	411	30	465	580	90	0	260	314
507	464	134	-40	1005	1149	90	942	0	456
508	443	237	20	212	355	90	0	152	121
509	4	114	-10	671	810	90	927	0	319
510	169	336	-30	807	923	90	39	0	319
511	200	178	-20	216	322	90	544	0	95
512	412	453	-10	646	778	90	743	0	238
513	121	151	-10	1022	1141	90	33	0	116
514	403	93	-10	1095	1216	90	292	0	465
515	399	301	-30	557	662	90	166	0	309
516	97	387	-10	799	893	90	317	0	255
517	176	8	-10	921	1060	90	634	0	314
518	62	326	-20	877	1006	90	967	0	315
519	151	207	-20	695	824	90	424	0	326
520	299	98	30	283	401	90	0	348	180
521	334	240	30	497	612	90	0	996	383
522	92	270	-10	937	1047	90	541	0	453
523	444	269	20	502	636	90	0	657	330
524	132	223	-20	803	942	90	40	0	167
525	428	25	-20	1168	1258	90	195	0	398
526	413	421	10	740	855	0	0	1023	464
527	382	498	10	601	688	90	0	636	305
528	391	429	20	434	566	90	0	354	253
529	398	97	10	253	354	90	0	300	105
530	192	265	-20	624	775	90	368	0	319
531	438	26	10	397	553	0	0	1005	195
532	44	79	10	267	394	90	0	894	94
533	137	290	-10	169	252	90	577	0	31
534	446	319	30	345	435	90	0	314	170
535	175	487	20	248	398	90	0	671	112
536	26	45	30	303	458	0	0	1025	115
537	147	435	20	504	656	90	0	816	333
538	111	459	-10	1108	1239	90	789	0	103
539	472	132	-40	728	864	90	175	0	96
540	349	158	-20	1022	1121	90	917	0	563
541	86	268	10	655	769	90	0	522	453
542	415	216	10	292	410	90	0	15	181
543	121	218	20	159	289	90	0	679	117
544	210	185	20	76	204	90	0	511	95
545	98	215	20	190	306	90	0	297	112
546	484	174	10	473	567	90	0	377	240
547	328	458	10	907	1043	0	0	1024	615
548	313	126	-20	850	947	90	272	0	184
549	390	415	-10	1025	1108	90	558	0	588
550	459	17	-20	987	1146	90	722	0	58
551	481	124	10	463	613	90	0	609	262
552	386	414	10	1082	1189	0	0	1027	731
553	116	466	20	289	403	90	0	579	111
554	468	295	-10	904	1018	90	950	0	394
555	391	426	-10	724	845	90	476	0	115
556	408	279	-10	650	779	90	755	0	113
557	15	68	10	412	544	90	0	236	185
558	392	424	10	917	1017	90	0	549	588
559	88	95	-20	624	747	90	698	0	321
560	116	151	-10	732	878	90	131	0	310
561	240	250	10	308	437	90	0	438	320
562	123	159	20	156	294	90	0	148	38
563	89	290	20	201	324	90	0	986	118
564	39	50	30	416	536	0	0	1019	183
565	359	179	-20	418	577	90	3	0	131
566	338	257	20	692	793	0	0	1007	528
567	92	236	-20	1007	1139	90	723	0	328
568	413	417	-20	1111	1232	90	223	0	521
569	91	101	10	818	929	90	0	603	496
570	55	449	20	278	405	90	0	752	94
571	57	425	20	260	387	90	0	341	94
572	465	287	10	524	650	90	0	881	323
573	320	280	10	201	318	90	0	947	181
574	322	468	20	533	667	90	0	202	328
575	483	458	10	607	756	90	0	302	332
576	312	267	-10	852	951	90	199	0	455
577	139	291	10	118	235	90	0	533	31
578	388	408	-20	321	465	90	451	0	96
579	110	459	-20	1029	1136	90	553	0	111
580	459	372	-20	631	768	90	620	0	170
581	204	269	30	49	194	90	0	444	108
582	407	98	10	218	345	90	0	204	94
583	335	256	-20	861	991	90	734	0	112
584	471	484	-20	558	632	90	990	0	163
585	339	244	30	201	348	0	0	1053	194
586	89	272	10	471	582	90	0	886	314
587	488	96	-30	881	1001	90	710	0	262
588	316	286	-20	575	689	90	337	0	248
589	235	50	-20	797	912	90	198	0	388
590	316	258	-20	262	424	90	155	0	113
591	425	288	10	578	694	90	0	220	386
592	213	397	-20	652	773	90	761	0	302
593	113	156	-20	567	672	90	57	0	241
594	199	9	20	840	924	90	0	399	508
595	463	167	10	619	746	90	0	468	388
596	129	27	-20	663	763	90	351	0	80
597	248	404	-40	165	323	90	238	0	58
598	405	276	-30	738	881	90	599	0	108
599	400	288	30	154	300	90	0	598	108
600	61	156	30	431	563	90	0	870	263
601	393	20	-20	1120	1292	90	182	0	100
602	484	177	-20	363	490	90	449	0	115
603	108	116	-10	892	993	90	569	0	496
604	112	217	20	345	481	90	0	493	254
605	389	404	10	243	356	90	0	427	111
606	102	391	-20	1082	1177	90	96	0	296
607	434	26	10	499	640	90	0	135	262
608	488	26	-10	1113	1222	90	839	0	602
609	477	120	-10	938	1057	90	551	0	262
610	126	220	-10	630	740	90	441	0	115
611	439	310	10	198	342	90	0	940	44
612	212	319	30	209	311	90	0	855	174
613	320	283	30	384	507	90	0	439	322
614	17	459	-20	1185	1289	90	711	0	106
615	236	213	20	39	162	90	0	667	48
616	68	108	10	230	350	90	0	338	89
617	390	294	-10	827	957	90	70	0	181
618	275	42	30	509	637	90	0	366	320
619	423	214	20	580	684	0	0	1040	380
620	460	367	20	375	468	90	0	580	170
621	272	402	10	280	390	90	0	969	177
622	478	102	10	690	789	90	0	877	387
623	400	260	40	150	237	90	0	992	65
624	181	6	-30	656	774	90	92	0	106
625	470	475	-10	342	468	90	482	0	47
626	245	408	-20	575	663	90	287	0	179
627	93	96	20	336	464	90	0	462	182
628	218	318	-20	854	969	90	794	0	537
629	441	265	40	304	441	90	0	826	187
630	21	64	20	804	890	0	0	1004	446
631	356	23	-20	276	405	90	76	0	48
632	267	44	20	613	729	90	0	12	391
633	277	50	10	234	352	90	0	929	112
634	182	4	10	571	675	90	0	517	314
635	26	36	10	622	727	90	0	113	312
636	384	491	-10	848	998	90	527	0	305
637	418	290	-20	1147	1247	90	55	0	673
638	321	277	10	75	187	90	0	72	36
639	358	16	30	571	665	90	0	730	305
640	389	334	-20	282	406	90	783	0	114
641	48	78	-20	946	1087	90	301	0	77
642	24	68	-30	1236	1382	90	264	0	663
643	206	225	-30	388	463	90	371	0	233
644	290	141	30	610	744	90	0	1000	470
645	439	15	20	615	741	90	0	889	329
646	359	182	-20	735	833	90	193	0	393
647	413	287	-10	1325	1440	90	239	0	514
648	230	49	20	201	302	90	0	767	75
649	407	280	-20	563	684	90	10	0	318
650	459	295	-30	1189	1293	90	423	0	455
651	468	199	20	651	748	90	0	733	393
652	101	384	30	200	296	90	0	142	71
653	170	26	-10	817	955	90	484	0	458
654	197	270	30	448	573	90	0	918	387
655	415	289	20	169	331	90	0	976	47
656	203	390	40	279	388	90	0	168	180
657	443	272	-20	788	902	90	523	0	330
658	210	391	30	172	301	90	0	771	115
659	363	22	20	922	1066	0	0	1015	608
660	352	176	20	126	233	90	0	263	80
661	212	223	-10	742	849	90	968	0	98
662	8	120	-20	1128	1273	90	196	0	538
663	244	250	-10	123	250	90	36	0	115
664	18	484	10	345	495	90	0	489	124
665	379	82	10	796	915	0	0	1035	527
666	84	346	20	1044	1207	0	0	1038	761
667	233	207	-20	72	201	90	615	0	48
668	344	62	-20	1176	1306	90	165	0	605
669	20	489	-30	833	924	90	79	0	105
670	361	181	-30	626	759	90	402	0	170
671	174	494	-20	469	587	90	535	0	112
672	49	76	-20	882	966	90	991	0	325
673	390	325	-20	839	973	90	748	0	455
674	7	118	20	958	1076	0	0	1008	599
675	107	26	-30	492	605	90	842	0	103
676	312	270	-20	951	1038	90	312	0	315
677	399	102	-20	608	756	90	780	0	78
678	109	108	10	422	532	90	0	773	248
679	115	218	-20	247	393	90	543	0	117
680	88	287	30	857	980	90	0	946	610
681	54	424	10	285	423	90	0	948	109
682	125	32	30	377	492	90	0	749	180
683	199	12	20	462	570	90	0	426	244
684	457	374	-20	909	1040	90	480	0	528
685	391	413	-30	985	1097	90	346	0	246
686	304	102	30	481	583	90	0	327	319
687	391	293	20	736	866	0	0	1044	538
688	66	336	-20	674	823	90	474	0	390
689	132	291	10	710	824	90	0	225	524
690	18	462	20	1005	1100	90	0	845	589
691	347	62	-20	1083	1214	90	792	0	114
692	466	142	-10	436	592	90	144	0	118
693	389	17	-10	960	1081	90	203	0	316
694	342	254	10	209	337	90	0	796	182
695	92	223	10	934	1056	0	0	1042	671
696	404	83	30	806	941	0	0	1030	535
697	290	46	-10	800	929	90	421	0	279
698	95	92	20	526	650	90	0	559	321
699	200	265	-20	822	953	90	335	0	259
700	435	16	-20	813	911	90	184	0	85
701	25	499	-30	1118	1241	90	49	0	179
702	319	260	20	460	596	0	0	1055	394
703	116	225	-20	720	851	90	742	0	329
704	402	284	30	267	412	90	0	99	181
705	108	105	20	234	353	90	0	47	112
706	386	13	-20	772	891	90	470	0	187
707	472	129	10	278	418	90	0	111	123
708	132	57	-20	360	479	90	382	0	85
709	43	71	40	505	600	0	0	1010	244
710	493	91	30	500	640	90	0	587	262
711	12	451	20	311	454	90	0	614	106
712	201	188	-20	508	599	90	308	0	254
713	60	428	20	1033	1162	0	0	1006	676
714	243	248	-20	212	346	90	183	0	75
715	230	197	-20	534	700	90	804	0	398
716	389	11	20	677	800	90	0	232	392
717	401	281	-20	921	1071	90	273	0	609
718	459	14	20	362	448	90	0	326	99
719	411	95	-20	443	553	90	479	0	107
720	0	297	10	639	776	90	0	2	391
721	476	196	-30	467	553	90	11	0	168
722	458	16	20	313	391	90	0	550	58
723	92	230	20	450	597	90	0	567	328
724	432	24	20	962	1094	0	0	1003	602
725	215	317	10	110	223	90	0	78	110
726	371	192	30	167	283	90	0	41	111
727	481	20	20	538	666	90	0	994	255
728	152	207	-20	795	907	90	395	0	471
729	14	459	20	517	664	90	0	408	261
730	361	17	-30	751	858	90	639	0	305
731	8	497	40	919	1047	90	0	375	525
732	206	186	-20	857	989	90	979	0	524
733	421	218	-20	845	973	90	651	0	393
734	402	264	20	187	303	90	0	583	112
735	388	325	-30	930	1067	90	325	0	534
736	35	304	30	252	372	0	0	1026	112
737	321	263	20	653	771	90	0	873	524
738	444	313	20	440	534	90	0	807	247
739	188	462	-20	740	839	90	208	0	91
740	400	103	10	516	666	90	0	989	341
741	418	221	-20	1127	1246	90	309	0	86
742	112	219	20	428	581	90	0	703	329
743	408	452	10	480	575	90	0	512	238
744	30	301	-10	637	748	90	912	0	251
745	205	228	10	90	193	0	0	1056	107
746	407	88	-20	1004	1115	90	37	0	387
747	380	489	-10	1053	1175	90	793	0	458
748	395	331	20	649	774	90	0	673	455
749	133	26	-30	744	870	90	682	0	180
750	21	68	-20	1157	1275	90	271	0	314
751	313	282	20	751	886	0	0	1054	611
752	53	440	-20	591	725	90	570	0	94
753	458	130	-10	1113	1237	90	242	0	168
754	437	15	-20	719	821	90	955	0	184
755	400	286	10	187	306	90	0	556	113
756	346	144	10	637	753	90	0	169	457
757	440	244	10	774	909	90	0	453	539
758	280	162	-20	125	243	90	856	0	44
759	488	173	-20	563	665	90	299	0	81
760	326	118	-30	195	291	90	388	0	36
761	207	400	20	492	559	90	0	592	302
762	391	18	-20	1056	1169	90	875	0	526
763	37	55	-10	694	816	90	360	0	318
764	204	15	20	239	351	90	0	879	46
765	173	28	-20	1112	1213	90	48	0	312
766	343	148	-40	345	495	90	294	0	116
767	231	43	-20	429	531	90	648	0	75
768	445	273	20	700	806	90	0	330	457
769	432	27	-10	766	922	90	483	0	103
770	439	305	30	693	841	90	0	883	483
771	208	396	-30	375	487	90	658	0	115
772	249	407	10	373	485	90	0	471	245
773	107	112	-10	698	817	90	678	0	248
774	279	159	20	238	315	90	0	410	164
775	376	494	30	302	428	90	0	188	115
776	403	262	-20	466	574	90	107	0	245
777	41	47	20	331	433	90	0	320	106
778	96	213	-30	292	389	90	66	0	98
779	461	167	-20	450	551	90	84	0	112
780	391	99	20	206	311	90	0	677	78
781	116	221	30	560	639	0	0	1046	376
782	165	343	10	550	619	90	0	256	369
783	388	334	20	193	314	90	0	640	114
784	130	57	40	262	392	90	0	852	123
785	422	409	10	234	403	90	0	217	126
786	66	156	-20	635	736	90	390	0	116
787	485	86	20	307	455	90	0	961	126
788	389	428	20	348	468	90	0	494	181
789	117	467	10	254	393	90	0	538	103
790	475	477	-30	1014	1106	90	993	0	465
791	429	27	-20	1231	1380	90	177	0	310
792	339	60	20	249	362	90	0	691	114
793	381	494	10	768	888	90	0	747	458
794	218	321	20	662	794	90	0	628	537
795	64	101	20	643	748	90	0	895	382
796	343	254	-10	301	426	90	694	0	182
797	478	464	10	356	449	90	0	19	102
798	423	286	20	407	499	90	0	141	241
799	198	9	-10	738	843	90	501	0	172
800	225	196	10	85	216	90	0	442	117
801	374	190	20	226	411	90	0	276	204
802	462	14	-20	915	1029	90	100	0	312
803	347	54	-20	813	928	90	259	0	311
804	231	195	20	460	589	90	0	715	398
805	72	96	20	1194	1305	90	0	878	802
806	489	87	20	403	546	90	0	290	192
807	443	313	-20	521	635	90	738	0	247
808	233	204	20	164	294	90	0	277	183
809	477	483	-10	710	851	90	60	0	326
810	459	368	10	280	380	90	0	959	104
811	95	277	-40	1032	1147	90	153	0	662
812	16	460	-20	1099	1193	90	866	0	394
813	100	266	-10	183	300	90	116	0	43
814	288	53	-20	895	1028	90	212	0	99
815	211	386	20	141	250	90	0	281	81
816	144	439	-20	711	821	90	537	0	333
817	224	314	10	1029	1172	0	0	1029	827
818	79	291	10	486	601	90	0	27	318
819	95	235	10	155	248	90	0	999	41
820	7	123	30	296	433	90	0	871	119
821	91	217	10	676	754	90	0	150	443
822	105	27	10	571	709	0	0	1012	332
823	101	385	20	239	344	90	0	258	107
824	238	210	-10	735	843	90	964	0	315
825	439	67	10	290	417	90	0	932	114
826	435	267	-40	1155	1281	90	629	0	187
827	443	64	-20	768	866	90	370	0	373
828	92	234	-10	821	959	90	943	0	255
829	450	265	10	404	538	90	0	248	253
830	102	27	-20	764	885	90	459	0	395
831	492	94	10	693	817	90	0	58	396
832	440	63	20	835	984	90	0	171	538
833	453	367	20	1021	1124	0	0	1022	667
834	15	69	10	320	453	90	0	215	117
835	489	17	-10	729	860	90	432	0	176
836	335	255	20	85	239	90	0	69	26
837	419	418	10	367	481	90	0	132	182
838	292	41	10	698	840	0	0	1036	470
839	489	27	10	999	1153	90	0	608	602
840	96	270	20	262	413	90	0	463	187
841	461	369	-20	564	648	90	960	0	87
842	105	22	30	316	408	90	0	675	103
843	479	121	-30	680	765	90	94	0	306
844	207	223	-20	543	677	90	143	0	399
845	17	458	-20	1255	1402	90	690	0	589
846	186	7	20	459	597	90	0	454	259
847	465	168	10	794	944	90	0	916	528
848	416	288	20	1239	1340	0	0	1039	877
849	388	418	10	217	372	90	0	342	115
850	92	233	-10	741	856	90	246	0	175
851	179	492	-20	641	788	90	226	0	187
852	132	55	-40	553	651	90	784	0	123
853	485	24	20	370	463	90	0	858	102
854	388	331	20	160	303	90	0	861	107
855	217	323	-30	358	538	90	612	0	174
856	281	164	20	91	225	90	0	758	44
857	169	340	-20	723	820	90	125	0	113
858	491	20	-20	835	943	90	853	0	102
859	279	42	40	231	370	90	0	324	119
860	439	243	20	1152	1266	90	0	221	807
861	391	334	-20	376	496	90	854	0	107
862	96	244	-10	1294	1417	90	433	0	666
863	441	273	-20	879	996	90	435	0	97
864	477	478	20	914	1021	90	0	280	524
865	56	434	-20	844	977	90	275	0	456
866	12	463	20	706	846	90	0	812	394
867	458	164	20	335	477	0	0	1031	188
868	446	65	20	478	605	90	0	146	251
869	71	156	-20	806	942	90	274	0	465
870	65	153	-30	523	662	90	600	0	263
871	8	118	-30	1038	1178	90	820	0	119
872	102	29	30	864	969	90	0	903	524
873	315	265	-20	746	870	90	737	0	524
874	343	62	-30	1271	1394	90	386	0	89
875	384	16	20	881	971	90	0	762	526
876	67	105	-10	526	674	90	74	0	244
877	478	118	-10	1045	1134	90	622	0	387
878	73	101	-20	1284	1405	90	805	0	802
879	200	14	-20	272	395	90	764	0	46
880	114	225	-20	618	769	90	902	0	105
881	460	293	-10	1083	1215	90	572	0	323
882	51	447	-20	413	525	90	350	0	109
883	418	295	-30	1041	1163	90	770	0	483
884	282	139	20	133	282	90	0	900	124
885	477	122	-20	841	970	90	982	0	94
886	91	266	-10	763	852	90	586	0	314
887	16	463	-20	823	916	90	970	0	173
888	228	199	10	658	760	90	0	355	528
889	435	20	-20	900	1013	90	645	0	329
890	467	195	10	236	392	90	0	253	126
891	469	132	10	828	951	0	0	1043	526
892	465	136	-10	915	1055	90	133	0	318
893	246	255	10	805	891	90	0	266	663
894	49	75	-10	770	896	90	532	0	94
895	66	98	-20	913	1027	90	795	0	382
896	166	32	-20	256	391	90	984	0	50
897	326	466	-10	737	832	90	980	0	192
898	202	186	20	578	714	90	0	915	475
899	467	285	20	352	455	90	0	85	176
900	290	136	-20	521	642	90	884	0	124
901	341	58	10	345	452	90	0	319	179
902	121	219	20	132	274	90	0	880	105
903	107	35	-30	964	1063	90	872	0	524
904	216	319	-20	283	425	90	130	0	103
905	134	288	-20	888	1014	90	945	0	315
906	89	270	10	558	679	90	0	174	387
907	136	52	10	734	842	0	0	1028	460
908	462	167	-30	514	669	90	194	0	100
909	340	54	10	428	557	0	0	1033	255
910	80	286	10	566	712	90	0	189	403
911	38	301	-20	720	862	90	922	0	98
912	25	307	10	442	567	90	0	744	251
913	470	139	-10	614	785	90	373	0	173
914	270	400	10	151	253	90	0	213	76
915	204	187	-20	771	890	90	898	0	475
916	460	171	-10	900	1031	90	847	0	528
917	399	106	20	892	1022	90	0	540	563
918	197	267	-30	538	669	90	654	0	387
919	77	350	-10	964	1092	90	97	0	586
920	91	231	30	549	681	90	0	71	390
921	398	103	-20	699	848	90	965	0	261
922	35	303	20	221	353	90	0	911	98
923	231	204	-20	741	869	90	359	0	256
924	311	266	10	63	165	90	0	224	76
925	416	420	20	652	757	90	0	24	389
926	231	203	20	278	366	0	0	1057	236
927	4	116	10	591	706	90	0	509	319
928	417	217	-20	399	488	90	293	0	124
929	268	52	-10	977	1105	90	633	0	112
930	345	144	30	533	676	90	0	241	400
931	368	85	30	202	345	90	0	163	106
932	441	65	-10	385	508	90	825	0	114
933	201	270	10	88	198	90	0	52	104
934	0	293	30	570	657	90	0	62	302
935	167	24	-20	622	782	90	244	0	185
936	186	464	10	639	754	90	0	376	397
937	7	292	10	246	380	90	0	181	37
938	80	290	-20	413	492	90	411	0	108
939	405	455	-10	857	974	90	440	0	306
940	439	312	-10	230	350	90	611	0	44
941	300	108	10	150	265	90	0	243	85
942	478	121	40	756	871	90	0	507	456
943	92	232	10	364	500	90	0	828	255
944	111	463	-10	850	944	90	103	0	192
945	132	294	20	428	547	90	0	905	315
946	134	285	-30	1087	1185	90	680	0	610
947	316	284	-10	457	622	90	573	0	181
948	56	428	-10	394	503	90	681	0	109
949	232	47	10	241	349	90	0	64	108
950	466	291	10	615	746	90	0	554	394
951	341	257	20	401	513	90	0	21	316
952	420	213	-10	462	616	90	167	0	79
953	116	152	20	652	777	0	0	1041	458
954	163	337	-40	258	353	90	981	0	94
955	440	7	20	424	554	90	0	754	184
956	208	222	-30	644	757	90	218	0	174
957	485	95	10	281	401	90	0	318	89
958	97	385	30	502	633	90	0	505	319
959	462	367	-10	465	561	90	810	0	104
960	455	365	20	235	352	90	0	841	87
961	492	95	-20	777	915	90	787	0	126
962	405	450	20	288	398	90	0	486	107
963	371	193	20	133	221	90	0	279	65
964	234	202	10	359	471	90	0	824	315
965	404	103	20	431	562	90	0	921	261
966	24	41	10	515	643	90	0	367	251
967	67	334	20	509	622	90	0	518	315
968	207	227	10	48	180	90	0	661	98
969	277	403	-10	357	502	90	621	0	177
970	15	457	20	452	544	90	0	887	173
971	217	319	-10	754	886	90	13	0	386
972	111	467	-10	568	676	90	331	0	245
973	378	493	30	419	495	90	0	245	165
974	112	465	10	658	770	0	0	1016	385
975	173	25	20	899	1060	0	0	1021	616
976	421	292	-20	204	329	90	655	0	47
977	74	146	30	204	305	90	0	352	75
978	178	491	10	563	683	90	0	358	323
979	204	185	20	697	779	90	0	732	524
980	319	470	10	338	487	90	0	897	192
981	163	331	40	118	245	90	0	954	94
982	470	125	20	253	379	90	0	885	94
983	315	121	-20	563	673	90	353	0	327
984	166	34	20	231	314	90	0	896	50
985	284	140	40	115	227	90	0	305	83
986	85	288	-20	288	426	90	563	0	118
987	376	190	30	344	477	90	0	466	253
988	238	203	10	451	567	90	0	286	388
989	399	104	-10	799	930	90	740	0	341
990	472	481	20	444	560	90	0	584	163
991	46	74	20	592	703	90	0	672	325
992	401	255	-40	635	787	90	623	0	65
993	475	480	30	806	942	90	0	790	465
994	485	27	-20	1193	1328	90	727	0	255
995	476	174	-20	823	975	90	296	0	467
996	330	242	-30	606	691	90	521	0	383
997	332	249	30	82	204	90	0	87	53
998	375	80	-40	526	623	90	137	0	240
999	94	235	-10	191	302	90	819	0	41
1000	287	144	-30	805	918	90	644	0	470
1001	470	473	-10	1195	1296	90	43	0	737
1002	464	13	-20	843	916	90	430	0	447
1003	432	24	-20	962	1094	90	724	0	602
1004	21	64	-20	804	890	90	630	0	446
1005	438	26	-10	397	553	90	531	0	195
1006	60	428	-20	1033	1162	90	713	0	676
1007	338	257	-20	692	793	90	566	0	528
1008	7	118	-20	958	1076	90	674	0	599
1009	474	96	-30	271	407	90	164	0	101
1010	43	71	-40	505	600	90	709	0	244
1011	87	96	-30	715	838	90	172	0	460
1012	105	27	-10	571	709	90	822	0	332
1013	399	450	-20	964	1063	90	123	0	610
1014	100	394	-10	990	1082	90	431	0	655
1015	363	22	-20	922	1066	90	659	0	608
1016	112	465	-10	658	770	90	974	0	385
1017	172	488	-10	297	387	90	303	0	102
1018	2	295	-30	741	860	90	126	0	455
1019	39	50	-30	416	536	90	564	0	183
1020	202	9	-10	1170	1336	90	82	0	817
1021	173	25	-20	899	1060	90	975	0	616
1022	453	367	-20	1021	1124	90	833	0	667
1023	413	421	-10	740	855	90	526	0	464
1024	328	458	-10	907	1043	90	547	0	615
1025	26	45	-30	303	458	90	536	0	115
1026	35	304	-30	252	372	90	736	0	112
1027	386	414	-10	1082	1189	90	552	0	731
1028	136	52	-10	734	842	90	907	0	460
1029	224	314	-10	1029	1172	90	817	0	827
1030	404	83	-30	806	941	90	696	0	535
1031	458	164	-20	335	477	90	867	0	188
1032	440	61	-30	953	1050	90	270	0	586
1033	340	54	-10	428	557	90	909	0	255
1034	140	431	-30	265	338	90	158	0	94
1035	379	82	-10	796	915	90	665	0	527
1036	292	41	-10	698	840	90	838	0	470
1037	69	336	-20	399	548	90	393	0	260
1038	84	346	-20	1044	1207	90	666	0	761
1039	416	288	-20	1239	1340	90	848	0	877
1040	423	214	-20	580	684	90	619	0	380
1041	116	152	-20	652	777	90	953	0	458
1042	92	223	-10	934	1056	90	695	0	671
1043	469	132	-10	828	951	90	891	0	526
1044	391	293	-20	736	866	90	687	0	538
1045	319	124	-20	381	485	90	321	0	256
1046	116	221	-30	560	639	90	781	0	376
1047	379	196	-20	633	745	90	31	0	453
1048	128	291	-10	591	754	90	46	0	468
1049	123	222	-30	355	450	90	282	0	239
1050	165	337	-20	320	475	90	404	0	265
1051	287	143	-10	718	823	90	25	0	532
1052	154	207	-20	961	1107	90	186	0	751
1053	339	244	-30	201	348	90	585	0	194
1054	313	282	-20	751	886	90	751	0	611
1055	319	260	-20	460	596	90	702	0	394
1056	205	228	-10	90	193	90	745	0	107
1057	231	203	-20	278	366	90	926	0	236
1058	237	254	-20	608	709	90	22	0	521

