250	700	1
0	250	250	0	0	3914	0	0	0
1	212	101	30	0	3671	90	0	788	2100
2	266	231	40	0	3800	90	0	119	3684
3	89	284	-20	1436	1596	90	961	0	1248
4	430	298	10	0	3638	90	0	714	3326
5	435	77	-10	0	3571	90	588	0	3220
6	25	293	20	0	3595	90	0	22	3262
7	43	269	30	687	847	90	0	176	639
8	216	117	10	0	3687	90	0	452	2882
9	294	437	30	661	821	90	0	847	628
10	79	479	30	998	1158	90	0	753	872
11	365	18	20	0	3566	90	0	770	2466
12	225	125	20	127	287	90	0	712	159
13	448	103	30	0	3578	90	0	355	2771
14	143	266	10	0	3716	90	0	373	3513
15	252	347	-30	0	3727	90	335	0	2894
16	403	390	-30	0	3617	90	54	0	1805
17	67	153	20	0	3617	90	0	538	3291
18	90	168	20	3080	3240	90	0	405	3060
19	302	235	-30	0	3770	90	579	0	3620
20	259	355	20	1917	2077	90	0	649	1971
21	149	183	-10	3108	3268	90	563	0	2954
22	19	297	-20	0	3589	90	6	0	3262
23	209	358	-20	1477	1637	90	80	0	1389
24	56	388	20	0	3586	90	0	358	3258
25	115	269	10	0	3688	90	0	180	3418
26	377	356	10	0	3659	90	0	359	642
27	113	229	-20	0	3686	90	442	0	3443
28	205	343	20	902	1062	90	0	974	958
29	48	137	20	0	3593	90	0	658	3271
30	467	157	-20	0	3588	90	818	0	3223
31	220	394	10	0	3677	90	0	245	3424
32	436	54	20	0	3554	90	0	681	3191
33	54	357	10	0	3601	90	0	129	3267
34	456	154	-10	0	3597	90	155	0	3279
35	216	307	-10	0	3758	90	103	0	1329
36	280	224	-20	0	3785	90	302	0	3293
37	90	270	10	565	725	90	0	997	563
38	166	452	20	0	3606	90	0	572	3238
39	17	283	20	0	3589	90	0	710	3260
40	196	192	-20	0	3745	90	736	0	1698
41	94	275	10	469	629	90	0	855	471
42	292	445	10	0	3625	90	0	927	3335
43	329	471	-10	0	3590	90	120	0	3232
44	326	57	-30	0	3617	90	499	0	3268
45	95	466	-20	0	3559	90	263	0	2217
46	429	282	-10	3018	3178	90	271	0	2905
47	229	364	-10	0	3709	90	542	0	3474
48	457	160	-10	0	3599	90	583	0	1419
49	452	154	30	332	492	90	0	766	268
50	113	289	10	0	3682	90	0	564	3353
51	67	387	-40	0	3596	90	459	0	355
52	368	17	20	2021	2181	90	0	910	1919
53	341	367	-10	0	3676	90	746	0	923
54	410	364	30	1842	2002	90	0	16	1805
55	80	281	10	0	3652	90	0	705	3388
56	321	224	30	0	3749	90	0	690	3582
57	73	395	20	1223	1383	90	0	741	1154
58	259	76	10	0	3650	90	0	562	3380
59	121	203	10	0	3687	0	0	1012	3549
60	118	256	-20	0	3692	90	694	0	3465
61	236	361	-30	0	3713	90	854	0	3326
62	78	371	-10	0	3614	90	234	0	3276
63	301	53	20	0	3621	90	0	846	3307
64	382	197	20	0	3682	90	0	389	3450
65	491	160	20	0	3567	90	0	171	3214
66	453	164	10	0	3604	90	0	954	3270
67	277	371	-50	595	755	90	394	0	381
68	272	212	-20	0	3781	90	922	0	3356
69	386	218	-10	1901	2061	90	136	0	1830
70	353	32	10	0	3583	90	0	477	2589
71	59	389	20	0	3588	90	0	644	3259
72	414	62	10	0	3575	90	0	785	3193
73	278	357	-20	0	3714	90	385	0	3352
74	101	179	20	2412	2572	90	0	183	2406
75	396	234	20	0	3678	90	0	976	3439
76	74	390	20	797	957	90	0	251	732
77	332	55	30	211	371	90	0	490	159
78	272	365	30	0	3707	90	0	347	3362
79	418	355	-30	2037	2197	90	132	0	1898
80	216	380	20	0	3690	90	0	23	1389
81	440	173	-20	3282	3442	90	396	0	3058
82	89	358	-20	0	3631	90	418	0	3291
83	66	491	-20	0	3521	90	664	0	3117
84	317	234	10	2479	2639	90	0	902	2570
85	439	297	-20	0	3630	90	624	0	3305
86	394	367	30	380	540	90	0	148	354
87	58	364	10	0	3601	90	0	609	3286
88	290	75	20	191	351	90	0	932	171
89	346	344	-10	0	3690	90	96	0	3390
90	131	269	10	0	3704	90	0	97	3489
91	236	96	20	1604	1764	90	0	971	1609
92	29	282	-10	1410	1570	90	950	0	1202
93	418	385	-30	0	3609	90	523	0	3276
94	148	225	40	613	773	90	0	329	667
95	166	464	10	0	3595	90	0	278	3261
96	266	373	10	0	3700	90	0	89	3390
97	201	273	-10	0	3770	90	90	0	3489
98	255	245	10	0	3817	90	0	224	646
99	220	379	-20	0	3692	90	282	0	3469
100	85	317	-20	0	3646	90	440	0	3365
101	125	264	20	0	3699	90	0	880	2036
102	131	253	-20	0	3705	90	476	0	3464
103	184	188	10	1260	1420	90	0	35	1329
104	128	209	-10	0	3696	90	480	0	3309
105	373	364	-10	0	3657	90	436	0	3331
106	389	342	-20	1145	1305	90	670	0	505
107	420	20	30	575	735	90	0	899	448
108	132	218	10	136	296	90	0	431	173
109	32	256	-20	0	3606	90	199	0	3173
110	406	339	20	295	455	90	0	566	275
111	191	397	-30	0	3666	90	900	0	3413
112	72	341	-10	0	3625	90	502	0	3274
113	35	308	-10	3072	3232	90	802	0	2867
114	169	360	-10	2172	2332	90	141	0	2105
115	222	381	20	0	3691	90	0	577	2995
116	96	292	10	0	3665	90	0	552	3412
117	311	496	-20	0	3571	90	419	0	170
118	220	384	-10	0	3687	90	184	0	3436
119	259	243	-40	0	3813	90	2	0	3684
120	349	476	10	0	3578	90	0	43	3232
121	63	159	20	0	3617	0	0	1006	3409
122	112	243	20	0	3686	90	0	930	3457
123	448	302	20	2327	2487	90	0	497	2282
124	343	27	-30	0	3583	90	165	0	3146
125	67	485	40	2166	2326	90	0	911	2028
126	220	359	30	1424	1584	90	0	428	1470
127	147	435	-20	2111	2271	90	197	0	260
128	317	235	20	0	3756	90	0	581	2015
129	43	355	-10	0	3592	90	33	0	3267
130	368	340	-10	461	621	90	509	0	291
131	450	72	10	0	3557	90	0	516	3196
132	400	364	30	0	3636	90	0	79	1898
133	355	480	20	0	3572	90	0	353	3228
134	450	153	20	533	693	90	0	410	470
135	126	188	-30	0	3686	90	955	0	3457
136	380	223	10	0	3692	90	0	69	1830
137	71	453	-20	685	845	90	822	0	458
138	54	287	20	209	369	90	0	897	169
139	420	168	10	3393	3553	0	0	1003	3364
140	219	89	20	0	3661	90	0	635	3398
141	189	327	10	0	3726	90	0	114	2105
142	191	309	10	0	3741	0	0	1017	3657
143	301	67	-20	0	3635	90	617	0	3345
144	484	161	-10	0	3574	90	908	0	845
145	77	483	-20	0	3534	90	232	0	3128
146	241	375	-20	0	3699	90	722	0	3322
147	428	64	-10	0	3567	90	757	0	159
148	403	361	-30	0	3635	90	86	0	354
149	257	336	-30	0	3738	90	519	0	1851
150	131	241	10	3378	3538	90	0	474	3418
151	63	166	30	0	3619	90	0	696	3298
152	71	368	-10	0	3610	90	647	0	487
153	272	228	10	2033	2193	90	0	748	2161
154	25	290	30	0	3596	90	0	156	3241
155	441	157	10	0	3612	90	0	34	3279
156	13	266	-30	0	3587	90	154	0	3241
157	251	376	-10	0	3698	90	182	0	3480
158	61	170	30	0	3619	90	0	166	3321
159	386	357	20	1433	1593	90	0	260	1419
160	95	475	-30	0	3551	90	235	0	3158
161	90	298	10	2104	2264	90	0	399	2096
162	71	388	20	0	3598	90	0	167	3239
163	383	246	20	0	3691	90	0	667	3387
164	352	38	10	0	3589	90	0	211	3263
165	395	1	30	0	3536	90	0	124	3146
166	120	210	-30	0	3688	90	158	0	3321
167	46	383	-20	0	3581	90	162	0	3239
168	202	198	30	0	3754	90	0	882	3504
169	358	365	-10	0	3667	90	939	0	3408
170	191	352	-10	0	3707	90	574	0	3313
171	470	152	-20	0	3584	90	65	0	3214
172	228	124	20	141	301	90	0	720	173
173	402	230	10	0	3671	90	0	934	2850
174	323	229	-10	0	3749	90	686	0	3581
175	331	486	10	0	3575	90	0	887	2474
176	112	208	-30	0	3680	90	7	0	639
177	172	435	30	0	3624	90	0	222	3328
178	326	498	10	0	3565	90	0	242	1012
179	460	183	-20	0	3604	90	832	0	1982
180	95	279	-10	0	3667	90	25	0	3418
181	76	456	-20	0	3555	90	540	0	3193
182	242	350	10	0	3724	90	0	157	3480
183	152	196	-20	0	3713	90	74	0	2406
184	268	351	10	0	3722	90	0	118	3436
185	360	356	10	0	3672	90	0	775	3343
186	39	296	-20	1983	2143	90	790	0	1817
187	262	368	30	1162	1322	90	0	682	1203
188	204	90	-20	1094	1254	90	420	0	996
189	149	273	20	212	372	90	0	272	268
190	446	86	10	0	3569	90	0	988	3217
191	139	269	-20	0	3712	90	571	0	3489
192	483	170	30	0	3578	90	0	485	3227
193	39	278	-10	1601	1761	90	304	0	1411
194	201	307	-20	0	3749	90	401	0	3559
195	395	378	-40	0	3631	90	825	0	3339
196	139	262	30	0	3713	90	0	859	3507
197	176	447	20	311	471	90	0	127	260
198	67	380	-30	0	3600	90	398	0	3245
199	35	358	20	0	3584	90	0	109	3173
200	294	455	-30	0	3615	90	929	0	260
201	351	33	20	0	3585	90	0	427	1255
202	216	316	-20	0	3750	90	983	0	3432
203	261	96	40	0	3670	90	0	415	3409
204	238	57	30	0	3631	90	0	547	1483
205	383	18	20	1643	1803	90	0	496	1535
206	152	460	-10	0	3593	90	776	0	3267
207	94	479	20	0	3547	90	0	865	3178
208	337	453	30	0	3604	90	0	350	3291
209	135	460	-20	0	3585	90	673	0	3246
210	260	104	20	157	317	90	0	838	170
211	337	63	-10	0	3618	90	164	0	3263
212	32	247	-10	0	3606	90	632	0	3262
213	394	205	-20	0	3674	90	662	0	757
214	95	294	-10	0	3663	90	795	0	3411
215	253	241	-20	2835	2995	90	837	0	2589
216	223	90	-10	0	3662	90	555	0	3399
217	64	473	10	0	3534	90	0	956	3137
218	275	431	-30	0	3642	90	305	0	3366
219	261	84	10	0	3658	90	0	843	3390
220	176	296	-30	1230	1390	90	836	0	1128
221	361	349	-20	3016	3176	90	390	0	1402
222	168	433	-30	0	3624	90	177	0	3328
223	394	10	40	0	3545	90	0	381	3173
224	308	60	-10	776	936	90	98	0	646
225	94	456	20	0	3566	0	0	1001	3307
226	73	484	-30	0	3531	90	703	0	3115
227	277	434	-20	0	3639	90	744	0	3357
228	119	232	-20	1939	2099	90	629	0	1822
229	78	375	10	0	3612	90	0	255	3283
230	366	346	-20	0	3674	90	689	0	159
231	125	181	-20	0	3682	90	337	0	3367
232	69	493	20	0	3521	90	0	145	3128
233	432	80	40	908	1068	90	0	989	818
234	72	391	10	0	3597	90	0	62	3276
235	85	486	30	0	3537	90	0	160	3158
236	204	371	-20	0	3695	90	680	0	3470
237	173	328	-30	0	3715	90	905	0	3309
238	280	423	10	0	3649	90	0	301	1916
239	200	327	-30	3150	3310	90	314	0	3106
240	241	98	-20	0	3672	90	773	0	1798
241	96	356	10	186	346	90	0	464	159
242	332	491	-10	1211	1371	90	178	0	1012
243	81	283	10	1624	1784	90	0	828	1611
244	373	22	10	0	3565	90	0	451	3178
245	255	371	-10	0	3703	90	31	0	3424
246	358	359	-10	0	3671	90	303	0	943
247	216	93	-20	0	3664	90	539	0	452
248	73	360	20	0	3616	90	0	257	3301
249	305	212	-10	0	3758	90	796	0	3308
250	151	462	10	0	3591	90	0	857	1327
251	47	389	-20	0	3578	90	76	0	732
252	155	198	-20	0	3716	90	833	0	3295
253	152	457	10	0	3595	90	0	941	1701
254	329	48	10	0	3608	90	0	700	3207
255	88	394	-10	0	3608	90	229	0	3283
256	153	295	-20	3382	3542	90	470	0	3239
257	81	373	-20	0	3615	90	248	0	3301
258	163	453	10	0	3604	90	0	951	3237
259	378	25	-20	0	3566	90	331	0	1626
260	401	385	-20	0	3622	90	159	0	1419
261	184	340	10	0	3713	90	0	585	3510
262	402	362	-30	0	3636	90	835	0	171
263	70	482	20	2351	2511	90	0	45	2217
264	357	445	-20	0	3602	90	361	0	1822
265	212	71	-10	0	3642	90	999	0	3366
266	231	81	-30	0	3654	90	268	0	3393
267	379	208	10	835	995	90	0	756	859
268	236	95	30	0	3669	90	0	266	3393
269	386	344	-10	0	3659	90	356	0	359
270	189	200	10	1989	2149	90	0	968	2070
271	296	253	10	0	3778	90	0	46	2905
272	73	303	-20	0	3640	90	189	0	268
273	30	162	-30	0	3588	90	493	0	3253
274	230	95	-20	1899	2059	90	814	0	1765
275	57	131	-10	0	3598	90	708	0	3278
276	379	245	10	0	3695	90	0	616	3432
277	107	221	-10	0	3679	90	850	0	3411
278	154	458	-10	0	3595	90	95	0	3261
279	290	417	10	0	3653	90	0	614	3337
280	272	243	30	0	3801	90	0	633	3673
281	94	130	10	0	3628	90	0	421	3330
282	222	356	20	0	3715	90	0	99	3469
283	243	108	-30	0	3682	90	437	0	3407
284	224	93	-20	2191	2351	90	601	0	929
285	155	242	-10	0	3729	90	842	0	3489
286	440	302	20	0	3628	90	0	492	3327
287	221	102	20	0	3674	90	0	803	3427
288	52	484	10	0	3518	90	0	799	3114
289	111	244	-10	0	3685	90	903	0	3438
290	132	273	10	0	3704	90	0	862	3487
291	228	186	20	0	3757	90	0	684	3576
292	221	374	30	0	3697	90	0	794	1492
293	406	286	-10	0	3664	90	942	0	3412
294	390	9	30	1263	1423	90	0	607	1144
295	335	52	20	0	3609	90	0	323	2070
296	189	368	-20	0	3692	90	940	0	3459
297	397	40	-30	0	3568	90	518	0	3176
298	408	305	10	0	3657	90	0	966	2291
299	156	434	10	0	3618	90	0	781	3320
300	180	335	20	0	3714	90	0	816	3506
301	327	483	-10	2098	2258	90	238	0	1916
302	363	62	20	0	3605	90	0	36	3293
303	375	342	10	939	1099	90	0	246	943
304	16	280	10	0	3589	90	0	193	1411
305	277	431	30	0	3641	90	0	218	3366
306	110	241	20	0	3684	90	0	315	3071
307	48	385	20	0	3582	90	0	841	3246
308	152	260	10	0	3726	90	0	923	3511
309	255	120	-30	0	3694	90	771	0	3397
310	214	382	-20	0	3688	90	962	0	3459
311	414	384	-10	0	3613	90	679	0	3286
312	232	378	-20	0	3695	90	764	0	2156
313	80	141	-10	494	654	90	550	0	360
314	188	330	30	0	3723	90	0	239	3106
315	157	192	-20	3210	3370	90	306	0	3071
316	101	237	-20	1831	1991	90	666	0	1744
317	74	360	40	2856	3016	90	0	698	2808
318	267	260	20	0	3805	90	0	322	505
319	378	46	-20	0	3584	90	598	0	656
320	420	311	30	0	3644	90	0	993	3372
321	384	217	-30	1809	1969	90	717	0	1731
322	418	300	-20	611	771	90	318	0	505
323	356	77	-20	2249	2409	90	295	0	2070
324	253	244	-30	0	3818	90	830	0	3709
325	323	258	10	0	3751	0	0	1009	3677
326	293	454	-30	0	3616	90	998	0	3309
327	231	97	20	0	3670	90	0	524	3410
328	316	234	10	0	3757	90	0	675	3129
329	207	196	-40	2565	2725	90	94	0	667
330	321	228	-10	0	3750	90	336	0	1978
331	382	17	20	1734	1894	90	0	259	1626
332	206	326	-20	0	3737	90	888	0	3314
333	198	284	10	0	3762	0	0	1005	3699
334	137	186	-20	2912	3072	90	424	0	2774
335	229	396	30	2882	3042	90	0	15	2894
336	268	235	10	1842	2002	90	0	330	1978
337	95	243	20	0	3669	90	0	231	3367
338	297	430	20	378	538	90	0	981	351
339	393	368	10	0	3639	90	0	879	3324
340	66	391	-40	0	3593	90	608	0	780
341	189	339	-20	2863	3023	90	668	0	2825
342	280	351	-20	0	3719	90	456	0	2209
343	241	77	-20	1225	1385	90	575	0	1109
344	134	265	-10	2666	2826	90	548	0	1960
345	420	95	30	345	505	90	0	885	274
346	111	279	30	141	301	90	0	868	159
347	367	358	-30	0	3665	90	78	0	3362
348	239	373	10	0	3701	90	0	731	2913
349	384	235	-20	0	3690	90	646	0	3454
350	284	360	-30	0	3709	90	208	0	3291
351	325	75	-10	0	3634	90	1000	0	3297
352	279	369	10	0	3702	90	0	536	3365
353	340	449	-20	0	3606	90	133	0	3228
354	275	448	-30	0	3625	90	826	0	3328
355	447	88	-30	2963	3123	90	13	0	2771
356	314	279	10	270	430	90	0	269	359
357	434	377	10	0	3601	90	0	507	3278
358	67	377	-20	0	3602	90	24	0	3258
359	370	353	-10	746	906	90	26	0	642
360	57	367	20	0	3599	90	0	947	2989
361	332	486	20	1912	2072	90	0	264	1822
362	386	361	-30	1527	1687	90	512	0	1380
363	55	282	40	305	465	90	0	821	267
364	317	467	-20	0	3597	90	730	0	3276
365	335	54	-20	1853	2013	90	909	0	731
366	348	466	-30	0	3587	90	434	0	3217
367	132	314	-10	0	3690	90	873	0	3356
368	328	216	-30	0	3739	90	384	0	3314
369	416	48	-20	0	3563	90	726	0	3200
370	370	55	10	0	3596	90	0	759	3275
371	149	434	30	0	3615	90	0	628	3313
372	466	169	30	0	3594	90	0	986	3214
373	141	267	-10	0	3714	90	14	0	3513
374	258	350	-10	1822	1982	90	403	0	1788
375	428	312	10	0	3636	90	0	469	3353
376	211	188	10	0	3751	90	0	970	3585
377	50	343	-20	0	3604	90	784	0	3275
378	107	311	-30	2813	2973	90	806	0	2710
379	178	441	20	0	3620	90	0	904	3282
380	232	85	-40	0	3659	90	503	0	3402
381	391	23	-40	0	3557	90	223	0	3173
382	137	227	20	0	3709	90	0	987	933
383	161	203	20	0	3724	90	0	505	3533
384	363	212	30	3274	3434	90	0	368	3314
385	384	346	20	0	3660	90	0	73	3352
386	166	434	40	2965	3125	90	0	596	2922
387	274	248	20	0	3800	90	0	724	3577
388	156	421	-20	0	3629	90	765	0	3316
389	346	211	-20	0	3721	90	64	0	3450
390	265	358	20	1352	1512	90	0	221	1402
391	96	407	20	0	3605	90	0	877	3180
392	443	70	20	2464	2624	90	0	530	2360
393	125	212	-10	0	3694	90	933	0	3339
394	361	337	50	363	523	90	0	67	381
395	322	78	-10	2464	2624	90	898	0	2312
396	481	156	20	0	3575	90	0	81	3058
397	188	293	30	0	3749	90	0	755	3518
398	76	408	30	0	3589	90	0	198	3245
399	130	304	-10	0	3693	90	161	0	2096
400	378	363	30	0	3654	90	0	958	3314
401	185	301	20	0	3742	90	0	194	3559
402	385	235	-20	2581	2741	90	967	0	2509
403	261	350	10	0	3724	90	0	374	1788
404	389	33	-10	0	3567	90	706	0	2498
405	151	214	-20	0	3719	90	18	0	3060
406	265	94	10	0	3668	90	0	478	2791
407	65	164	20	0	3620	90	0	627	3293
408	293	81	-20	0	3650	90	531	0	3338
409	363	55	10	0	3599	90	0	576	3174
410	465	176	-20	0	3597	90	134	0	470
411	428	298	30	1654	1814	90	0	514	1629
412	75	379	30	0	3607	90	0	763	3236
413	404	378	10	0	3624	90	0	805	3332
414	203	203	10	0	3758	90	0	992	1153
415	259	88	-40	0	3662	90	203	0	3409
416	362	17	10	0	3566	90	0	864	3190
417	320	258	20	564	724	90	0	591	653
418	59	358	20	0	3605	90	0	82	3291
419	316	453	20	224	384	90	0	117	170
420	225	192	20	0	3761	90	0	188	996
421	140	206	-10	0	3706	90	281	0	3330
422	83	151	10	0	3630	90	0	553	3329
423	366	196	-10	0	3697	90	543	0	1074
424	108	245	20	0	3682	90	0	334	2774
425	129	267	-10	2480	2640	90	944	0	2361
426	57	379	20	0	3592	90	0	786	3268
427	329	56	-20	1457	1617	90	201	0	1255
428	213	363	-30	0	3706	90	126	0	1470
429	76	391	30	0	3601	90	0	719	3161
430	330	259	-20	0	3744	90	603	0	3559
431	136	217	-10	0	3706	90	108	0	173
432	165	333	-40	0	3706	90	734	0	3311
433	160	431	-20	0	3622	90	856	0	3270
434	338	489	30	0	3570	90	0	366	3217
435	335	64	-10	0	3620	90	952	0	2000
436	412	361	10	0	3628	90	0	105	3331
437	259	90	30	0	3664	90	0	283	3407
438	265	77	20	0	3651	90	0	578	3377
439	460	173	-20	0	3601	90	725	0	1800
440	83	301	20	0	3650	90	0	100	3365
441	201	331	-20	0	3730	90	780	0	2613
442	118	214	20	0	3688	90	0	27	3443
443	395	30	-20	2796	2956	90	912	0	2595
444	125	444	10	1997	2157	90	0	711	1926
445	283	248	30	0	3791	90	0	733	3636
446	391	334	20	0	3660	90	0	594	3312
447	212	215	20	3160	3320	90	0	637	3268
448	276	428	20	1048	1208	90	0	979	1028
449	96	152	20	0	3642	90	0	484	3280
450	425	85	10	0	3584	0	0	1008	3343
451	336	7	-10	0	3567	90	244	0	3178
452	196	219	-10	3054	3214	90	8	0	2882
453	210	94	-30	0	3663	90	545	0	3410
454	310	81	-20	0	3645	90	849	0	3197
455	341	37	20	434	594	90	0	876	362
456	344	478	20	2296	2456	90	0	342	2209
457	406	37	40	0	3560	90	0	510	3173
458	69	346	-10	0	3620	90	508	0	3323
459	80	376	40	407	567	90	0	51	355
460	314	449	30	0	3615	90	0	874	3215
461	209	201	30	0	3761	90	0	914	3313
462	88	379	-30	0	3617	90	937	0	3301
463	352	500	-20	1505	1665	90	735	0	1303
464	65	357	-10	0	3611	90	241	0	159
465	345	15	20	0	3571	90	0	709	3221
466	125	245	20	3002	3162	90	0	817	3036
467	52	369	30	0	3593	90	0	695	3268
468	449	140	-10	730	890	90	495	0	567
469	430	310	-10	0	3635	90	375	0	3353
470	109	325	20	0	3665	90	0	256	3239
471	446	139	20	0	3599	90	0	772	3264
472	229	214	-20	0	3783	90	610	0	3603
473	197	301	10	0	3751	90	0	613	3587
474	146	245	-10	0	3720	90	150	0	3418
475	401	368	-10	0	3633	90	697	0	3339
476	116	259	20	0	3690	90	0	102	3464
477	374	55	-10	2792	2952	90	70	0	2589
478	249	251	-10	3036	3196	90	406	0	2791
479	325	490	10	0	3573	90	0	840	3203
480	59	159	10	0	3613	90	0	104	3309
481	186	177	20	0	3727	90	0	525	3510
482	319	229	-10	0	3752	90	560	0	3589
483	26	269	30	0	3600	90	0	943	3270
484	53	139	-20	0	3598	90	449	0	3280
485	471	154	-30	0	3584	90	192	0	3227
486	301	247	10	0	3773	90	0	813	1646
487	388	220	-10	0	3683	90	723	0	3445
488	235	81	-20	0	3655	90	936	0	3378
489	347	479	-10	0	3576	90	549	0	3222
490	367	59	-30	0	3601	90	77	0	159
491	261	370	30	1069	1229	90	0	907	1108
492	441	287	-20	0	3630	90	286	0	3327
493	44	153	30	0	3597	90	0	273	3253
494	263	351	-20	1545	1705	90	652	0	1473
495	444	157	10	0	3609	90	0	468	567
496	374	17	-20	0	3561	90	205	0	1535
497	448	295	-20	0	3621	90	123	0	2282
498	446	297	-30	0	3623	90	520	0	3325
499	347	40	30	0	3593	90	0	44	3268
500	318	493	10	825	985	90	0	672	732
501	399	352	10	1260	1420	90	0	889	1239
502	51	364	10	0	3595	90	0	112	3274
503	250	217	40	0	3791	90	0	380	3402
504	107	225	30	0	3679	0	0	1016	3533
505	173	208	-20	0	3737	90	383	0	3533
506	204	189	-20	0	3748	90	965	0	2380
507	399	379	-10	0	3627	90	357	0	3278
508	79	346	10	0	3628	90	0	458	3323
509	360	338	10	272	432	90	0	130	291
510	390	17	-40	0	3553	90	457	0	3173
511	207	337	-10	0	3727	90	964	0	3509
512	409	361	30	0	3631	90	0	362	1380
513	206	377	-10	0	3690	90	559	0	3463
514	429	294	-30	0	3640	90	411	0	1629
515	375	31	-10	2185	2345	90	693	0	1972
516	426	80	-10	0	3580	90	131	0	3196
517	74	374	20	0	3609	90	0	750	3253
518	408	20	30	0	3545	90	0	297	3176
519	239	369	30	1811	1971	90	0	149	1851
520	420	308	30	0	3645	90	0	498	3325
521	254	357	-10	0	3717	90	584	0	3460
522	53	297	30	0	3622	90	0	568	3256
523	434	382	30	0	3598	90	0	93	3276
524	204	171	-20	0	3733	90	327	0	3410
525	173	169	-20	0	3713	90	481	0	3510
526	190	332	20	0	3723	90	0	973	1942
527	274	231	-20	0	3794	90	678	0	3239
528	207	194	10	0	3754	90	0	600	2863
529	315	232	-20	0	3757	90	778	0	3584
530	425	87	-20	0	3585	90	392	0	2360
531	312	64	20	0	3628	90	0	408	3338
532	129	244	-30	2908	3068	90	963	0	2659
533	278	230	-10	0	3790	90	921	0	355
534	351	75	-30	0	3622	90	861	0	3281
535	185	293	-10	0	3747	90	812	0	3413
536	364	364	-10	0	3663	90	352	0	3365
537	432	369	-10	0	3607	90	541	0	3298
538	128	249	-20	0	3702	90	17	0	3291
539	221	179	20	369	529	90	0	247	452
540	194	296	20	0	3752	90	0	181	3193
541	413	350	10	0	3633	90	0	537	3298
542	214	372	10	0	3697	90	0	47	3474
543	379	229	10	1045	1205	90	0	423	1074
544	91	298	-20	0	3658	90	860	0	3371
545	226	120	30	0	3692	90	0	453	3410
546	344	46	30	0	3600	90	0	704	3283
547	238	84	-30	1634	1794	90	204	0	1483
548	138	276	10	1915	2075	90	0	344	1960
549	346	487	10	0	3569	90	0	489	3222
550	95	160	10	0	3645	90	0	313	360
551	103	266	-30	0	3677	90	656	0	659
552	98	286	-10	0	3668	90	116	0	3412
553	77	172	-10	0	3635	90	422	0	3329
554	147	199	30	308	468	90	0	597	353
555	210	98	10	0	3667	90	0	216	3399
556	428	292	-30	0	3642	90	931	0	3341
557	121	236	10	0	3695	90	0	994	1461
558	336	479	-30	0	3580	90	991	0	3237
559	203	369	10	0	3697	90	0	513	3463
560	296	232	10	0	3775	90	0	482	3589
561	87	369	10	201	361	90	0	758	159
562	247	88	-10	0	3662	90	58	0	3380
563	104	246	10	0	3678	90	0	21	2954
564	67	302	-10	0	3634	90	50	0	3353
565	114	296	40	0	3681	90	0	839	3422
566	394	356	-20	0	3646	90	110	0	275
567	192	306	-10	0	3744	90	948	0	3006
568	16	285	-30	0	3588	90	522	0	3256
569	419	310	10	0	3645	90	0	852	3364
570	389	221	10	0	3683	90	0	745	3441
571	129	264	20	0	3703	90	0	191	3489
572	172	483	-20	0	3579	90	38	0	3238
573	325	251	20	0	3749	90	0	901	3580
574	151	436	10	0	3614	90	0	170	3313
575	263	91	20	0	3665	90	0	343	1109
576	401	15	-10	0	3545	90	409	0	3174
577	253	382	-20	3090	3250	90	115	0	2995
578	247	89	-20	0	3663	90	438	0	3377
579	283	229	30	0	3785	90	0	19	3620
580	366	341	-30	0	3677	90	589	0	159
581	392	213	-20	2092	2252	90	128	0	2015
582	167	304	-20	207	367	90	665	0	176
583	477	154	10	1506	1666	90	0	48	1419
584	234	383	10	0	3691	90	0	521	3460
585	199	327	-10	0	3732	90	261	0	3510
586	140	220	30	0	3710	90	0	848	3474
587	144	266	30	0	3717	90	0	866	3493
588	432	105	10	0	3592	90	0	5	3220
589	368	325	30	139	299	90	0	580	159
590	202	386	20	0	3680	90	0	797	3434
591	325	246	-20	1520	1680	90	417	0	653
592	430	86	20	0	3581	90	0	853	1096
593	200	195	20	0	3750	90	0	728	3463
594	440	295	-20	0	3629	90	446	0	3312
595	77	287	10	0	3648	90	0	925	3375
596	187	362	-40	0	3696	90	386	0	2922
597	131	207	-30	0	3698	90	554	0	353
598	405	5	20	786	946	90	0	319	656
599	125	226	-30	1389	1549	90	777	0	856
600	254	335	-10	3013	3173	90	528	0	2863
601	212	168	20	860	1020	90	0	284	929
602	281	279	-30	0	3782	90	827	0	3479
603	326	241	20	0	3748	90	0	430	3559
604	152	241	-30	0	3726	90	638	0	3444
605	71	139	30	0	3614	90	0	631	3304
606	46	277	-10	0	3619	90	622	0	3318
607	393	13	-30	0	3548	90	294	0	1144
608	87	454	40	882	1042	90	0	340	780
609	86	359	-10	0	3628	90	87	0	3286
610	220	192	20	0	3759	90	0	472	3603
611	426	279	-20	3112	3272	90	819	0	2995
612	131	267	-20	0	3704	90	742	0	1866
613	200	297	-10	0	3756	90	473	0	3587
614	299	442	-10	0	3626	90	279	0	3337
615	265	218	-20	2429	2589	90	752	0	2247
616	398	231	-10	0	3675	90	276	0	3432
617	312	74	20	0	3638	90	0	143	3345
618	99	307	-40	0	3663	90	642	0	3407
619	22	283	-20	0	3594	90	938	0	3267
620	67	160	-20	2690	2850	90	985	0	2500
621	390	42	-30	2588	2748	90	918	0	2364
622	44	279	10	0	3616	90	0	606	3318
623	200	182	-10	0	3740	90	761	0	3384
624	458	303	20	0	3610	90	0	85	3305
625	298	438	10	567	727	90	0	630	532
626	62	301	-20	0	3630	90	716	0	3344
627	112	251	-20	0	3686	90	407	0	3293
628	184	354	-30	0	3701	90	371	0	3313
629	140	180	20	0	3694	90	0	228	1822
630	269	428	-10	0	3645	90	625	0	532
631	123	206	-30	0	3690	90	605	0	3304
632	36	284	10	0	3608	90	0	212	3262
633	272	233	-30	0	3797	90	280	0	3673
634	320	231	20	0	3752	90	0	729	3436
635	211	180	-20	0	3744	90	140	0	3398
636	114	169	20	0	3666	90	0	893	3391
637	245	239	-20	0	3812	90	447	0	3268
638	117	204	30	0	3684	90	0	604	3444
639	316	254	20	0	3758	90	0	798	3601
640	169	443	30	500	660	90	0	809	450
641	212	96	10	0	3666	90	0	926	3414
642	119	285	40	0	3689	90	0	618	3407
643	71	163	-20	0	3625	90	683	0	3333
644	78	361	-20	0	3620	90	71	0	3259
645	354	219	10	0	3716	90	0	654	3471
646	389	233	20	0	3684	90	0	349	3454
647	90	391	10	541	701	90	0	152	487
648	209	307	10	1811	1971	90	0	751	1900
649	363	351	-20	2923	3083	90	20	0	1971
650	405	47	-10	0	3569	90	935	0	3181
651	278	329	-30	0	3741	90	820	0	3251
652	261	371	20	0	3703	90	0	494	1473
653	302	470	20	2227	2387	90	0	692	2160
654	373	205	-10	0	3694	90	645	0	3471
655	381	20	20	1828	1988	0	0	1013	1723
656	90	277	30	662	822	90	0	551	659
657	46	341	10	0	3601	90	0	737	3235
658	50	138	-20	0	3595	90	29	0	3271
659	61	437	20	0	3559	90	0	760	3161
660	331	252	10	0	3743	90	0	793	3497
661	440	81	20	0	3570	90	0	953	3222
662	384	206	20	739	899	90	0	213	757
663	232	87	-20	0	3661	90	924	0	3396
664	59	471	20	0	3532	90	0	83	3117
665	174	304	20	0	3731	90	0	582	176
666	106	248	20	0	3680	90	0	316	1744
667	410	287	-20	0	3660	90	163	0	3387
668	206	313	20	0	3748	90	0	341	2825
669	412	367	20	960	1120	90	0	800	920
670	412	300	20	515	675	90	0	106	505
671	206	295	-20	2809	2969	90	959	0	2814
672	329	459	-10	0	3601	90	500	0	732
673	177	436	20	0	3625	90	0	209	3246
674	266	264	-10	0	3803	90	916	0	3425
675	308	235	-10	3135	3295	90	328	0	3129
676	260	330	40	3203	3363	90	0	884	3282
677	49	136	-30	0	3593	90	721	0	1521
678	356	28	20	0	3578	90	0	527	3239
679	428	384	10	0	3602	90	0	311	3286
680	220	362	20	0	3709	90	0	236	3470
681	437	61	-20	0	3559	90	32	0	3191
682	365	360	-30	0	3665	90	187	0	1203
683	107	168	20	0	3660	90	0	643	3333
684	220	177	-20	0	3746	90	291	0	3576
685	347	21	20	1386	1546	90	0	894	1297
686	293	245	10	0	3781	90	0	174	3581
687	267	436	30	0	3638	90	0	845	3321
688	216	96	-30	0	3667	90	831	0	3409
689	383	351	20	167	327	90	0	230	159
690	289	240	-30	0	3784	90	56	0	3582
691	129	185	-10	2814	2974	90	875	0	2696
692	291	450	-20	2705	2865	90	653	0	2160
693	387	21	10	0	3558	90	0	515	1972
694	116	255	20	0	3690	90	0	60	3465
695	50	368	-30	0	3592	90	467	0	3268
696	121	249	-30	0	3695	90	151	0	3298
697	404	346	10	0	3643	90	0	475	3339
698	77	360	-40	0	3619	90	317	0	2808
699	447	102	10	0	3578	90	0	774	3181
700	366	16	-10	0	3563	90	254	0	3207
701	348	16	-30	0	3571	90	863	0	852
702	353	346	-10	0	3684	90	960	0	3387
703	54	485	30	0	3518	90	0	226	3115
704	319	77	-30	0	3638	90	546	0	3283
705	83	282	-10	0	3654	90	55	0	3388
706	384	24	10	2601	2761	90	0	404	2498
707	52	469	-30	0	3529	90	892	0	962
708	199	200	10	0	3753	90	0	275	3278
709	273	234	-20	0	3796	90	465	0	3221
710	16	281	-20	0	3588	90	39	0	3260
711	151	442	-10	0	3608	90	444	0	1926
712	223	114	-20	332	492	90	12	0	159
713	191	308	20	0	3742	90	0	804	3569
714	448	297	-10	0	3621	90	4	0	3326
715	386	28	20	2507	2667	0	0	1002	2406
716	106	295	20	0	3674	90	0	626	3344
717	387	224	30	0	3685	90	0	321	1731
718	96	377	10	0	3625	0	0	1010	3425
719	86	361	-30	3347	3507	90	429	0	3161
720	211	107	-20	531	691	90	172	0	173
721	43	125	30	1603	1763	90	0	677	1521
722	369	351	20	0	3668	90	0	146	3322
723	388	228	10	0	3685	90	0	487	3445
724	325	228	-20	0	3746	90	387	0	3577
725	490	159	20	1897	2057	90	0	439	1800
726	420	78	20	0	3583	90	0	369	3200
727	396	4	-20	0	3538	90	749	0	3152
728	222	317	-20	0	3752	90	593	0	3463
729	389	198	-20	0	3676	90	634	0	3436
730	322	454	20	0	3608	90	0	364	3276
731	241	391	-10	2985	3145	90	348	0	2913
732	256	117	20	0	3691	90	0	869	3423
733	298	255	-30	0	3776	90	445	0	3636
734	74	363	40	0	3615	90	0	432	3311
735	345	496	20	0	3561	90	0	463	1303
736	167	169	20	1654	1814	90	0	40	1698
737	23	306	-10	0	3591	90	657	0	3235
738	317	62	20	0	3625	90	0	896	3326
739	319	257	-10	0	3755	90	767	0	3595
740	129	255	10	0	3703	90	0	949	3481
741	59	377	-20	2088	2248	90	57	0	1154
742	138	272	20	1821	1981	90	0	612	1866
743	317	251	-20	0	3757	90	823	0	468
744	279	436	20	0	3636	90	0	227	3357
745	371	207	-10	0	3696	90	570	0	3441
746	263	372	10	886	1046	90	0	53	923
747	50	347	-20	0	3602	90	996	0	1739
748	275	236	-10	0	3796	90	153	0	2161
749	334	47	20	0	3605	90	0	727	3152
750	50	383	-20	0	3584	90	517	0	3253
751	170	338	-10	2284	2444	90	648	0	1900
752	245	109	20	0	3683	90	0	615	2247
753	69	475	-30	1189	1349	90	10	0	872
754	54	372	-10	0	3594	90	915	0	3240
755	198	334	-30	0	3726	90	397	0	3518
756	380	228	-10	0	3693	90	267	0	859
757	425	118	10	219	379	90	0	147	159
758	80	398	-10	0	3599	90	561	0	159
759	366	57	-10	0	3599	90	370	0	3275
760	67	463	-20	0	3544	90	659	0	3161
761	226	86	10	0	3659	90	0	623	3384
762	59	480	10	1583	1743	90	0	829	1444
763	40	378	-30	0	3579	90	412	0	3236
764	250	367	20	2113	2273	90	0	312	2156
765	157	436	20	0	3617	90	0	388	3316
766	463	161	-30	0	3594	90	49	0	268
767	266	250	10	0	3808	90	0	739	3595
768	51	162	20	0	3607	90	0	787	3299
769	194	353	20	0	3707	0	0	1011	3589
770	383	41	-20	2685	2845	90	11	0	2466
771	247	82	30	0	3656	90	0	309	3397
772	457	142	-20	0	3591	90	471	0	3264
773	244	94	20	1795	1955	90	0	240	1798
774	441	63	-10	0	3557	90	699	0	3181
775	244	371	-10	0	3703	90	185	0	3343
776	174	444	10	0	3616	90	0	206	3267
777	94	247	30	853	1013	90	0	599	856
778	320	225	20	0	3750	90	0	529	3584
779	316	80	30	0	3642	0	0	1007	3459
780	155	447	20	2672	2832	90	0	441	2613
781	211	308	-10	0	3755	90	299	0	3320
782	297	442	20	0	3627	90	0	851	1865
783	200	342	-10	0	3720	90	913	0	3498
784	44	325	20	0	3605	90	0	377	3275
785	438	60	-10	0	3557	90	72	0	3193
786	80	374	-20	0	3614	90	426	0	3268
787	59	163	-20	0	3615	90	768	0	3299
788	236	92	-30	2210	2370	90	1	0	2100
789	414	66	-20	1592	1752	90	957	0	1396
790	34	279	20	0	3607	90	0	186	1817
791	475	156	-30	0	3581	90	824	0	3231
792	404	310	20	0	3659	90	0	870	3352
793	367	239	-10	0	3707	90	660	0	3497
794	210	359	-30	1568	1728	90	292	0	1492
795	133	278	10	0	3704	90	0	214	3411
796	446	169	10	0	3612	90	0	249	3308
797	188	356	-20	0	3702	90	590	0	3434
798	312	252	-20	0	3762	90	639	0	3601
799	69	485	-10	0	3528	90	288	0	3114
800	413	353	-20	0	3632	90	669	0	920
801	54	446	20	0	3547	90	0	972	3094
802	56	357	10	0	3603	90	0	113	2867
803	230	105	-20	0	3678	90	287	0	3427
804	196	302	-20	0	3750	90	713	0	3569
805	391	373	-10	0	3637	90	413	0	3332
806	101	295	30	0	3669	90	0	378	2710
807	234	350	10	0	3723	90	0	878	3508
808	215	108	20	2760	2920	0	0	1015	2773
809	142	457	-30	0	3591	90	640	0	450
810	283	425	20	0	3646	90	0	834	3323
811	77	397	10	919	1079	90	0	895	851
812	105	317	10	0	3665	90	0	535	3413
813	382	213	-10	1715	1875	90	486	0	1646
814	213	76	20	0	3647	90	0	274	1765
815	417	56	-10	0	3569	90	883	0	3200
816	183	340	-20	0	3712	90	300	0	3506
817	123	242	-20	3190	3350	90	466	0	3036
818	475	136	20	0	3572	90	0	30	3223
819	377	246	20	0	3697	90	0	611	2995
820	310	484	30	0	3583	90	0	651	3251
821	47	280	-40	403	563	90	363	0	267
822	57	456	20	0	3542	90	0	137	458
823	313	266	20	373	533	90	0	743	468
824	475	145	30	0	3576	90	0	791	3231
825	400	376	40	0	3629	90	0	195	3339
826	290	416	30	0	3654	90	0	354	3328
827	277	369	30	0	3702	90	0	602	3479
828	91	303	-10	0	3657	90	243	0	1611
829	194	301	-10	0	3749	90	762	0	1444
830	254	238	30	0	3812	90	0	324	3709
831	215	91	30	0	3662	90	0	688	3409
832	500	162	20	2088	2248	90	0	179	1982
833	56	287	20	0	3627	90	0	252	3295
834	289	452	-20	0	3619	90	810	0	3323
835	378	326	30	160	320	90	0	262	171
836	197	350	30	1186	1346	90	0	220	1128
837	243	88	20	0	3662	90	0	215	2589
838	250	72	-20	1125	1285	90	210	0	170
839	101	290	-40	0	3670	90	565	0	3422
840	351	480	-10	0	3573	90	479	0	3203
841	67	357	-20	0	3613	90	307	0	3246
842	128	240	10	0	3702	90	0	285	3489
843	253	81	-10	0	3655	90	219	0	3390
844	307	227	-20	0	3763	90	975	0	3143
845	233	441	-30	0	3633	90	687	0	3321
846	311	47	-20	0	3613	90	63	0	3307
847	292	456	-30	0	3614	90	9	0	628
848	183	187	-30	0	3733	90	586	0	3474
849	392	31	20	0	3563	90	0	454	3197
850	103	251	10	0	3677	90	0	277	3411
851	300	443	-20	1996	2156	90	782	0	1865
852	420	295	-10	0	3649	90	569	0	3364
853	427	64	-20	1292	1452	90	592	0	1096
854	372	354	30	0	3664	90	0	61	3326
855	101	263	-10	0	3675	90	41	0	471
856	141	454	20	0	3593	90	0	433	3270
857	146	461	-10	1497	1657	90	250	0	1327
858	298	430	30	469	629	90	0	969	442
859	148	270	-30	0	3721	90	196	0	3507
860	76	287	20	0	3647	90	0	544	3371
861	308	55	30	0	3621	90	0	534	3281
862	143	257	-10	0	3717	90	290	0	3487
863	393	2	30	979	1139	90	0	701	852
864	385	28	-10	0	3565	90	416	0	3190
865	204	291	-20	0	3763	90	207	0	3178
866	132	272	-30	0	3704	90	587	0	3493
867	206	379	-20	0	3688	90	890	0	3461
868	69	383	-30	0	3600	90	346	0	159
869	245	96	-20	0	3670	90	732	0	3423
870	431	301	-20	0	3636	90	792	0	3352
871	448	94	-10	0	3572	90	990	0	2269
872	199	305	30	0	3749	90	0	919	3471
873	95	356	10	3447	3607	90	0	367	3356
874	328	498	-30	0	3565	90	460	0	3215
875	108	222	10	0	3680	90	0	691	2696
876	341	26	-20	0	3583	90	455	0	362
877	63	454	-20	0	3548	90	391	0	3180
878	222	357	-10	0	3714	90	807	0	3508
879	416	364	-10	0	3623	90	339	0	3324
880	127	278	-20	2106	2266	90	101	0	2036
881	140	252	20	0	3714	90	0	945	3495
882	218	298	-30	0	3767	90	168	0	3504
883	432	87	10	0	3580	90	0	815	3200
884	216	300	-40	0	3764	90	676	0	3282
885	438	72	-30	0	3566	90	345	0	274
886	184	178	10	1454	1614	0	0	1018	1516
887	345	468	-10	2677	2837	90	175	0	2474
888	150	435	20	0	3614	90	0	332	3314
889	395	365	-10	0	3639	90	501	0	1239
890	208	371	20	0	3696	90	0	867	3461
891	190	292	-10	0	3751	90	906	0	3433
892	78	479	30	1089	1249	90	0	707	962
893	104	198	-20	0	3670	90	636	0	3391
894	346	13	-20	1686	1846	90	685	0	1297
895	47	388	-10	1193	1353	90	811	0	851
896	315	57	-20	0	3621	90	738	0	3326
897	110	199	-20	0	3675	90	138	0	169
898	323	60	10	0	3621	90	0	395	2312
899	308	82	-30	0	3647	90	107	0	448
900	216	374	30	0	3696	90	0	111	3413
901	326	253	-20	0	3748	90	573	0	3580
902	308	232	-10	0	3764	90	84	0	2570
903	118	223	10	0	3690	90	0	289	3438
904	149	444	-20	0	3606	90	379	0	3282
905	95	395	30	0	3612	90	0	237	3309
906	117	319	10	0	3675	90	0	891	3433
907	262	352	-30	0	3722	90	491	0	1108
908	468	135	10	932	1092	90	0	144	845
909	351	31	20	813	973	90	0	365	731
910	361	15	-20	2118	2278	90	52	0	1919
911	195	300	-40	0	3750	90	125	0	2028
912	397	27	20	0	3557	90	0	443	2595
913	179	311	10	0	3731	90	0	783	3498
914	77	133	-30	0	3616	90	461	0	3313
915	66	397	10	0	3589	90	0	754	3240
916	366	352	10	0	3670	90	0	674	3425
917	221	87	20	0	3659	90	0	984	3402
918	347	23	30	0	3578	90	0	621	2364
919	176	358	-30	0	3694	90	872	0	3471
920	229	78	20	2496	2656	0	0	1014	2482
921	272	246	10	218	378	90	0	533	355
922	293	67	20	0	3637	90	0	68	3356
923	140	265	-10	0	3713	90	308	0	3511
924	238	83	20	0	3657	90	0	663	3396
925	136	296	-10	0	3702	90	595	0	3375
926	218	98	-10	0	3669	90	641	0	3414
927	290	440	-10	0	3630	90	42	0	3335
928	29	302	-10	0	3597	90	978	0	3229
929	290	425	30	280	440	90	0	200	260
930	124	247	-20	0	3698	90	122	0	3457
931	442	287	30	0	3629	90	0	556	3341
932	294	64	-20	0	3633	90	88	0	171
933	74	165	10	0	3629	90	0	393	3339
934	382	245	-10	2959	3119	90	173	0	2850
935	405	24	10	0	3550	90	0	650	3181
936	211	97	20	0	3667	90	0	488	3378
937	88	390	30	0	3610	90	0	462	3301
938	37	295	20	0	3607	90	0	619	3267
939	359	371	10	0	3662	90	0	169	3408
940	186	372	20	0	3687	90	0	296	3459
941	116	446	-10	1898	2058	90	253	0	1701
942	293	249	10	0	3781	90	0	293	3412
943	83	228	-30	0	3656	90	483	0	3270
944	96	269	10	0	3669	90	0	425	2361
945	179	284	-20	0	3746	90	881	0	3495
946	368	219	-20	0	3702	90	980	0	2015
947	66	359	-20	3157	3317	90	360	0	2989
948	189	338	10	2954	3114	90	0	567	3006
949	163	277	-10	0	3733	90	740	0	3481
950	5	296	10	0	3575	90	0	92	1202
951	152	478	-10	0	3576	90	258	0	3237
952	366	34	10	2086	2246	90	0	435	2000
953	429	80	-20	0	3578	90	661	0	3222
954	464	178	-10	0	3599	90	66	0	3270
955	138	196	30	0	3700	90	0	135	3457
956	87	481	-10	0	3542	90	217	0	3137
957	425	99	20	0	3593	90	0	789	1396
958	241	362	-30	0	3712	90	400	0	3314
959	207	289	20	0	3766	90	0	671	2814
960	264	365	10	0	3709	90	0	702	3387
961	102	289	20	1242	1402	90	0	3	1248
962	233	346	20	0	3727	90	0	310	3459
963	78	141	30	0	3621	90	0	532	2659
964	196	348	10	0	3713	90	0	511	3509
965	216	92	20	2382	2542	90	0	506	2380
966	444	309	-10	2425	2585	90	298	0	2291
967	313	263	20	0	3760	90	0	402	2509
968	211	198	-10	2660	2820	90	270	0	2070
969	314	436	-30	2101	2261	90	858	0	442
970	217	189	-10	0	3755	90	376	0	3585
971	197	178	-20	0	3735	90	91	0	1609
972	60	497	-20	0	3513	90	801	0	3094
973	206	312	-20	2000	2160	90	526	0	1942
974	197	351	-20	0	3710	90	28	0	958
975	305	233	20	3041	3201	90	0	844	3143
976	297	250	-20	0	3777	90	75	0	3439
977	71	348	10	3055	3215	0	0	1004	3010
978	11	269	10	0	3585	90	0	928	3229
979	247	447	-20	0	3627	90	448	0	1028
980	386	213	20	1996	2156	90	0	946	2015
981	292	434	-20	755	915	90	338	0	351
982	436	301	-20	0	3632	90	995	0	3337
983	145	221	20	0	3716	90	0	202	3432
984	224	96	-20	0	3668	90	917	0	3402
985	59	128	20	0	3598	90	0	620	2500
986	489	150	-30	0	3565	90	372	0	3214
987	152	225	-20	994	1154	90	382	0	933
988	426	85	-10	0	3583	90	190	0	3217
989	415	73	-40	1495	1655	90	233	0	818
990	440	70	10	2371	2531	90	0	871	2269
991	320	476	30	0	3588	90	0	558	3237
992	57	132	-10	1312	1472	90	414	0	1153
993	405	311	-30	0	3658	90	320	0	3372
994	109	250	-10	1540	1700	90	557	0	1461
995	428	314	20	0	3635	90	0	982	3337
996	40	288	20	1793	1953	90	0	747	1739
997	175	282	-10	0	3743	90	37	0	563
998	298	456	30	0	3613	90	0	326	3309
999	208	101	10	0	3670	90	0	265	3366
1000	342	52	10	0	3606	90	0	351	3297
1001	94	456	-20	0	3566	90	225	0	3307
1002	386	28	-20	2507	2667	90	715	0	2406
1003	420	168	-10	3393	3553	90	139	0	3364
1004	71	348	-10	3055	3215	90	977	0	3010
1005	198	284	-10	0	3762	90	333	0	3699
1006	63	159	-20	0	3617	90	121	0	3409
1007	316	80	-30	0	3642	90	779	0	3459
1008	425	85	-10	0	3584	90	450	0	3343
1009	323	258	-10	0	3751	90	325	0	3677
1010	96	377	-10	0	3625	90	718	0	3425
1011	194	353	-20	0	3707	90	769	0	3589
1012	121	203	-10	0	3687	90	59	0	3549
1013	381	20	-20	1828	1988	90	655	0	1723
1014	229	78	-20	2496	2656	90	920	0	2482
1015	215	108	-20	2760	2920	90	808	0	2773
1016	107	225	-30	0	3679	90	504	0	3533
1017	191	309	-10	0	3741	90	142	0	3657
1018	184	178	-10	1454	1614	90	886	0	1516

