250	700	1
0	250	250	0	0	3914	0	0	0
1	212	101	-30	2662	2822	90	926	0	1003
2	266	231	-10	1936	2096	90	633	0	985
3	89	284	-20	1436	1596	90	716	0	531
4	430	298	-30	0	3638	90	469	0	573
5	435	77	20	1002	1162	90	0	392	454
6	25	293	20	2964	3124	90	0	784	1447
7	43	269	30	687	847	90	0	996	319
8	216	117	-10	0	3687	90	688	0	1284
9	294	437	-30	661	821	90	929	0	130
10	79	479	30	998	1158	90	0	160	436
11	365	18	-10	2213	2373	90	898	0	1010
12	225	125	20	127	287	90	0	172	40
13	448	103	30	0	3578	90	0	699	1619
14	143	266	10	402	562	90	0	538	226
15	252	347	10	2911	3071	0	0	1012	1486
16	403	390	10	2560	2720	90	0	602	1256
17	67	153	20	912	1072	90	0	721	432
18	90	168	20	3080	3240	90	0	893	1530
19	302	235	20	1043	1203	90	0	503	574
20	259	355	20	1917	2077	90	0	99	985
21	149	183	20	3108	3268	0	0	1011	1573
22	19	297	20	2282	2442	90	0	522	1103
23	209	358	30	1477	1637	90	0	797	760
24	56	388	-20	1791	1951	90	162	0	719
25	115	269	10	2956	3116	90	0	949	1489
26	377	356	10	0	3659	90	0	169	1104
27	113	229	30	1123	1283	90	0	612	572
28	205	343	20	902	1062	90	0	974	479
29	48	137	20	0	3593	90	0	493	1629
30	467	157	-20	2307	2467	90	832	0	991
31	220	394	10	2783	2943	90	0	521	1397
32	436	54	-20	1991	2151	90	953	0	893
33	54	357	10	1696	1856	90	0	502	816
34	456	154	-10	0	3597	90	495	0	79
35	216	307	20	2516	2676	90	0	882	1304
36	280	224	-30	2226	2386	90	579	0	745
37	90	270	10	565	725	90	0	961	281
38	166	452	20	599	759	90	0	755	270
39	17	283	-20	2584	2744	90	833	0	79
40	196	192	30	0	3745	90	0	329	1272
41	94	275	10	469	629	90	0	116	235
42	292	445	10	1716	1876	90	0	200	838
43	329	471	-20	2783	2943	90	366	0	1298
44	326	57	20	1364	1524	90	0	704	658
45	95	466	-20	0	3559	90	83	0	1563
46	429	282	20	3018	3178	90	0	611	1497
47	229	364	-10	2512	2672	90	542	0	1218
48	457	160	10	2991	3151	90	0	66	1462
49	452	154	30	332	492	90	0	396	134
50	113	289	10	0	3682	0	0	1008	1769
51	67	387	10	2376	2536	90	0	152	1153
52	368	17	-20	2021	2181	90	465	0	907
53	341	367	-10	2530	2690	90	130	0	236
54	410	364	30	1842	2002	90	0	79	902
55	80	281	-10	0	3652	90	859	0	87
56	321	224	30	2106	2266	90	0	330	1095
57	73	395	-20	1223	1383	90	462	0	320
58	259	76	-20	0	3650	90	909	0	365
59	121	203	10	1792	1952	90	0	955	907
60	118	256	10	2519	2679	90	0	571	1273
61	236	361	-20	1713	1873	90	890	0	343
62	78	371	20	220	380	90	0	459	84
63	301	53	-20	969	1129	90	531	0	272
64	382	197	20	640	800	90	0	69	328
65	491	160	20	1989	2149	90	0	954	945
66	453	164	-10	0	3604	90	48	0	1462
67	277	371	30	595	755	90	0	187	315
68	272	212	-20	2330	2490	90	748	0	847
69	386	218	-20	1901	2061	90	64	0	328
70	353	32	-10	905	1065	90	164	0	275
71	59	389	-30	1698	1858	90	429	0	763
72	414	62	-30	0	3575	90	345	0	137
73	278	357	10	212	372	90	0	491	130
74	101	179	-30	2412	2572	90	421	0	224
75	396	234	20	2390	2550	90	0	402	1201
76	74	390	-10	797	957	90	718	0	320
77	332	55	30	211	371	90	0	294	79
78	272	365	30	693	853	90	0	907	367
79	418	355	-30	2037	2197	90	54	0	902
80	216	380	-20	2300	2460	90	390	0	701
81	440	173	-20	3282	3442	90	439	0	1411
82	89	358	20	0	3631	90	0	873	1658
83	66	491	20	0	3521	90	0	45	1563
84	317	234	-20	2479	2639	90	573	0	754
85	439	297	-10	2043	2203	90	870	0	958
86	394	367	30	380	540	90	0	311	177
87	58	364	10	2262	2422	90	0	377	1099
88	290	75	-10	191	351	90	309	0	36
89	346	344	-10	3212	3372	90	106	0	569
90	131	269	-20	0	3704	90	191	0	887
91	236	96	-30	1604	1764	90	204	0	651
92	29	282	-20	1410	1570	90	156	0	609
93	418	385	-20	2757	2917	90	669	0	460
94	148	225	40	613	773	90	0	897	333
95	166	464	10	794	954	90	0	857	362
96	266	373	10	793	953	90	0	403	414
97	201	273	30	54	214	90	0	811	79
98	255	245	10	7	167	90	0	654	79
99	220	379	-20	0	3692	90	20	0	985
100	85	317	-20	0	3646	90	440	0	1141
101	125	264	-10	2855	3015	90	108	0	86
102	131	253	-20	2809	2969	90	344	0	1354
103	184	188	10	1260	1420	90	0	414	664
104	128	209	-30	1093	1253	90	554	0	176
105	373	364	-30	3170	3330	90	523	0	1091
106	389	342	10	1145	1305	90	0	89	569
107	420	20	-10	575	735	90	650	0	79
108	132	218	10	136	296	90	0	101	86
109	32	256	-40	901	1061	90	363	0	133
110	406	339	20	295	455	90	0	286	137
111	191	397	-20	263	423	90	170	0	79
112	72	341	10	0	3625	90	0	719	1596
113	35	308	-30	3072	3232	90	154	0	1401
114	169	360	-10	2172	2332	90	919	0	1051
115	222	381	-10	0	3691	90	184	0	1721
116	96	292	-10	862	1022	90	41	0	235
117	311	496	-30	0	3571	90	820	0	272
118	220	384	10	2683	2843	90	0	157	1352
119	259	243	20	22	182	90	0	723	85
120	349	476	10	2483	2643	90	0	672	1198
121	63	159	-30	1009	1169	90	313	0	226
122	112	243	-10	2321	2481	90	228	0	983
123	448	302	-10	2327	2487	90	556	0	1095
124	343	27	-20	0	3583	90	749	0	135
125	67	485	40	2166	2326	90	0	799	1014
126	220	359	30	1424	1584	90	0	519	735
127	147	435	10	2111	2271	90	0	780	1029
128	317	235	20	2570	2730	90	0	529	1330
129	43	355	20	1595	1755	90	0	734	761
130	368	340	10	461	621	90	0	53	236
131	450	72	-30	2561	2721	90	785	0	1036
132	400	364	-30	570	730	90	889	0	224
133	355	480	-20	1616	1776	90	419	0	85
134	450	153	20	533	693	90	0	818	235
135	126	188	20	2098	2258	90	0	683	1059
136	380	223	-10	1614	1774	90	570	0	766
137	71	453	20	685	845	90	0	707	287
138	54	287	20	209	369	90	0	565	84
139	420	168	-10	3393	3553	90	796	0	1566
140	219	89	-30	2692	2852	90	771	0	909
141	189	327	10	420	580	90	0	341	240
142	191	309	-20	1430	1590	90	401	0	703
143	301	67	40	480	640	90	0	427	225
144	484	161	10	1696	1856	90	0	725	802
145	77	483	20	0	3534	90	0	432	1575
146	241	375	-10	1998	2158	90	651	0	79
147	428	64	-40	1201	1361	90	233	0	409
148	403	361	10	1452	1612	90	0	879	711
149	257	336	-30	0	3738	90	335	0	1447
150	131	241	-20	3378	3538	90	604	0	427
151	63	166	-30	0	3619	90	963	0	1648
152	71	368	-10	3257	3417	90	51	0	1153
153	272	228	10	2033	2193	90	0	830	1080
154	25	290	30	2871	3031	90	0	113	1401
155	441	157	10	433	593	90	0	372	190
156	13	266	20	0	3587	90	0	92	609
157	251	376	-10	3186	3346	90	118	0	1352
158	61	170	30	0	3619	90	0	643	1318
159	386	357	20	1433	1593	90	0	400	709
160	95	475	-30	2925	3085	90	10	0	436
161	90	298	10	2104	2264	90	0	470	1048
162	71	388	20	1505	1665	90	0	24	719
163	383	246	20	0	3691	90	0	793	1537
164	352	38	10	626	786	90	0	70	275
165	395	1	-10	0	3536	90	864	0	1578
166	120	210	-10	1282	1442	90	405	0	282
167	46	383	30	1288	1448	90	0	317	602
168	202	198	-20	0	3754	90	736	0	849
169	358	365	-10	2326	2486	90	26	0	1104
170	191	352	20	117	277	90	0	111	79
171	470	152	-10	1226	1386	90	213	0	526
172	228	124	-20	141	301	90	12	0	40
173	402	230	-20	0	3671	90	581	0	1052
174	323	229	-30	1718	1878	90	430	0	655
175	331	486	-30	2003	2163	90	242	0	558
176	112	208	10	1601	1761	90	0	691	808
177	172	435	-10	3061	3221	90	574	0	1167
178	326	498	-10	1021	1181	90	479	0	415
179	460	183	-50	0	3604	90	986	0	849
180	95	279	20	375	535	90	0	705	188
181	76	456	-30	780	940	90	760	0	231
182	242	350	-10	2811	2971	90	958	0	1228
183	152	196	10	212	372	90	0	597	130
184	268	351	10	0	3722	90	0	115	1721
185	360	356	-20	2733	2893	90	580	0	282
186	39	296	-20	1983	2143	90	212	0	371
187	262	368	-30	1162	1322	90	67	0	315
188	204	90	20	1094	1254	90	0	773	543
189	149	273	20	212	372	90	0	548	134
190	446	86	-10	3056	3216	90	883	0	1386
191	139	269	20	1728	1888	90	0	90	887
192	483	170	-10	2197	2357	90	583	0	709
193	39	278	10	1601	1761	90	0	619	774
194	201	307	10	0	3749	0	0	1014	1836
195	395	378	-20	1636	1796	90	385	0	663
196	139	262	-20	1450	1610	90	474	0	375
197	176	447	20	311	471	90	0	572	130
198	67	380	-20	0	3600	90	199	0	708
199	35	358	20	1497	1657	90	0	198	708
200	294	455	-10	2426	2586	90	42	0	838
201	351	33	-10	0	3585	90	408	0	79
202	216	316	-10	2319	2479	90	209	0	852
203	261	96	40	0	3670	90	0	838	507
204	238	57	30	1336	1496	90	0	91	651
205	383	18	20	1643	1803	90	0	952	767
206	152	460	-30	1310	1470	90	640	0	225
207	94	479	20	0	3547	90	0	911	1588
208	337	453	-10	0	3604	90	887	0	1299
209	135	460	10	1785	1945	90	0	202	852
210	260	104	20	157	317	90	0	406	85
211	337	63	-30	2045	2205	90	546	0	797
212	32	247	20	802	962	90	0	186	371
213	394	205	10	0	3674	90	0	171	526
214	95	294	10	770	930	90	0	828	384
215	253	241	-10	2835	2995	90	533	0	795
216	223	90	-30	2787	2947	90	663	0	1341
217	64	473	-20	1284	1444	90	822	0	132
218	275	431	10	0	3642	90	0	847	1655
219	261	84	10	734	894	90	0	965	363
220	176	296	-10	1230	1390	90	891	0	415
221	361	349	10	3016	3176	90	0	702	1513
222	168	433	20	3156	3316	90	0	596	1557
223	394	10	40	1169	1329	90	0	510	524
224	308	60	-10	776	936	90	932	0	175
225	94	456	-30	3124	3284	90	235	0	1437
226	73	484	-20	2445	2605	90	664	0	1101
227	277	434	-10	1427	1587	90	279	0	651
228	119	232	10	1939	2099	90	0	122	983
229	78	375	10	0	3612	90	0	426	371
230	366	346	-10	648	808	90	509	0	145
231	125	181	-30	2718	2878	90	638	0	1311
232	69	493	-40	1977	2137	90	608	0	390
233	432	80	40	908	1068	90	0	147	409
234	72	391	10	0	3597	90	0	977	1427
235	85	486	30	0	3537	90	0	225	1437
236	204	371	30	0	3695	90	0	559	389
237	173	328	10	2481	2641	90	0	585	1265
238	280	423	10	951	1111	90	0	653	467
239	200	327	-30	3150	3310	90	628	0	1532
240	241	98	20	2987	3147	90	0	283	1484
241	96	356	10	186	346	90	0	915	79
242	332	491	30	1211	1371	90	0	175	558
243	81	283	10	1624	1784	90	0	367	805
244	373	22	10	0	3565	90	0	259	1106
245	255	371	-30	2209	2369	90	900	0	533
246	358	359	-20	2639	2799	90	536	0	1269
247	216	93	-20	0	3664	90	327	0	1702
248	73	360	20	0	3616	90	0	698	1658
249	305	212	-20	0	3758	90	871	0	1530
250	151	462	10	1402	1562	0	0	1005	664
251	47	389	30	1102	1262	90	0	467	507
252	155	198	30	118	278	90	0	586	84
253	152	457	10	0	3595	90	0	258	1636
254	329	48	10	1555	1715	90	0	295	749
255	88	394	-30	727	887	90	937	0	289
256	153	295	-10	3382	3542	90	399	0	1601
257	81	373	10	590	750	90	0	763	270
258	163	453	-10	0	3604	90	253	0	1636
259	378	25	-10	2408	2568	90	244	0	1106
260	401	385	-30	2864	3024	90	566	0	1362
261	184	340	-20	2768	2928	90	526	0	332
262	402	362	-10	0	3636	90	339	0	223
263	70	482	20	2351	2511	90	0	956	1108
264	357	445	-20	0	3602	90	558	0	1056
265	212	71	-30	0	3642	90	545	0	1684
266	231	81	30	2403	2563	90	0	920	1196
267	379	208	10	835	995	90	0	321	429
268	236	95	30	0	3669	90	0	637	1351
269	386	344	20	0	3659	90	0	682	959
270	189	200	-20	1989	2149	90	472	0	79
271	296	253	10	834	994	90	0	336	473
272	73	303	-20	2397	2557	90	839	0	577
273	30	162	-20	2102	2262	90	658	0	955
274	230	95	-20	1899	2059	90	438	0	409
275	57	131	-20	1403	1563	90	449	0	87
276	379	245	10	2773	2933	90	0	934	1401
277	107	221	40	0	3679	90	0	424	815
278	154	458	20	0	3595	90	0	379	1635
279	290	417	10	0	3653	90	0	227	651
280	272	243	30	0	3801	0	0	1009	1888
281	94	130	-10	0	3628	90	550	0	1664
282	222	356	20	1608	1768	90	0	775	829
283	243	108	-20	3061	3221	90	240	0	1484
284	224	93	-30	2191	2351	90	343	0	605
285	155	242	10	886	1046	90	0	987	475
286	440	302	-20	1279	1439	90	110	0	137
287	221	102	-20	2858	3018	90	917	0	698
288	52	484	-30	0	3518	90	753	0	530
289	111	244	-30	2229	2389	90	777	0	428
290	132	273	-10	2203	2363	90	373	0	842
291	228	186	20	269	429	90	0	539	180
292	221	374	-10	1130	1290	90	867	0	245
293	406	286	-10	3314	3474	90	497	0	1340
294	390	9	-30	1263	1423	90	77	0	79
295	335	52	-10	1761	1921	90	254	0	749
296	189	368	20	144	304	90	0	676	85
297	397	40	40	2491	2651	90	0	770	1197
298	408	305	10	419	579	90	0	667	205
299	156	434	-30	2865	3025	90	371	0	1359
300	180	335	-10	0	3714	90	964	0	571
301	327	483	-20	2098	2258	90	361	0	911
302	363	62	-30	0	3605	90	477	0	1360
303	375	342	10	939	1099	90	0	362	471
304	16	280	-20	0	3589	90	928	0	1008
305	277	431	-10	0	3641	90	625	0	266
306	110	241	-20	2136	2296	90	316	0	920
307	48	385	20	1008	1168	90	0	895	462
308	152	260	-20	0	3726	90	817	0	1611
309	255	120	10	130	290	90	0	88	36
310	214	382	-30	0	3688	90	342	0	85
311	414	384	-30	0	3613	90	86	0	177
312	232	378	-10	2194	2354	90	352	0	1046
313	80	141	30	494	654	90	0	121	226
314	188	330	30	0	3723	90	0	816	1317
315	157	192	-20	3210	3370	90	636	0	1306
316	101	237	20	1831	1991	90	0	306	920
317	74	360	-30	2856	3016	90	167	0	602
318	267	260	-10	509	669	90	767	0	276
319	378	46	-10	3090	3250	90	706	0	1249
320	420	311	30	893	1053	90	0	995	436
321	384	217	-10	1809	1969	90	267	0	429
322	418	300	10	611	771	0	0	1007	297
323	356	77	-20	2249	2409	90	738	0	318
324	253	244	-20	2742	2902	90	615	0	1276
325	323	258	-20	1328	1488	90	798	0	471
326	293	454	-10	0	3616	90	614	0	932
327	231	97	20	0	3670	90	0	247	1702
328	316	234	10	2661	2821	90	0	975	1376
329	207	196	-30	2565	2725	90	40	0	1272
330	321	228	-30	0	3750	90	56	0	1095
331	382	17	-10	1734	1894	90	1000	0	766
332	206	326	-20	3246	3406	90	751	0	1162
333	198	284	-10	0	3762	90	644	0	1662
334	137	186	10	2912	3072	90	0	629	1471
335	229	396	30	2882	3042	90	0	149	1447
336	268	235	-10	1842	2002	90	271	0	473
337	95	243	20	759	919	90	0	642	381
338	297	430	20	378	538	90	0	851	175
339	393	368	10	472	632	90	0	262	223
340	66	391	20	0	3593	90	0	397	1635
341	189	339	-10	2863	3023	90	141	0	240
342	280	351	30	116	276	90	0	310	85
343	241	77	30	1225	1385	90	0	284	605
344	134	265	20	2666	2826	90	0	102	1354
345	420	95	30	345	505	90	0	72	137
346	111	279	30	141	301	90	0	806	79
347	367	358	30	2133	2293	90	0	649	1066
348	239	373	-20	1905	2065	90	374	0	922
349	384	235	-20	2672	2832	90	616	0	1153
350	284	360	30	309	469	90	0	827	176
351	325	75	30	2370	2530	90	0	395	1169
352	279	369	10	0	3702	90	0	312	1046
353	340	449	-20	3080	3240	90	735	0	651
354	275	448	-30	2902	3062	90	826	0	1382
355	447	88	-40	2963	3123	90	457	0	85
356	314	279	10	270	430	90	0	739	179
357	434	377	-10	2345	2505	90	436	0	855
358	67	377	10	0	3602	90	0	802	806
359	370	353	10	746	906	90	0	446	373
360	57	367	-20	2169	2329	90	754	0	960
361	332	486	20	1912	2072	90	0	301	911
362	386	361	-10	1527	1687	90	303	0	471
363	55	282	40	305	465	90	0	109	133
364	317	467	20	424	584	90	0	991	178
365	335	54	-20	1853	2013	90	922	0	845
366	348	466	20	0	3587	90	0	43	1298
367	132	314	-10	3214	3374	90	243	0	805
368	328	216	10	0	3739	0	0	1003	1826
369	416	48	10	1880	2040	90	0	621	889
370	370	55	-10	2886	3046	90	988	0	1325
371	149	434	30	0	3615	90	0	299	1359
372	466	169	-10	2502	2662	90	155	0	190
373	141	267	10	1635	1795	90	0	290	842
374	258	350	20	1822	1982	90	0	348	922
375	428	312	10	1084	1244	90	0	514	527
376	211	188	10	660	820	90	0	601	373
377	50	343	-10	2754	2914	90	87	0	1099
378	107	311	40	2813	2973	90	0	925	1408
379	178	441	-20	0	3620	90	278	0	1635
380	232	85	-20	2309	2469	90	924	0	767
381	391	23	-20	2698	2858	90	576	0	282
382	137	227	20	115	275	90	0	875	79
383	161	203	20	100	260	90	0	431	79
384	363	212	30	3274	3434	90	0	645	1657
385	384	346	20	1331	1491	90	0	195	663
386	166	434	-20	2965	3125	90	665	0	88
387	274	248	20	0	3800	0	0	1015	1887
388	156	421	-20	0	3629	90	711	0	1212
389	346	211	10	0	3721	90	0	487	673
390	265	358	20	1352	1512	90	0	80	701
391	96	407	20	434	594	90	0	904	187
392	443	70	-20	2464	2624	90	5	0	454
393	125	212	-10	0	3694	90	620	0	1323
394	361	337	50	363	523	90	0	722	190
395	322	78	-30	2464	2624	90	351	0	1169
396	481	156	-30	1600	1760	90	49	0	134
397	188	293	-20	0	3749	90	340	0	1635
398	76	408	30	0	3589	90	0	444	885
399	130	304	10	3175	3335	90	0	256	1601
400	378	363	-20	1749	1909	90	159	0	709
401	185	301	20	1330	1490	90	0	142	703
402	385	235	-20	2581	2741	90	75	0	1201
403	261	350	-10	0	3724	90	96	0	414
404	389	33	20	0	3567	90	0	490	1609
405	151	214	10	511	671	90	0	166	282
406	265	94	-20	258	418	90	210	0	85
407	65	164	-10	2595	2755	90	480	0	1222
408	293	81	10	174	334	90	0	201	79
409	363	55	-20	2983	3143	90	726	0	658
410	465	176	20	2599	2759	90	0	423	1265
411	428	298	-30	1654	1814	90	993	0	765
412	75	379	30	2567	2727	90	0	947	1254
413	404	378	-10	0	3624	90	501	0	619
414	203	203	-10	2850	3010	90	103	0	664
415	259	88	-20	0	3662	90	732	0	1704
416	362	17	-30	1884	2044	90	701	0	843
417	320	258	-10	564	724	90	733	0	131
418	59	358	-20	2358	2518	90	713	0	79
419	316	453	20	224	384	90	0	133	85
420	225	192	20	74	234	90	0	971	85
421	140	206	30	408	568	90	0	74	224
422	83	151	10	300	460	90	0	787	132
423	366	196	-20	0	3697	90	410	0	1265
424	108	245	-40	1730	1890	90	277	0	815
425	129	267	10	2480	2640	90	0	466	1258
426	57	379	-10	907	1067	90	229	0	371
427	329	56	-40	1457	1617	90	143	0	225
428	213	363	30	0	3706	90	0	809	1632
429	76	391	30	0	3601	90	0	71	763
430	330	259	30	1231	1391	90	0	174	655
431	136	217	-20	898	1058	90	383	0	79
432	165	333	-20	0	3706	90	145	0	1575
433	160	431	30	3254	3414	90	0	781	1605
434	338	489	-30	1308	1468	90	460	0	79
435	335	64	10	0	3620	90	0	534	1000
436	412	361	10	1748	1908	90	0	357	855
437	259	90	30	0	3664	90	0	831	1077
438	265	77	20	832	992	90	0	274	409
439	460	173	20	2887	3047	90	0	81	1411
440	83	301	20	2297	2457	90	0	100	1141
441	201	331	20	707	867	90	0	836	386
442	118	214	20	0	3688	90	0	631	904
443	395	30	-20	2796	2956	90	607	0	620
444	125	444	-30	1997	2157	90	398	0	885
445	283	248	30	33	193	90	0	942	39
446	391	334	-10	1047	1207	90	359	0	373
447	212	215	-30	3160	3320	90	968	0	1377
448	276	428	-10	1048	1208	90	981	0	363
449	96	152	20	197	357	90	0	275	87
450	425	85	10	536	696	90	0	468	227
451	336	7	-20	0	3567	90	685	0	648
452	196	219	-30	3054	3214	90	461	0	1424
453	210	94	20	997	1157	90	0	788	497
454	310	81	-30	2846	3006	90	779	0	1363
455	341	37	20	434	594	90	0	910	181
456	344	478	-10	2296	2456	90	549	0	856
457	406	37	40	275	435	90	0	355	85
458	69	346	10	0	3620	90	0	609	1549
459	80	376	-20	407	567	90	62	0	84
460	314	449	30	209	369	90	0	434	79
461	209	201	30	2753	2913	90	0	452	1424
462	88	379	20	689	849	90	0	57	320
463	352	500	30	1505	1665	90	0	840	697
464	65	357	-10	0	3611	90	841	0	1496
465	345	15	20	0	3571	90	0	52	907
466	125	245	-10	3002	3162	90	425	0	1258
467	52	369	-30	2073	2233	90	251	0	507
468	449	140	-10	730	890	90	450	0	227
469	430	310	30	1176	1336	90	0	4	573
470	109	325	-10	3008	3168	90	161	0	1048
471	446	139	20	637	797	90	0	592	285
472	229	214	20	41	201	90	0	270	79
473	197	301	10	0	3751	90	0	804	134
474	146	245	20	696	856	90	0	196	375
475	401	368	20	664	824	90	0	800	316
476	116	259	-10	2613	2773	90	563	0	683
477	374	55	30	2792	2952	90	0	302	1360
478	249	251	-10	3036	3196	90	648	0	950
479	325	490	10	923	1083	90	0	178	415
480	59	159	10	0	3613	90	0	407	1222
481	186	177	-20	1361	1521	90	610	0	131
482	319	229	-20	2292	2452	90	603	0	849
483	26	269	-10	1005	1165	90	821	0	178
484	53	139	30	1214	1374	90	0	992	573
485	471	154	-30	0	3584	90	824	0	519
486	301	247	-30	0	3773	90	976	0	1815
487	388	220	-10	1423	1583	90	389	0	673
488	235	81	20	1450	1610	90	0	808	720
489	347	479	-20	2389	2549	90	874	0	506
490	367	59	-20	0	3601	90	404	0	1609
491	261	370	-10	1069	1229	90	73	0	130
492	441	287	-20	2915	3075	90	982	0	670
493	44	153	-20	0	3597	90	29	0	1629
494	263	351	-20	1545	1705	90	652	0	508
495	444	157	10	215	375	90	0	34	79
496	374	17	10	1925	2085	90	0	515	910
497	448	295	10	2724	2884	90	0	293	1340
498	446	297	-10	2232	2392	90	852	0	868
499	347	40	30	530	690	90	0	843	229
500	318	493	-20	825	985	90	730	0	131
501	399	352	10	1260	1420	90	0	413	619
502	51	364	-10	1887	2047	90	33	0	816
503	250	217	-20	2534	2694	90	19	0	574
504	107	225	30	440	600	90	0	943	227
505	173	208	-20	0	3737	90	599	0	710
506	204	189	10	0	3748	90	0	528	1790
507	399	379	20	2960	3120	90	0	825	1461
508	79	346	-10	3150	3310	90	747	0	1249
509	360	338	10	272	432	90	0	230	145
510	390	17	-40	0	3553	90	223	0	524
511	207	337	20	805	965	90	0	769	433
512	409	361	-20	0	3631	90	792	0	1662
513	206	377	-20	559	719	90	590	0	237
514	429	294	-10	0	3640	90	375	0	527
515	375	31	-10	2185	2345	90	496	0	910
516	426	80	20	0	3580	90	0	989	653
517	74	374	-10	0	3609	90	868	0	1642
518	408	20	-10	473	633	90	935	0	131
519	239	369	-30	1811	1971	90	126	0	735
520	420	308	30	709	869	90	0	594	344
521	254	357	-10	0	3717	90	31	0	1397
522	53	297	-20	0	3622	90	22	0	1103
523	434	382	30	2250	2410	90	0	105	1091
524	204	171	20	0	3733	90	0	623	1773
525	173	169	-20	1558	1718	90	970	0	755
526	190	332	20	606	766	90	0	261	332
527	274	231	-10	2126	2286	90	560	0	689
528	207	194	-10	0	3754	90	506	0	1790
529	315	232	-20	0	3757	90	128	0	1330
530	425	87	-20	444	604	90	957	0	88
531	312	64	20	582	742	90	0	63	272
532	129	244	30	2908	3068	90	0	881	1473
533	278	230	10	1466	1626	90	0	215	795
534	351	75	-10	2154	2314	90	435	0	1000
535	185	293	10	930	1090	90	0	668	506
536	364	364	20	0	3663	90	0	246	1269
537	432	369	10	2147	2307	90	0	674	1044
538	128	249	-10	1343	1503	90	14	0	226
539	221	179	-20	369	529	90	291	0	180
540	194	296	-30	0	3752	90	613	0	322
541	413	350	10	0	3633	90	0	679	1142
542	214	372	10	0	3697	90	0	47	1218
543	379	229	10	1045	1205	90	0	756	537
544	91	298	10	2013	2173	90	0	812	1003
545	226	120	30	0	3692	90	0	265	1684
546	344	46	30	1660	1820	90	0	211	797
547	238	84	10	1634	1794	90	0	837	813
548	138	276	-20	1915	2075	90	189	0	134
549	346	487	10	1808	1968	90	0	456	856
550	95	160	10	0	3645	90	0	281	1664
551	103	266	-10	1062	1222	90	944	0	484
552	98	286	30	1337	1497	90	0	906	670
553	77	172	20	2976	3136	90	0	983	1473
554	147	199	30	308	468	90	0	104	176
555	210	98	10	721	881	90	0	936	361
556	428	292	10	0	3642	90	0	123	1095
557	121	236	-20	2034	2194	90	666	0	970
558	336	479	20	2198	2358	90	0	264	1056
559	203	369	-30	841	1001	90	236	0	389
560	296	232	10	1268	1428	90	0	527	689
561	87	369	10	201	361	90	0	786	79
562	247	88	30	1924	2084	90	0	578	960
563	104	246	10	1353	1513	90	0	476	683
564	67	302	-10	2493	2653	90	595	0	944
565	114	296	-20	0	3681	90	138	0	84
566	394	356	30	0	3646	90	0	260	1362
567	192	306	20	1523	1683	90	0	959	801
568	16	285	-20	2492	2652	90	938	0	916
569	419	310	-30	802	962	90	589	0	79
570	389	221	10	0	3683	90	0	136	766
571	129	264	-10	0	3703	90	60	0	1273
572	172	483	-20	904	1064	90	197	0	130
573	325	251	20	1425	1585	90	0	84	754
574	151	436	10	2386	2546	90	0	177	1167
575	263	91	20	352	512	90	0	984	176
576	401	15	20	685	845	90	0	381	282
577	253	382	-30	3090	3250	90	731	0	1501
578	247	89	-30	2015	2175	90	562	0	960
579	283	229	30	1371	1531	90	0	36	745
580	366	341	20	553	713	90	0	185	282
581	392	213	20	2092	2252	90	0	173	1052
582	167	304	20	207	367	90	0	758	133
583	477	154	10	1506	1666	90	0	192	709
584	234	383	-10	0	3691	90	979	0	1541
585	199	327	-10	0	3732	90	237	0	1265
586	140	220	-30	0	3710	90	252	0	84
587	144	266	30	311	471	90	0	923	181
588	432	105	10	3432	3592	0	0	1002	1679
589	368	325	30	139	299	90	0	569	79
590	202	386	20	0	3680	90	0	513	237
591	325	246	10	1520	1680	90	0	675	802
592	430	86	-20	0	3581	90	471	0	285
593	200	195	20	0	3750	90	0	708	1467
594	440	295	-30	2136	2296	90	520	0	344
595	77	287	10	1905	2065	90	0	564	944
596	187	362	-20	0	3696	90	222	0	1557
597	131	207	-10	999	1159	90	183	0	130
598	405	5	20	786	946	90	0	715	328
599	125	226	20	1389	1549	90	0	505	710
600	254	335	-10	3013	3173	90	807	0	1337
601	212	168	-10	860	1020	90	376	0	373
602	281	279	-10	0	3782	90	16	0	1256
603	326	241	20	1615	1775	90	0	482	849
604	152	241	20	793	953	90	0	150	427
605	71	139	-10	807	967	90	914	0	329
606	46	277	10	589	749	90	0	622	271
607	393	13	20	1358	1518	90	0	443	620
608	87	454	40	882	1042	90	0	232	390
609	86	359	-10	3255	3415	90	458	0	1549
610	220	192	20	169	329	90	0	481	131
611	426	279	-20	3112	3272	90	46	0	1497
612	131	267	-30	2572	2732	90	27	0	572
613	200	297	30	553	713	90	0	540	322
614	299	442	10	1904	2064	90	0	326	932
615	265	218	20	2429	2589	90	0	324	1276
616	398	231	20	2296	2456	90	0	349	1153
617	312	74	20	0	3638	90	0	655	811
618	99	307	-30	0	3663	90	656	0	329
619	22	283	-10	0	3594	90	193	0	774
620	67	160	10	2690	2850	90	0	393	1323
621	390	42	-10	2588	2748	90	369	0	889
622	44	279	-10	0	3616	90	606	0	271
623	200	182	-20	0	3740	90	524	0	1773
624	458	303	20	0	3610	90	0	931	1650
625	298	438	10	567	727	90	0	305	266
626	62	301	20	3400	3560	0	0	1004	1682
627	112	251	-10	1633	1793	90	994	0	779
628	184	354	30	0	3701	90	0	239	1532
629	140	180	-10	0	3694	90	334	0	1471
630	269	428	20	1145	1305	90	0	834	562
631	123	206	-20	1885	2045	90	442	0	904
632	36	284	10	1698	1858	90	0	737	820
633	272	233	10	0	3797	90	0	2	985
634	320	231	20	2384	2544	90	0	686	1235
635	211	180	-20	758	918	90	684	0	369
636	114	169	20	2612	2772	90	0	315	1306
637	245	239	-30	2933	3093	90	268	0	1351
638	117	204	30	0	3684	90	0	231	1311
639	316	254	20	0	3758	90	0	743	470
640	169	443	30	500	660	90	0	206	225
641	212	96	-10	904	1064	90	999	0	406
642	119	285	-20	3063	3223	90	337	0	381
643	71	163	-30	2785	2945	90	158	0	1318
644	78	361	10	0	3620	90	0	333	1662
645	354	219	-30	3375	3535	90	384	0	1657
646	389	233	-20	0	3684	90	662	0	378
647	90	391	10	541	701	90	0	884	243
648	209	307	10	1811	1971	90	0	478	950
649	363	351	-30	2923	3083	90	347	0	1066
650	405	47	10	255	415	90	0	107	79
651	278	329	10	83	243	90	0	146	79
652	261	371	20	978	1138	90	0	494	508
653	302	470	-10	2227	2387	90	238	0	467
654	373	205	-10	0	3694	90	98	0	79
655	381	20	-20	1828	1988	90	617	0	811
656	90	277	30	662	822	90	0	618	329
657	46	341	-10	2659	2819	90	750	0	904
658	50	138	20	0	3595	90	0	273	955
659	61	437	20	265	425	90	0	877	79
660	331	252	-20	1134	1294	90	967	0	280
661	440	81	-10	2665	2825	90	990	0	1134
662	384	206	20	739	899	90	0	646	378
663	232	87	30	0	3661	90	0	216	1341
664	59	471	20	0	3532	90	0	226	1101
665	174	304	20	110	270	90	0	386	88
666	106	248	20	0	3680	90	0	557	970
667	410	287	-10	0	3660	90	298	0	205
668	206	313	-10	2091	2251	90	535	0	506
669	412	367	20	960	1120	90	0	93	460
670	412	300	20	515	675	90	0	714	252
671	206	295	-40	2809	2969	90	973	0	1041
672	329	459	-10	2885	3045	90	120	0	1198
673	177	436	20	199	359	90	0	856	79
674	266	264	-10	0	3803	90	537	0	1044
675	308	235	-10	3135	3295	90	591	0	802
676	260	330	-20	3203	3363	90	296	0	85
677	49	136	10	1705	1865	90	0	768	816
678	356	28	20	1000	1160	90	0	918	456
679	428	384	-10	2444	2604	90	541	0	1142
680	220	362	20	1331	1491	90	0	878	687
681	437	61	-10	0	3559	90	885	0	499
682	365	360	-20	2040	2200	90	269	0	959
683	107	168	-20	0	3660	90	135	0	1059
684	220	177	20	0	3746	90	0	635	369
685	347	21	20	1386	1546	90	0	451	648
686	293	245	-20	3430	3590	90	634	0	1235
687	267	436	-10	3007	3167	90	692	0	1330
688	216	96	10	2566	2726	90	0	8	1284
689	383	351	20	167	327	90	0	697	79
690	289	240	-20	0	3784	90	819	0	1543
691	129	185	-10	2814	2974	90	176	0	808
692	291	450	10	2705	2865	90	0	687	1330
693	387	21	-30	1548	1708	90	863	0	426
694	116	255	20	1239	1399	90	0	795	632
695	50	368	30	0	3592	90	0	741	956
696	121	249	-10	2421	2581	90	850	0	635
697	404	346	-20	0	3643	90	689	0	79
698	77	360	-20	0	3619	90	248	0	1658
699	447	102	-30	0	3578	90	13	0	1619
700	366	16	20	0	3563	90	0	846	1599
701	348	16	30	1780	1940	90	0	416	843
702	353	346	-10	3114	3274	90	221	0	1513
703	54	485	30	1773	1933	90	0	972	813
704	319	77	-20	0	3638	90	44	0	658
705	83	282	-20	1532	1692	90	180	0	188
706	384	24	10	2601	2761	90	0	319	1249
707	52	469	-20	1387	1547	90	137	0	287
708	199	200	-20	2945	3105	90	593	0	1467
709	273	234	-10	0	3796	90	921	0	177
710	16	281	-20	2676	2836	90	790	0	1254
711	151	442	20	2482	2642	90	0	388	1212
712	223	114	20	332	492	90	0	720	176
713	191	308	20	82	242	90	0	418	79
714	448	297	-20	2632	2792	90	670	0	252
715	386	28	-20	2507	2667	90	598	0	328
716	106	295	20	1053	1213	90	0	3	531
717	387	224	-20	1517	1677	90	729	0	277
718	96	377	10	0	3625	90	0	76	320
719	86	361	-10	3347	3507	90	112	0	1596
720	211	107	-20	531	691	90	712	0	176
721	43	125	-20	1603	1763	90	17	0	432
722	369	351	-50	0	3668	90	394	0	190
723	388	228	-20	1235	1395	90	119	0	85
724	325	228	-20	1810	1970	90	823	0	234
725	490	159	-10	1897	2057	90	144	0	802
726	420	78	20	1398	1558	90	0	409	658
727	396	4	10	0	3538	0	0	1001	1625
728	222	317	-10	2415	2575	90	776	0	1070
729	389	198	20	543	703	90	0	717	277
730	322	454	20	320	480	90	0	500	131
731	241	391	30	2985	3145	90	0	577	1501
732	256	117	20	0	3691	90	0	415	1704
733	298	255	10	151	311	90	0	417	131
734	74	363	-20	2763	2923	90	129	0	761
735	345	496	20	1407	1567	90	0	353	651
736	167	169	20	1654	1814	90	0	168	849
737	23	306	-10	2182	2342	90	632	0	820
738	317	62	20	677	837	90	0	323	318
739	319	257	-10	656	816	90	356	0	179
740	129	255	-20	2716	2876	90	742	0	933
741	59	377	-30	2088	2248	90	695	0	956
742	138	272	20	1821	1981	90	0	740	933
743	317	251	-20	940	1100	90	639	0	470
744	279	436	20	0	3636	90	0	782	837
745	371	207	10	241	401	90	0	813	136
746	263	372	10	886	1046	90	0	960	461
747	50	347	10	2562	2722	90	0	508	1249
748	275	236	20	1563	1723	90	0	68	847
749	334	47	20	331	491	90	0	124	135
750	50	383	10	1889	2049	90	0	657	904
751	170	338	20	2284	2444	90	0	332	1162
752	245	109	-10	0	3683	90	876	0	603
753	69	475	30	1189	1349	90	0	288	530
754	54	372	20	1991	2151	90	0	360	960
755	198	334	-20	2203	2363	90	38	0	270
756	380	228	-10	0	3693	90	543	0	537
757	425	118	10	219	379	90	0	815	79
758	80	398	-20	0	3599	90	582	0	133
759	366	57	-30	3076	3236	90	789	0	752
760	67	463	30	584	744	90	0	181	231
761	226	86	10	2595	2755	0	0	1010	1294
762	59	480	-20	1583	1743	90	801	0	84
763	40	378	-10	1386	1546	90	257	0	270
764	250	367	20	2113	2273	90	0	962	1078
765	157	436	-30	2773	2933	90	905	0	1278
766	463	161	-40	2403	2563	90	791	0	1108
767	266	250	10	409	569	90	0	318	276
768	51	162	-10	2213	2373	90	677	0	816
769	194	353	-20	1371	1531	90	511	0	433
770	383	41	-40	2685	2845	90	297	0	1197
771	247	82	30	1828	1988	90	0	140	909
772	457	142	20	829	989	90	0	908	377
773	244	94	-20	1795	1955	90	188	0	543
774	441	63	-30	2274	2434	90	853	0	597
775	244	371	-20	2310	2470	90	282	0	829
776	174	444	10	0	3616	90	0	728	1070
777	94	247	30	853	1013	90	0	289	428
778	320	225	-10	0	3750	90	901	0	561
779	316	80	30	0	3642	90	0	454	1363
780	155	447	-10	2672	2832	90	127	0	1029
781	211	308	-30	0	3755	90	433	0	1605
782	297	442	-20	1812	1972	90	744	0	837
783	200	342	-30	997	1157	90	829	0	225
784	44	325	-20	3181	3341	90	6	0	1447
785	438	60	30	2180	2340	90	0	131	1036
786	80	374	-10	0	3614	90	561	0	79
787	59	163	-10	2311	2471	90	422	0	132
788	236	92	-20	2210	2370	90	453	0	497
789	414	66	30	1592	1752	90	0	759	752
790	34	279	20	0	3607	90	0	710	1254
791	475	156	40	0	3581	90	0	766	1108
792	404	310	20	0	3659	90	0	512	1662
793	367	239	-20	3156	3316	90	163	0	1537
794	210	359	10	1568	1728	90	0	948	805
795	133	278	-20	0	3704	90	694	0	632
796	446	169	10	3185	3345	90	0	139	1566
797	188	356	-30	1882	2042	90	23	0	760
798	312	252	20	845	1005	90	0	325	471
799	69	485	-40	0	3528	90	125	0	1014
800	413	353	-20	1650	1810	90	475	0	316
801	54	446	20	287	447	90	0	762	84
802	56	357	-10	1788	1948	90	358	0	806
803	230	105	-20	0	3678	90	814	0	1688
804	196	302	-10	274	434	90	473	0	134
805	391	373	10	0	3637	90	0	854	898
806	101	295	-30	958	1118	90	346	0	79
807	234	350	10	2617	2777	90	0	600	1337
808	215	108	-20	2760	2920	90	488	0	720
809	142	457	-30	0	3591	90	428	0	1632
810	283	425	20	0	3646	90	0	927	748
811	77	397	-30	919	1079	90	97	0	79
812	105	317	-10	2909	3069	90	544	0	1003
813	382	213	-10	1715	1875	90	745	0	136
814	213	76	20	0	3647	90	0	803	1688
815	417	56	-10	0	3569	90	757	0	79
816	183	340	-30	2677	2837	90	314	0	1317
817	123	242	20	3190	3350	90	0	308	1611
818	475	136	-20	1029	1189	90	134	0	235
819	377	246	20	3054	3214	90	0	690	1543
820	310	484	30	626	786	90	0	117	272
821	47	280	10	403	563	90	0	483	178
822	57	456	20	388	548	90	0	217	132
823	313	266	20	373	533	90	0	724	234
824	475	145	30	1128	1288	90	0	485	519
825	400	376	-20	0	3629	90	507	0	1461
826	290	416	30	0	3654	90	0	354	1382
827	277	369	-30	0	3702	90	350	0	176
828	91	303	-10	0	3657	90	214	0	384
829	194	301	30	366	526	90	0	783	225
830	254	238	-10	2646	2806	90	153	0	1080
831	215	91	-30	2290	2450	90	437	0	1077
832	500	162	20	2088	2248	90	0	30	991
833	56	287	20	197	357	90	0	39	79
834	289	452	-20	2798	2958	90	630	0	562
835	378	326	30	160	320	90	0	966	85
836	197	350	-20	1186	1346	90	441	0	386
837	243	88	-10	1731	1891	90	547	0	813
838	250	72	-40	1125	1285	90	203	0	507
839	101	290	20	1150	1310	90	0	272	577
840	351	480	-30	0	3573	90	463	0	697
841	67	357	10	3044	3204	90	0	464	1496
842	128	240	-10	3285	3445	90	862	0	276
843	253	81	-30	0	3655	90	499	0	229
844	307	227	30	2853	3013	90	0	902	1475
845	233	441	-30	0	3633	90	998	0	1140
846	311	47	-20	0	3613	90	700	0	1599
847	292	456	-10	0	3614	90	218	0	1655
848	183	187	-10	0	3733	90	886	0	758
849	392	31	-20	2890	3050	90	912	0	1343
850	103	251	10	1258	1418	90	0	696	635
851	300	443	-20	1996	2156	90	338	0	175
852	420	295	10	1752	1912	90	0	498	868
853	427	64	30	1292	1452	90	0	774	597
854	372	354	-10	1941	2101	90	805	0	898
855	101	263	-10	1156	1316	90	903	0	182
856	141	454	-20	1686	1846	90	673	0	79
857	146	461	-10	1497	1657	90	95	0	362
858	298	430	30	469	629	90	0	969	221
859	148	270	10	119	279	90	0	55	87
860	76	287	20	1814	1974	0	0	1016	898
861	308	55	30	871	1031	90	0	896	413
862	143	257	10	501	661	90	0	842	276
863	393	2	30	979	1139	90	0	693	426
864	385	28	10	0	3565	90	0	165	1578
865	204	291	20	0	3763	90	0	872	1791
866	132	272	-10	2294	2454	90	880	0	1069
867	206	379	10	467	627	90	0	292	245
868	69	383	10	0	3600	90	0	517	1642
869	245	96	-20	0	3670	90	894	0	795
870	431	301	10	0	3636	90	0	85	958
871	448	94	20	3154	3314	90	0	249	1530
872	199	305	-20	0	3749	90	865	0	1791
873	95	356	-20	3447	3607	90	82	0	1658
874	328	498	20	1113	1273	90	0	489	506
875	108	222	-20	0	3680	90	382	0	79
876	341	26	10	1288	1448	90	0	752	603
877	63	454	-20	0	3548	90	659	0	79
878	222	357	-20	0	3714	90	680	0	687
879	416	364	-10	1938	2098	90	148	0	711
880	127	278	10	2106	2266	90	0	866	1069
881	140	252	-30	0	3714	90	532	0	1473
882	218	298	-20	2706	2866	90	35	0	1304
883	432	87	10	2858	3018	90	0	190	1386
884	216	300	-10	0	3764	90	647	0	243
885	438	72	10	1098	1258	90	0	681	499
886	184	178	10	1454	1614	90	0	848	758
887	345	468	10	2677	2837	90	0	208	1299
888	150	435	-20	0	3614	90	941	0	910
889	395	365	30	0	3639	90	0	132	224
890	208	371	20	655	815	90	0	61	343
891	190	292	10	745	905	90	0	220	415
892	78	479	30	1089	1249	90	0	913	481
893	104	198	-20	0	3670	90	18	0	1530
894	346	13	20	1686	1846	90	0	869	795
895	47	388	-20	1193	1353	90	307	0	462
896	315	57	-30	0	3621	90	861	0	413
897	110	199	-40	2207	2367	90	94	0	333
898	323	60	10	0	3621	90	0	11	1010
899	308	82	30	0	3647	0	0	1006	1734
900	216	374	30	1035	1195	90	0	245	533
901	326	253	10	1039	1199	90	0	778	561
902	308	232	-30	2948	3108	90	844	0	1475
903	118	223	10	339	499	90	0	855	182
904	149	444	-20	0	3606	90	391	0	187
905	95	395	30	0	3612	90	0	765	1278
906	117	319	-30	0	3675	90	552	0	670
907	262	352	-30	0	3722	90	78	0	367
908	468	135	-20	932	1092	90	772	0	377
909	351	31	20	813	973	90	0	58	365
910	361	15	-20	2118	2278	90	455	0	181
911	195	300	-20	0	3750	90	207	0	1588
912	397	27	20	0	3557	90	0	849	1343
913	179	311	-30	0	3731	90	892	0	481
914	77	133	10	709	869	90	0	605	329
915	66	397	-10	1125	1285	90	241	0	79
916	366	352	-10	2830	2990	90	939	0	1358
917	221	87	20	1403	1563	90	0	287	698
918	347	23	-20	0	3578	90	678	0	456
919	176	358	10	2075	2235	90	0	114	1051
920	229	78	-30	2496	2656	90	266	0	1196
921	272	246	10	218	378	90	0	709	177
922	293	67	20	0	3637	90	0	365	845
923	140	265	-30	1543	1703	90	587	0	181
924	238	83	20	1543	1703	90	0	380	767
925	136	296	-40	3275	3435	90	378	0	1408
926	218	98	30	2002	2162	90	0	1	1003
927	290	440	-20	1621	1781	90	810	0	748
928	29	302	20	2085	2245	90	0	304	1008
929	290	425	30	280	440	90	0	9	130
930	124	247	20	3095	3255	0	0	1013	1564
931	442	287	-20	0	3629	90	624	0	1650
932	294	64	10	383	543	90	0	224	175
933	74	165	-20	2878	3038	90	985	0	714
934	382	245	-10	2959	3119	90	276	0	1401
935	405	24	10	378	538	90	0	518	131
936	211	97	-10	812	972	90	555	0	361
937	88	390	30	0	3610	90	0	255	289
938	37	295	20	1891	2051	90	0	568	916
939	359	371	10	0	3662	90	0	916	1358
940	186	372	-20	0	3687	90	951	0	1618
941	116	446	20	1898	2058	90	0	888	910
942	293	249	-30	53	213	90	445	0	39
943	83	228	-30	649	809	90	504	0	227
944	96	269	10	965	1125	90	0	551	484
945	179	284	-10	0	3746	90	997	0	1784
946	368	219	20	0	3702	90	0	980	962
947	66	359	-30	3157	3317	90	412	0	1254
948	189	338	-10	2954	3114	90	794	0	805
949	163	277	-10	3492	3652	90	25	0	1489
950	5	296	-10	0	3575	90	978	0	515
951	152	478	20	0	3576	90	0	940	1618
952	366	34	-20	2086	2246	90	205	0	767
953	429	80	20	0	3578	90	0	32	893
954	464	178	-20	2691	2851	90	65	0	945
955	138	196	-10	1993	2153	90	59	0	907
956	87	481	-20	2733	2893	90	263	0	1108
957	425	99	20	248	408	90	0	530	88
958	241	362	10	2410	2570	90	0	182	1228
959	207	289	-20	2997	3157	90	567	0	801
960	264	365	-10	1255	1415	90	746	0	461
961	102	289	-10	1242	1402	90	37	0	281
962	233	346	-20	2711	2871	90	764	0	1078
963	78	141	30	0	3621	90	0	151	1648
964	196	348	10	1094	1254	90	0	300	571
965	216	92	-10	2382	2542	90	219	0	363
966	444	309	-30	2425	2585	90	835	0	85
967	313	263	20	466	626	90	0	660	280
968	211	198	30	2660	2820	90	0	447	1377
969	314	436	-30	2101	2261	90	858	0	221
970	217	189	20	0	3755	90	0	525	755
971	197	178	-20	1058	1218	90	420	0	85
972	60	497	-30	0	3513	90	703	0	813
973	206	312	40	2000	2160	90	0	671	1041
974	197	351	-20	1277	1437	90	28	0	479
975	305	233	-10	3041	3201	90	328	0	1376
976	297	250	30	0	3777	90	0	486	1815
977	71	348	-10	3055	3215	90	234	0	1427
978	11	269	10	1110	1270	90	0	950	515
979	247	447	10	3120	3280	90	0	584	1541
980	386	213	-20	1996	2156	90	946	0	962
981	292	434	10	755	915	90	0	448	363
982	436	301	20	1373	1533	90	0	492	670
983	145	221	-20	0	3716	90	553	0	1473
984	224	96	-20	2098	2258	90	575	0	176
985	59	128	20	1496	1656	90	0	933	714
986	489	150	50	1798	1958	90	0	179	849
987	152	225	-10	994	1154	90	285	0	475
988	426	85	10	0	3583	90	0	370	1325
989	415	73	-20	1495	1655	90	516	0	653
990	440	70	10	2371	2531	90	0	661	1134
991	320	476	-20	0	3588	90	364	0	178
992	57	132	-30	1312	1472	90	484	0	573
993	405	311	30	0	3658	90	0	411	765
994	109	250	10	1540	1700	90	0	627	779
995	428	314	-30	992	1152	90	320	0	436
996	40	288	-30	1793	1953	90	7	0	319
997	175	282	10	0	3743	90	0	945	1784
998	298	456	30	2332	2492	90	0	845	1140
999	208	101	10	0	3670	90	0	641	406
1000	342	52	10	0	3606	90	0	331	766
1001	396	4	-10	0	3538	90	727	0	1625
1002	432	105	-10	3432	3592	90	588	0	1679
1003	328	216	-10	0	3739	90	368	0	1826
1004	62	301	-20	3400	3560	90	626	0	1682
1005	151	462	-10	1402	1562	90	250	0	664
1006	308	82	-30	0	3647	90	899	0	1734
1007	418	300	-10	611	771	90	322	0	297
1008	113	289	-10	0	3682	90	50	0	1769
1009	272	243	-30	0	3801	90	280	0	1888
1010	226	86	-10	2595	2755	90	761	0	1294
1011	149	183	-20	3108	3268	90	21	0	1573
1012	252	347	-10	2911	3071	90	15	0	1486
1013	124	247	-20	3095	3255	90	930	0	1564
1014	201	307	-10	0	3749	90	194	0	1836
1015	274	248	-20	0	3800	90	387	0	1887
1016	76	287	-20	1814	1974	90	860	0	898

