250	700	1
0	250	250	0	0	3914	0	0	0
1	212	101	-20	2422	3062	90	575	0	319
2	266	231	-10	1696	2336	90	336	0	1109
3	89	284	20	1196	1836	90	0	860	835
4	430	298	10	1322	1962	90	0	556	887
5	435	77	-20	762	1402	90	530	0	319
6	25	293	-10	2724	3364	90	710	0	1419
7	43	269	30	447	1087	90	0	483	439
8	216	117	10	189	829	90	0	814	345
9	294	437	30	421	1061	90	0	238	434
10	79	479	-20	758	1398	90	822	0	319
11	365	18	20	1973	2613	90	0	409	1177
12	225	125	20	127	767	90	0	641	319
13	448	103	-10	2938	3578	90	699	0	1620
14	143	266	10	162	802	90	0	114	346
15	252	347	10	2671	3311	90	0	149	1606
16	403	390	10	2320	2960	90	0	89	1376
17	67	153	-10	672	1312	90	422	0	319
18	90	168	-30	2840	3480	90	151	0	1348
19	302	235	-10	803	1443	90	767	0	396
20	259	355	-10	1677	2317	90	96	0	534
21	149	183	-20	2868	3508	90	629	0	1639
22	19	297	20	2042	2682	90	0	522	1223
23	209	358	-20	1237	1877	90	540	0	488
24	56	388	20	1551	2191	90	0	418	976
25	115	269	-10	2716	3356	90	623	0	734
26	377	356	10	1606	2246	90	0	616	1040
27	113	229	30	883	1523	90	0	740	692
28	205	343	20	662	1302	90	0	680	599
29	48	137	20	1557	2197	90	0	768	982
30	467	157	-20	2067	2707	90	468	0	451
31	220	394	10	2543	3183	90	0	676	1517
32	436	54	20	1751	2391	90	0	190	1060
33	54	357	10	1456	2096	90	0	868	936
34	456	154	10	227	867	90	0	986	319
35	216	307	-20	2276	2916	90	567	0	921
36	280	224	-30	1986	2626	90	579	0	865
37	90	270	10	325	965	90	0	806	401
38	166	452	20	359	999	90	0	444	390
39	17	283	-10	2344	2984	90	109	0	541
40	196	192	-20	1850	2490	90	68	0	1138
41	94	275	10	229	869	90	0	595	355
42	292	445	-20	1476	2116	90	744	0	865
43	329	471	30	2543	3183	90	0	208	1474
44	326	57	20	1124	1764	90	0	899	778
45	95	466	-10	2784	3424	90	288	0	887
46	429	282	20	2778	3418	90	0	611	1617
47	229	364	10	2272	2912	90	0	335	1398
48	457	160	-20	2751	3391	90	772	0	497
49	452	154	-10	223	863	90	495	0	274
50	113	289	10	142	782	90	0	272	319
51	67	387	-30	2136	2776	90	467	0	1120
52	368	17	-10	1781	2421	90	416	0	1012
53	341	367	-30	2290	2930	90	491	0	674
54	410	364	30	1602	2242	90	0	436	928
55	80	281	-20	1477	2117	90	180	0	319
56	321	224	-20	1866	2506	90	487	0	840
57	73	395	20	983	1623	90	0	698	697
58	259	76	10	688	1328	90	0	843	576
59	121	203	-20	1552	2192	90	694	0	752
60	118	256	-20	2279	2919	90	539	0	346
61	236	361	-10	1473	2113	90	559	0	556
62	78	371	-10	210	850	90	241	0	274
63	301	53	20	729	1369	90	0	211	582
64	382	197	20	400	1040	90	0	778	448
65	491	160	-10	1749	2389	90	583	0	829
66	453	164	-10	2846	3486	90	155	0	319
67	277	371	30	355	995	90	0	746	435
68	272	212	20	2090	2730	90	0	40	1138
69	386	218	-30	1661	2301	90	717	0	888
70	353	32	10	665	1305	90	0	678	531
71	59	389	20	1458	2098	90	0	977	930
72	414	62	-30	1446	2086	90	789	0	872
73	278	357	10	110	750	90	0	169	319
74	101	179	-30	2172	2812	90	777	0	548
75	396	234	-20	2150	2790	90	230	0	448
76	74	390	-20	557	1197	90	786	0	344
77	332	55	30	211	851	90	0	700	319
78	272	365	30	453	1093	90	0	939	487
79	418	355	-10	1797	2437	90	697	0	690
80	216	380	-30	2060	2700	90	97	0	319
81	440	173	-10	2979	3619	90	954	0	1432
82	89	358	-10	2991	3631	90	464	0	1320
83	66	491	20	1830	2470	90	0	160	1083
84	317	234	10	2239	2879	90	0	128	1405
85	439	297	-10	1803	2443	90	852	0	988
86	394	367	30	185	825	90	0	825	319
87	58	364	10	2022	2662	90	0	508	1219
88	290	75	20	179	819	90	0	896	319
89	346	344	-10	2972	3612	90	16	0	1376
90	131	269	10	2148	2788	90	0	466	1333
91	236	96	20	1364	2004	90	0	752	924
92	29	282	10	1170	1810	90	0	996	793
93	418	385	30	2517	3157	0	0	1008	1470
94	148	225	-30	373	1013	90	431	0	394
95	166	464	-20	554	1194	90	111	0	319
96	266	373	10	553	1193	90	0	20	534
97	201	273	30	54	694	90	0	80	319
98	255	245	10	7	647	90	0	224	319
99	220	379	10	2154	2794	90	0	118	1330
100	85	317	30	2367	3007	90	0	618	1414
101	125	264	-20	2615	3255	90	601	0	584
102	131	253	-10	2569	3209	90	290	0	1241
103	184	188	-20	1020	1660	90	684	0	391
104	128	209	20	853	1493	90	0	373	682
105	373	364	20	2930	3570	90	0	702	1614
106	389	342	-20	905	1545	90	446	0	641
107	420	20	30	335	975	90	0	863	344
108	132	218	10	122	762	90	0	850	319
109	32	256	10	661	1301	90	0	39	541
110	406	339	20	179	819	90	0	995	319
111	191	397	20	158	798	90	0	95	319
112	72	341	-10	2626	3266	90	257	0	390
113	35	308	-20	2832	3472	90	737	0	1174
114	169	360	-10	1932	2572	90	14	0	346
115	222	381	-20	2349	2989	90	441	0	506
116	96	292	10	622	1262	90	0	564	551
117	311	496	-20	488	1128	90	419	0	319
118	220	384	-10	2443	3083	90	99	0	1330
119	259	243	20	11	651	90	0	912	319
120	349	476	10	2243	2883	90	0	558	1123
121	63	159	-30	769	1409	90	313	0	346
122	112	243	-10	2081	2721	90	228	0	1103
123	448	302	20	2087	2727	90	0	492	1261
124	343	27	20	956	1596	90	0	918	581
125	67	485	40	1926	2566	90	0	799	1134
126	220	359	-10	1184	1824	90	333	0	319
127	147	435	10	1871	2511	90	0	904	1149
128	317	235	-10	2330	2970	90	84	0	1405
129	43	355	20	1355	1995	90	0	734	881
130	368	340	10	221	861	90	0	359	356
131	450	72	-20	2321	2961	90	815	0	963
132	400	364	30	330	970	90	0	805	390
133	355	480	20	1376	2016	90	0	326	881
134	450	153	20	293	933	90	0	471	355
135	126	188	-10	1858	2498	90	563	0	803
136	380	223	-10	1374	2014	90	213	0	347
137	71	453	20	445	1085	90	0	207	407
138	54	287	20	199	839	90	0	928	319
139	420	168	-30	2996	3636	90	192	0	1175
140	219	89	20	2452	3092	90	0	287	1464
141	189	327	10	180	820	90	0	432	360
142	191	309	-20	1190	1830	90	881	0	443
143	301	67	-10	240	880	90	408	0	299
144	484	161	10	1456	2096	0	0	1004	922
145	77	483	20	2299	2939	90	0	235	1324
146	241	375	-10	1758	2398	90	348	0	1090
147	428	64	-10	961	1601	90	885	0	619
148	403	361	-10	1212	1852	90	339	0	343
149	257	336	-10	2866	3506	90	15	0	1606
150	131	241	-20	3065	3705	90	571	0	1519
151	63	166	30	2262	2902	90	0	18	1348
152	71	368	20	2970	3610	90	0	719	1652
153	272	228	-20	1793	2433	90	798	0	591
154	25	290	30	2631	3271	0	0	1005	1521
155	441	157	10	212	852	90	0	66	319
156	13	266	20	964	1604	90	0	784	683
157	251	376	-20	2946	3586	90	653	0	1200
158	61	170	-20	2168	2808	90	985	0	834
159	386	357	20	1193	1833	90	0	675	829
160	95	475	-20	2685	3325	90	83	0	1083
161	90	298	10	1864	2504	90	0	399	1168
162	71	388	-30	1265	1905	90	429	0	747
163	383	246	-10	2628	3268	90	402	0	1422
164	352	38	10	386	1026	90	0	864	395
165	395	1	30	647	1287	90	0	607	499
166	120	210	-30	1042	1682	90	421	0	344
167	46	383	30	1048	1688	90	0	657	722
168	202	198	-10	2038	2678	90	174	0	1021
169	358	365	-10	2086	2726	90	73	0	319
170	191	352	20	117	757	90	0	807	319
171	470	152	30	986	1626	90	0	179	692
172	228	124	20	127	767	90	0	720	319
173	402	230	-30	1962	2602	90	362	0	875
174	323	229	10	1478	2118	90	0	168	1021
175	331	486	10	1763	2403	90	0	672	1076
176	112	208	10	1361	2001	90	0	231	928
177	172	435	-20	2821	3461	90	765	0	1482
178	326	498	-30	781	1421	90	820	0	392
179	460	183	-30	2547	3187	90	171	0	692
180	95	279	20	157	797	90	0	55	319
181	76	456	30	540	1180	90	0	263	455
182	242	350	-30	2571	3211	90	731	0	1469
183	152	196	-20	111	751	90	610	0	263
184	268	351	-30	1210	1850	90	342	0	319
185	360	356	-20	2493	3133	90	246	0	1442
186	39	296	-10	1743	2383	90	632	0	940
187	262	368	30	922	1562	90	0	960	721
188	204	90	20	854	1494	90	0	274	663
189	149	273	20	103	743	90	0	913	245
190	446	86	-20	2816	3456	90	32	0	1060
191	139	269	-40	1488	2128	90	923	0	915
192	483	170	30	1957	2597	90	0	139	1175
193	39	278	10	1361	2001	90	0	938	894
194	201	307	10	1473	2113	90	0	781	1018
195	395	378	-30	1396	2036	90	889	0	319
196	139	262	30	1210	1850	90	0	866	869
197	176	447	20	210	850	90	0	258	319
198	67	380	-30	2039	2679	90	251	0	627
199	35	358	-30	1257	1897	90	905	0	319
200	294	455	-10	2186	2826	90	614	0	1052
201	351	33	20	481	1121	90	0	685	440
202	216	316	-10	2079	2719	90	997	0	722
203	261	96	40	207	847	90	0	924	346
204	238	57	-10	1096	1736	90	309	0	319
205	383	18	-10	1403	2043	90	693	0	840
206	152	460	-30	1070	1710	90	572	0	529
207	94	479	-20	2590	3230	90	137	0	407
208	337	453	-30	2745	3385	90	43	0	1474
209	135	460	-20	1545	2185	90	857	0	830
210	260	104	20	146	786	90	0	547	319
211	337	63	-20	1805	2445	90	63	0	582
212	32	247	-10	562	1202	90	606	0	391
213	394	205	10	205	845	90	0	136	347
214	95	294	10	530	1170	90	0	243	504
215	253	241	-30	2595	3235	90	743	0	636
216	223	90	-30	2547	3187	90	562	0	1080
217	64	473	10	1044	1684	90	0	232	696
218	275	431	-30	1002	1642	90	858	0	341
219	261	84	10	494	1134	90	0	788	483
220	176	296	-30	990	1630	90	945	0	676
221	361	349	-30	2776	3416	90	347	0	1186
222	168	433	-20	2916	3556	90	941	0	1030
223	394	10	40	929	1569	90	0	496	644
224	308	60	-10	536	1176	90	98	0	319
225	94	456	-20	2884	3524	90	226	0	1275
226	73	484	20	2205	2845	90	0	225	1275
227	277	434	20	1187	1827	90	0	969	820
228	119	232	10	1699	2339	90	0	122	1103
229	78	375	10	212	852	90	0	747	319
230	366	346	20	408	1048	90	0	75	448
231	125	181	-10	2478	3118	90	176	0	928
232	69	493	-10	1737	2377	90	217	0	696
233	432	80	-20	668	1308	90	957	0	319
234	72	391	-10	1172	1812	90	811	0	545
235	85	486	-20	2398	3038	90	145	0	1324
236	204	371	-20	509	1149	90	713	0	319
237	173	328	10	2241	2881	90	0	959	1385
238	280	423	-30	711	1351	90	9	0	434
239	200	327	-20	2910	3550	90	755	0	1252
240	241	98	-40	2747	3387	90	984	0	1170
241	96	356	10	186	826	90	0	62	274
242	332	491	30	971	1611	90	0	834	678
243	81	283	-10	1384	2024	90	214	0	504
244	373	22	-30	2072	2712	90	510	0	790
245	255	371	40	1969	2609	90	0	958	1243
246	358	359	20	2399	3039	90	0	185	1442
247	216	93	10	2233	2873	90	0	803	1356
248	73	360	20	2707	3347	90	0	317	1478
249	305	212	20	916	1556	90	0	690	574
250	151	462	10	1162	1802	90	0	253	643
251	47	389	30	862	1502	90	0	198	627
252	155	198	30	108	748	90	0	599	319
253	152	457	-10	977	1617	90	250	0	643
254	329	48	10	1315	1955	90	0	295	869
255	88	394	10	487	1127	90	0	517	455
256	153	295	20	3078	3718	0	0	1010	1805
257	81	373	10	350	990	90	0	112	390
258	163	453	-20	453	1093	90	197	0	319
259	378	25	10	2168	2808	90	0	849	1274
260	401	385	-10	2624	3264	90	311	0	1425
261	184	340	10	2528	3168	90	0	865	1524
262	402	362	-30	1121	1761	90	512	0	631
263	70	482	-30	2111	2751	90	181	0	455
264	357	445	-10	2947	3587	90	353	0	1630
265	212	71	-10	964	1604	90	999	0	436
266	231	81	30	2163	2803	90	0	688	1316
267	379	208	10	595	1235	90	0	543	549
268	236	95	-20	1877	2517	90	869	0	974
269	386	344	20	999	1639	90	0	349	736
270	189	200	10	1749	2389	90	0	696	1155
271	296	253	10	594	1234	90	0	709	593
272	73	303	-10	2157	2797	90	50	0	319
273	30	162	-10	1862	2502	90	281	0	402
274	230	95	-20	1659	2299	90	188	0	663
275	57	131	10	1163	1803	90	0	484	644
276	379	245	10	2533	3173	90	0	645	1521
277	107	221	40	294	934	90	0	504	300
278	154	458	20	885	1525	0	0	1006	647
279	290	417	-30	171	811	90	826	0	274
280	272	243	30	23	663	90	0	946	319
281	94	130	10	361	1001	90	0	273	402
282	222	356	-30	1368	2008	90	397	0	580
283	243	108	-30	2821	3461	90	831	0	1263
284	224	93	20	1951	2591	90	0	637	1215
285	155	242	-20	646	1286	90	983	0	499
286	440	302	20	1039	1679	90	0	293	741
287	221	102	-20	2618	3258	90	140	0	1464
288	52	484	10	1441	2081	90	0	45	887
289	111	244	-20	1989	2629	90	971	0	684
290	132	273	10	1963	2603	90	0	102	1241
291	228	186	20	67	707	90	0	376	319
292	221	374	-10	890	1530	90	542	0	607
293	406	286	-20	3024	3664	90	286	0	741
294	390	9	30	1023	1663	90	0	331	692
295	335	52	-10	1521	2161	90	254	0	869
296	189	368	-30	132	772	90	829	0	269
297	397	40	-20	2251	2891	90	443	0	1263
298	408	305	-10	179	819	90	356	0	280
299	156	434	-20	2625	3265	90	888	0	1242
300	180	335	-30	2341	2981	90	628	0	1126
301	327	483	20	1858	2498	90	0	687	1126
302	363	62	-10	2965	3605	90	381	0	1415
303	375	342	-20	699	1339	90	823	0	354
304	16	280	-30	2527	3167	90	619	0	741
305	277	431	-20	1094	1734	90	448	0	634
306	110	241	-20	1896	2536	90	424	0	993
307	48	385	20	768	1408	90	0	609	582
308	152	260	10	98	738	90	0	382	265
309	255	120	10	130	770	90	0	204	319
310	214	382	-10	2251	2891	90	891	0	535
311	414	384	10	2422	3062	90	0	260	1425
312	232	378	20	1954	2594	90	0	728	1232
313	80	141	30	254	894	90	0	121	346
314	188	330	-10	273	913	90	859	0	319
315	157	192	-10	2970	3610	90	620	0	1443
316	101	237	20	1591	2231	90	0	638	910
317	74	360	-20	2616	3256	90	248	0	1478
318	267	260	20	269	909	90	0	724	444
319	378	46	-20	2850	3490	90	770	0	1418
320	420	311	-30	653	1293	90	993	0	319
321	384	217	20	1569	2209	90	0	975	1035
322	418	300	10	371	1011	90	0	714	417
323	356	77	-20	2009	2649	90	427	0	823
324	253	244	-10	2502	3142	90	533	0	915
325	323	258	10	1088	1728	90	0	660	680
326	293	454	-20	2371	3011	90	133	0	881
327	231	97	-20	2647	3287	90	773	0	1019
328	316	234	-20	2421	3061	90	581	0	1172
329	207	196	-40	2325	2965	90	503	0	1397
330	321	228	30	1960	2600	90	0	634	1262
331	382	17	-30	1494	2134	90	294	0	692
332	206	326	-10	3006	3646	90	809	0	879
333	198	284	10	62	702	90	0	126	319
334	137	186	-20	2672	3312	90	666	0	850
335	229	396	-10	2642	3282	90	47	0	1398
336	268	235	10	1602	2242	90	0	2	1109
337	95	243	20	519	1159	90	0	855	501
338	297	430	-30	186	826	90	929	0	273
339	393	368	10	232	872	90	0	148	343
340	66	391	-10	1361	2001	90	750	0	826
341	189	339	-10	2623	3263	90	816	0	1482
342	280	351	30	105	745	90	0	184	319
343	241	77	30	985	1625	90	0	578	725
344	134	265	20	2426	3066	90	0	532	1474
345	420	95	30	230	870	90	0	516	319
346	111	279	30	141	781	90	0	367	319
347	367	358	30	1893	2533	90	0	221	1186
348	239	373	10	1665	2305	90	0	146	1090
349	384	235	-20	2432	3072	90	269	0	736
350	284	360	30	115	755	90	0	998	319
351	325	75	30	2130	2770	0	0	1009	1289
352	279	369	-10	262	902	90	651	0	319
353	340	449	10	2840	3480	90	0	264	1630
354	275	448	10	2662	3302	90	0	577	1551
355	447	88	-20	2723	3363	90	592	0	1461
356	314	279	10	70	710	90	0	298	280
357	434	377	-10	2105	2745	90	501	0	739
358	67	377	-20	1946	2586	90	895	0	673
359	370	353	-10	506	1146	90	130	0	356
360	57	367	-30	1929	2569	90	937	0	409
361	332	486	20	1672	2312	90	0	366	1031
362	386	361	30	1287	1927	90	0	173	875
363	55	282	40	197	837	90	0	622	298
364	317	467	20	227	867	90	0	489	319
365	335	54	-30	1613	2253	90	861	0	533
366	348	466	-20	2343	2983	90	361	0	1031
367	132	314	-30	2974	3614	90	346	0	319
368	328	216	-10	1672	2312	90	591	0	922
369	416	48	-10	1640	2280	90	757	0	319
370	370	55	-20	2646	3286	90	465	0	814
371	149	434	30	1963	2603	90	0	780	1196
372	466	169	30	2262	2902	90	0	410	1335
373	141	267	-20	1395	2035	90	104	0	682
374	258	350	20	1582	2222	90	0	649	1060
375	428	312	-10	844	1484	90	569	0	511
376	211	188	-20	420	1060	90	291	0	319
377	50	343	-20	2514	3154	90	763	0	770
378	107	311	40	2573	3213	90	0	812	1528
379	178	441	-20	204	844	90	673	0	274
380	232	85	10	2069	2709	90	0	761	1271
381	391	23	10	2458	3098	90	0	302	1415
382	137	227	-10	115	755	90	308	0	265
383	161	203	-20	100	740	90	472	0	269
384	363	212	-20	3034	3674	90	439	0	1531
385	384	346	-20	1091	1731	90	722	0	540
386	166	434	-20	2725	3365	90	711	0	1332
387	274	248	20	70	710	90	0	639	342
388	156	421	-10	2989	3629	90	877	0	319
389	346	211	10	103	743	90	0	662	319
390	265	358	-20	1112	1752	90	652	0	628
391	96	407	20	219	859	90	0	892	319
392	443	70	-10	2224	2864	90	990	0	1254
393	125	212	10	947	1587	90	0	742	728
394	361	337	50	141	781	90	0	854	319
395	322	78	-10	2224	2864	90	534	0	1175
396	481	156	20	1360	2000	90	0	725	875
397	188	293	30	597	1237	90	0	282	580
398	76	408	30	780	1420	90	0	695	592
399	130	304	-10	2935	3575	90	161	0	1168
400	378	363	30	1509	2149	90	0	976	989
401	185	301	20	1090	1730	90	0	884	823
402	385	235	10	2341	2981	90	0	163	1422
403	261	350	10	1489	2129	90	0	521	1014
404	389	33	-20	2743	3383	90	910	0	1129
405	151	214	10	271	911	90	0	795	402
406	265	94	10	156	796	90	0	808	319
407	65	164	-20	2355	2995	90	787	0	1250
408	293	81	10	174	814	90	0	143	299
409	363	55	-20	2743	3383	90	11	0	1177
410	465	176	-30	2359	2999	90	372	0	1335
411	428	298	-20	1414	2054	90	792	0	319
412	75	379	-10	2327	2967	90	502	0	1028
413	404	378	10	617	1257	90	0	800	528
414	203	203	-10	2610	3250	90	528	0	1401
415	259	88	20	305	945	90	0	838	391
416	362	17	10	1644	2284	90	0	52	1012
417	320	258	20	324	964	90	0	615	446
418	59	358	-20	2118	2758	90	24	0	976
419	316	453	20	213	853	90	0	117	319
420	225	192	20	63	703	90	0	627	319
421	140	206	30	168	808	90	0	166	344
422	83	151	10	194	834	90	0	17	319
423	366	196	10	127	767	90	0	745	268
424	108	245	20	1490	2130	90	0	306	993
425	129	267	10	2240	2880	90	0	612	1378
426	57	379	20	667	1307	90	0	947	537
427	329	56	20	1217	1857	90	0	323	823
428	213	363	-10	994	1634	90	535	0	626
429	76	391	30	1078	1718	90	0	162	747
430	330	259	-20	991	1631	90	739	0	493
431	136	217	30	658	1298	90	0	94	394
432	165	333	-10	2141	2781	90	141	0	360
433	160	431	-10	2982	3622	90	574	0	1287
434	338	489	-30	1068	1708	90	460	0	319
435	335	64	-10	1713	2353	90	898	0	733
436	412	361	-30	1508	2148	90	54	0	928
437	259	90	30	397	1037	90	0	438	438
438	265	77	-30	592	1232	90	437	0	438
439	460	173	20	2647	3287	90	0	384	1531
440	83	301	20	2057	2697	90	0	906	1261
441	201	331	20	467	1107	90	0	115	506
442	118	214	20	136	776	90	0	875	319
443	395	30	20	2556	3196	90	0	297	1263
444	125	444	-20	1757	2397	90	38	0	390
445	283	248	30	33	673	0	0	1014	319
446	391	334	20	807	1447	90	0	106	641
447	212	215	-20	2920	3560	90	573	0	874
448	276	428	20	808	1448	90	0	305	634
449	96	152	20	182	822	90	0	933	319
450	425	85	10	296	936	90	0	871	347
451	336	7	-10	1344	1984	90	1000	0	319
452	196	219	-10	2814	3454	90	994	0	899
453	210	94	20	757	1397	90	0	917	617
454	310	81	-30	2606	3246	90	704	0	1385
455	341	37	-20	231	871	90	749	0	274
456	344	478	-10	2056	2696	90	549	0	976
457	406	37	40	264	904	90	0	477	319
458	69	346	10	2722	3362	0	0	1007	1578
459	80	376	-10	211	851	90	561	0	274
460	314	449	30	209	849	90	0	434	319
461	209	201	30	2513	3153	90	0	708	1544
462	88	379	20	449	1089	90	0	841	440
463	352	500	-20	1265	1905	90	730	0	319
464	65	357	10	2214	2854	90	0	82	1320
465	345	15	20	1242	1882	90	0	370	814
466	125	245	-10	2762	3402	90	90	0	1333
467	52	369	30	1833	2473	90	0	51	1120
468	449	140	20	490	1130	90	0	30	451
469	430	310	30	936	1576	90	0	966	693
470	109	325	-40	2768	3408	90	565	0	319
471	446	139	-20	397	1037	90	134	0	355
472	229	214	20	41	681	90	0	383	269
473	197	301	10	73	713	90	0	590	267
474	146	245	20	456	1096	90	0	973	495
475	401	368	-30	424	1064	90	566	0	319
476	116	259	-20	2373	3013	90	481	0	831
477	374	55	-40	2552	3192	90	457	0	319
478	249	251	20	2796	3436	0	0	1011	1717
479	325	490	10	683	1323	90	0	692	535
480	59	159	10	863	1503	90	0	493	645
481	186	177	20	1121	1761	90	0	476	831
482	319	229	10	2052	2692	90	0	844	1309
483	26	269	-30	765	1405	90	7	0	439
484	53	139	-10	974	1614	90	275	0	644
485	471	154	20	1079	1719	90	0	796	739
486	301	247	-20	2998	3638	90	646	0	1373
487	388	220	20	1183	1823	90	0	56	840
488	235	81	20	1210	1850	90	0	771	840
489	347	479	-20	2149	2789	90	364	0	319
490	367	59	-10	2929	3569	90	650	0	319
491	261	370	30	829	1469	90	0	53	674
492	441	287	-20	2675	3315	90	123	0	1261
493	44	153	-10	1755	2395	90	480	0	645
494	263	351	10	1305	1945	90	0	907	921
495	444	157	10	215	855	90	0	49	274
496	374	17	-40	1685	2325	90	223	0	644
497	448	295	-10	2484	3124	90	498	0	1215
498	446	297	10	1992	2632	90	0	497	1215
499	347	40	30	290	930	90	0	909	349
500	318	493	10	585	1225	90	0	874	486
501	399	352	10	1020	1660	90	0	357	739
502	51	364	10	1647	2287	90	0	412	1028
503	250	217	40	2294	2934	90	0	329	1397
504	107	225	-40	200	840	90	277	0	300
505	173	208	-10	1641	2281	90	886	0	878
506	204	189	-20	2138	2778	90	593	0	1255
507	399	379	-10	2720	3360	90	537	0	1164
508	79	346	-10	2910	3550	90	87	0	1219
509	360	338	10	140	780	90	0	580	319
510	390	17	30	1213	1853	90	0	244	790
511	207	337	-10	565	1205	90	911	0	391
512	409	361	30	817	1457	90	0	262	631
513	206	377	20	319	959	90	0	962	412
514	429	294	-30	1703	2343	90	520	0	464
515	375	31	20	1945	2585	0	0	1002	1166
516	426	80	-30	482	1122	90	345	0	319
517	74	374	-10	2422	3062	90	255	0	455
518	408	20	30	279	919	90	0	935	269
519	239	369	-20	1571	2211	90	890	0	463
520	420	308	30	469	1109	90	0	514	464
521	254	357	-10	1772	2412	90	403	0	1014
522	53	297	-20	2982	3622	90	22	0	1223
523	434	382	-10	2010	2650	90	541	0	882
524	204	171	-20	718	1358	90	635	0	538
525	173	169	10	1318	1958	90	0	557	923
526	190	332	20	366	1006	90	0	585	452
527	274	231	30	1886	2526	90	0	830	1247
528	207	194	10	2233	2873	90	0	414	1401
529	315	232	10	2513	3153	90	0	686	1542
530	425	87	20	239	879	90	0	5	319
531	312	64	-10	342	982	90	932	0	319
532	129	244	-20	2668	3308	90	344	0	1474
533	278	230	10	1226	1866	90	0	324	915
534	351	75	10	1914	2554	90	0	395	1175
535	185	293	10	690	1330	90	0	428	626
536	364	364	-20	1990	2630	90	682	0	1140
537	432	369	10	1907	2547	90	0	507	1164
538	128	249	20	1103	1743	90	0	548	810
539	221	179	20	129	769	90	0	60	346
540	194	296	20	410	1050	90	0	23	488
541	413	350	10	1317	1957	90	0	523	882
542	214	372	10	703	1343	90	0	292	607
543	379	229	-10	805	1445	90	267	0	549
544	91	298	-10	1773	2413	90	705	0	880
545	226	120	30	132	772	90	0	555	319
546	344	46	-20	1420	2060	90	738	0	438
547	238	84	-20	1394	2034	90	210	0	319
548	138	276	-20	1675	2315	90	538	0	810
549	346	487	10	1568	2208	90	0	456	976
550	95	160	10	179	819	90	0	658	319
551	103	266	30	822	1462	90	0	893	657
552	98	286	30	1097	1737	90	0	828	790
553	77	172	-30	2736	3376	90	721	0	880
554	147	199	30	114	754	90	0	597	319
555	210	98	-30	481	1121	90	545	0	319
556	428	292	-10	1611	2251	90	4	0	887
557	121	236	-10	1794	2434	90	525	0	923
558	336	479	-10	1958	2598	90	120	0	1123
559	203	369	10	601	1241	90	0	61	556
560	296	232	-10	1028	1668	90	942	0	319
561	87	369	10	201	841	90	0	459	274
562	247	88	30	1684	2324	90	0	216	1080
563	104	246	10	1113	1753	90	0	135	803
564	67	302	-10	2253	2893	90	116	0	551
565	114	296	40	143	783	90	0	470	319
566	394	356	30	178	818	90	0	475	319
567	192	306	20	1283	1923	90	0	35	921
568	16	285	-10	2252	2892	90	978	0	635
569	419	310	10	562	1202	90	0	375	511
570	389	221	10	1092	1732	90	0	980	795
571	129	264	20	2521	3161	90	0	150	1519
572	172	483	30	664	1304	90	0	206	529
573	325	251	20	1185	1825	90	0	447	874
574	151	436	10	2146	2786	90	0	433	1287
575	263	91	20	159	799	90	0	1	319
576	401	15	20	445	1085	90	0	598	402
577	253	382	-10	2850	3490	90	354	0	1551
578	247	89	-30	1775	2415	90	343	0	725
579	283	229	30	1131	1771	90	0	36	865
580	366	341	-10	313	953	90	509	0	319
581	392	213	20	1852	2492	90	0	328	1172
582	167	304	20	99	739	90	0	754	319
583	477	154	10	1266	1906	90	0	65	829
584	234	383	10	1859	2499	90	0	775	1182
585	199	327	-20	2819	3459	90	526	0	452
586	140	220	30	563	1203	90	0	987	544
587	144	266	30	107	747	90	0	964	319
588	432	105	-30	2952	3592	90	853	0	717
589	368	325	30	139	779	90	0	934	319
590	202	386	-10	144	784	90	473	0	267
591	325	246	10	1280	1920	90	0	368	922
592	430	86	20	2526	3166	90	0	355	1461
593	200	195	20	1945	2585	90	0	506	1255
594	440	295	30	1896	2536	90	0	624	1170
595	77	287	-10	1665	2305	90	41	0	355
596	187	362	20	1546	2186	90	0	751	1028
597	131	207	-30	759	1399	90	554	0	319
598	405	5	-20	546	1186	90	576	0	402
599	125	226	-30	1149	1789	90	252	0	319
600	254	335	-10	2773	3413	90	794	0	925
601	212	168	20	620	1260	90	0	101	584
602	281	279	20	474	1114	90	0	901	535
603	326	241	20	1375	2015	90	0	968	969
604	152	241	20	553	1193	90	0	872	547
605	71	139	-30	567	1207	90	963	0	319
606	46	277	10	349	989	90	0	212	391
607	393	13	-30	1118	1758	90	165	0	499
608	87	454	-20	642	1282	90	659	0	319
609	86	359	-20	2988	3628	90	307	0	582
610	220	192	20	65	705	90	0	183	263
611	426	279	-20	2872	3512	90	46	0	1617
612	131	267	-10	2332	2972	90	425	0	1378
613	200	297	30	313	953	90	0	878	442
614	299	442	10	1664	2304	90	0	200	1052
615	265	218	-20	2189	2829	90	417	0	446
616	398	231	-10	2056	2696	90	26	0	1040
617	312	74	-30	2509	3149	90	779	0	1434
618	99	307	-30	2474	3114	90	100	0	1414
619	22	283	30	1073	1713	90	0	304	741
620	67	160	10	2450	3090	90	0	315	1443
621	390	42	-10	2348	2988	90	706	0	1308
622	44	279	-40	256	896	90	363	0	298
623	200	182	10	913	1553	90	0	25	734
624	458	303	-30	2291	2931	90	594	0	1170
625	298	438	10	327	967	90	0	927	386
626	62	301	20	2990	3630	90	0	925	1658
627	112	251	-20	1393	2033	90	420	0	319
628	184	354	30	1736	2376	90	0	300	1126
629	140	180	20	2769	3409	90	0	21	1639
630	269	428	-10	905	1545	90	981	0	483
631	123	206	10	1645	2285	0	0	1012	1075
632	36	284	10	1458	2098	90	0	186	940
633	272	233	-20	1507	2147	90	748	0	967
634	320	231	-30	2144	2784	90	330	0	1262
635	211	180	20	518	1158	90	0	524	538
636	114	169	-10	2372	3012	90	897	0	1229
637	245	239	-20	2693	3333	90	284	0	1215
638	117	204	-20	1458	2098	90	316	0	910
639	316	254	-20	510	1150	90	387	0	342
640	169	443	-10	260	900	90	776	0	298
641	212	96	-20	664	1304	90	12	0	319
642	119	285	-20	2823	3463	90	848	0	1038
643	71	163	-10	2545	3185	90	914	0	450
644	78	361	10	2980	3620	90	0	873	1662
645	354	219	-10	3076	3716	90	276	0	1521
646	389	233	20	2247	2887	90	0	486	1373
647	90	391	10	301	941	90	0	915	363
648	209	307	10	1571	2211	90	0	882	1070
649	363	351	-20	2683	3323	90	374	0	1060
650	405	47	10	255	895	90	0	490	319
651	278	329	10	83	723	90	0	352	319
652	261	371	20	738	1378	90	0	390	628
653	302	470	20	1987	2627	90	0	157	1200
654	373	205	40	130	770	90	0	902	319
655	381	20	-10	1588	2228	90	727	0	593
656	90	277	30	422	1062	90	0	839	449
657	46	341	-30	2419	3059	90	167	0	722
658	50	138	-10	1649	2289	90	550	0	319
659	61	437	20	265	905	90	0	608	319
660	331	252	-10	894	1534	90	325	0	680
661	440	81	20	2425	3065	0	0	1003	1405
662	384	206	-10	499	1139	90	389	0	319
663	232	87	-20	1264	1904	90	712	0	319
664	59	471	20	1244	1884	90	0	703	795
665	174	304	20	93	733	90	0	769	319
666	106	248	20	1206	1846	90	0	334	850
667	410	287	-10	2980	3620	90	870	0	839
668	206	313	-10	1851	2491	90	862	0	396
669	412	367	20	720	1360	90	0	879	580
670	412	300	-30	275	915	90	835	0	316
671	206	295	-10	2569	3209	90	948	0	1482
672	329	459	-10	2645	3285	90	175	0	1076
673	177	436	20	199	839	90	0	379	274
674	266	264	30	363	1003	90	0	967	353
675	308	235	-20	2895	3535	90	159	0	829
676	260	330	-10	2963	3603	90	31	0	1517
677	49	136	-10	1465	2105	90	992	0	742
678	356	28	-10	760	1400	90	70	0	531
679	428	384	-20	2204	2844	90	689	0	319
680	220	362	-20	1091	1731	90	28	0	599
681	437	61	-20	1848	2488	90	989	0	826
682	365	360	20	1800	2440	90	0	536	1140
683	107	168	-30	2275	2915	90	955	0	1134
684	220	177	20	221	861	90	0	103	391
685	347	21	-20	1146	1786	90	201	0	440
686	293	245	-10	3141	3781	90	529	0	1542
687	267	436	-20	2767	3407	90	301	0	1126
688	216	96	-30	2326	2966	90	266	0	1316
689	383	351	20	167	807	90	0	679	319
690	289	240	-20	699	1339	90	249	0	574
691	129	185	-10	2574	3214	90	903	0	319
692	291	450	-10	2465	3105	90	479	0	535
693	387	21	10	1308	1948	90	0	205	840
694	116	255	20	999	1639	90	0	59	752
695	50	368	-30	1741	2381	90	398	0	592
696	121	249	-10	2181	2821	90	270	0	1155
697	404	346	10	923	1563	90	0	79	690
698	77	360	-20	2979	3619	90	57	0	697
699	447	102	10	2938	3578	90	0	13	1620
700	366	16	-30	1738	2378	90	77	0	319
701	348	16	30	1540	2180	90	0	952	963
702	353	346	-20	2874	3514	90	105	0	1614
703	54	485	-20	1533	2173	90	664	0	795
704	319	77	30	2318	2958	90	0	454	1385
705	83	282	10	1292	1932	90	0	544	880
706	384	24	10	2361	3001	90	0	621	1308
707	52	469	-30	1147	1787	90	753	0	650
708	199	200	-30	2705	3345	90	461	0	1544
709	273	234	-10	1416	2056	90	271	0	593
710	16	281	10	2436	3076	90	0	6	1419
711	151	442	20	2242	2882	90	0	386	1332
712	223	114	20	138	778	90	0	663	319
713	191	308	20	82	722	90	0	236	319
714	448	297	-10	2392	3032	90	322	0	417
715	386	28	20	2267	2907	90	0	759	1323
716	106	295	20	813	1453	90	0	961	651
717	387	224	30	1277	1917	90	0	69	888
718	96	377	10	199	839	90	0	741	319
719	86	361	-20	2986	3626	90	152	0	1652
720	211	107	-20	291	931	90	172	0	319
721	43	125	30	1363	2003	90	0	553	880
722	369	351	20	598	1238	90	0	385	540
723	388	228	-30	995	1635	90	756	0	702
724	325	228	-20	1570	2210	90	318	0	444
725	490	159	-20	1657	2297	90	396	0	875
726	420	78	20	1158	1798	90	0	774	778
727	396	4	10	833	1473	90	0	655	593
728	222	317	-20	2175	2815	90	312	0	1232
729	389	198	20	303	943	90	0	813	397
730	322	454	20	216	856	90	0	463	319
731	241	391	30	2745	3385	90	0	182	1469
732	256	117	-30	2927	3567	90	926	0	1123
733	298	255	-10	48	688	90	921	0	274
734	74	363	-20	2523	3163	90	129	0	881
735	345	496	20	1167	1807	90	0	887	771
736	167	169	-20	1414	2054	90	970	0	447
737	23	306	20	1942	2582	90	0	113	1174
738	317	62	20	437	1077	90	0	546	438
739	319	257	20	416	1056	90	0	430	493
740	129	255	-30	2476	3116	90	27	0	692
741	59	377	-10	1848	2488	90	718	0	319
742	138	272	-10	1581	2221	90	393	0	728
743	317	251	30	700	1340	90	0	215	636
744	279	436	20	1279	1919	90	0	42	865
745	371	207	-10	128	768	90	423	0	268
746	263	372	-30	646	1286	90	67	0	435
747	50	347	-10	2322	2962	90	229	0	319
748	275	236	20	1323	1963	90	0	633	967
749	334	47	20	219	859	90	0	455	274
750	50	383	10	1649	2289	90	0	340	826
751	170	338	-20	2044	2684	90	596	0	1028
752	245	109	-20	2849	3489	90	91	0	924
753	69	475	30	949	1589	90	0	707	650
754	54	372	-20	1751	2391	90	582	0	319
755	198	334	20	1963	2603	90	0	239	1252
756	380	228	30	897	1537	90	0	723	702
757	425	118	10	219	859	90	0	369	319
758	80	398	10	586	1226	90	0	802	500
759	366	57	-20	2836	3476	90	715	0	1323
760	67	463	30	344	984	90	0	972	351
761	226	86	-10	2355	2995	90	380	0	1271
762	59	480	-20	1343	1983	90	801	0	319
763	40	378	20	1146	1786	90	0	377	770
764	250	367	-10	1873	2513	90	867	0	365
765	157	436	20	2533	3173	90	0	177	1482
766	463	161	-10	2163	2803	90	908	0	542
767	266	250	10	169	809	90	0	19	396
768	51	162	-20	1973	2613	90	29	0	982
769	194	353	-20	1131	1771	90	665	0	319
770	383	41	20	2445	3085	90	0	319	1418
771	247	82	-20	1588	2228	90	488	0	840
772	457	142	20	589	1229	90	0	48	497
773	244	94	20	1555	2195	90	0	327	1019
774	441	63	-20	2034	2674	90	726	0	778
775	244	371	-10	2070	2710	90	584	0	1182
776	174	444	10	208	848	90	0	640	298
777	94	247	30	613	1253	90	0	74	548
778	320	225	-20	1774	2414	90	64	0	448
779	316	80	30	2412	3052	90	0	617	1434
780	155	447	-30	2432	3072	90	371	0	1196
781	211	308	-10	1663	2303	90	194	0	1018
782	297	442	-20	1572	2212	90	810	0	539
783	200	342	10	757	1397	90	0	919	646
784	44	325	-20	2941	3581	90	156	0	683
785	438	60	-20	1940	2580	90	953	0	484
786	80	374	20	259	899	90	0	76	344
787	59	163	20	2071	2711	90	0	407	1250
788	236	92	-10	1970	2610	90	219	0	483
789	414	66	30	1352	1992	90	0	72	872
790	34	279	20	1266	1906	90	0	950	844
791	475	156	-30	1173	1813	90	824	0	639
792	404	310	20	165	805	90	0	411	319
793	367	239	-20	2916	3556	90	819	0	1663
794	210	359	10	1328	1968	90	0	600	925
795	133	278	-10	1770	2410	90	405	0	402
796	446	169	-20	2945	3585	90	485	0	739
797	188	356	-30	1642	2282	90	836	0	736
798	312	252	20	605	1245	90	0	153	591
799	69	485	-40	2018	2658	90	125	0	1134
800	413	353	-10	1410	2050	90	413	0	528
801	54	446	20	277	917	90	0	762	319
802	56	357	-10	1548	2188	90	758	0	500
803	230	105	-10	2718	3358	90	247	0	1356
804	196	302	20	74	714	90	0	900	319
805	391	373	-30	2820	3460	90	132	0	390
806	101	295	-10	718	1358	90	37	0	401
807	234	350	-20	2377	3017	90	170	0	319
808	215	108	-10	2520	3160	90	406	0	319
809	142	457	10	1353	1993	90	0	332	879
810	283	425	20	618	1258	90	0	782	539
811	77	397	10	679	1319	90	0	234	545
812	105	317	-40	2669	3309	90	378	0	1528
813	382	213	-20	1475	2115	90	729	0	397
814	213	76	-10	1060	1700	90	8	0	345
815	417	56	20	1542	2182	90	0	131	963
816	183	340	10	2437	3077	90	0	341	1482
817	123	242	-20	2950	3590	90	930	0	1684
818	475	136	20	789	1429	90	0	832	588
819	377	246	20	2814	3454	90	0	793	1663
820	310	484	30	386	1026	90	0	178	392
821	47	280	-20	205	845	90	833	0	273
822	57	456	20	282	922	90	0	10	319
823	313	266	20	133	773	90	0	303	354
824	475	145	30	888	1528	90	0	791	639
825	400	376	-30	522	1162	90	86	0	319
826	290	416	30	170	810	90	0	279	274
827	277	369	30	170	810	90	0	916	343
828	91	303	-30	1959	2599	90	552	0	790
829	194	301	30	126	766	90	0	296	269
830	254	238	-30	2406	3046	90	527	0	1247
831	215	91	30	2050	2690	90	0	283	1263
832	500	162	-20	1848	2488	90	818	0	588
833	56	287	20	197	837	90	0	821	273
834	289	452	-30	2558	3198	90	242	0	678
835	378	326	30	148	788	90	0	670	316
836	197	350	30	946	1586	90	0	797	736
837	243	88	20	1491	2131	90	0	920	984
838	250	72	-20	885	1525	90	415	0	391
839	101	290	-30	910	1550	90	656	0	449
840	351	480	-30	1470	2110	90	991	0	343
841	67	357	-20	2804	3444	90	462	0	440
842	128	240	-10	3045	3685	90	880	0	1189
843	253	81	-10	786	1426	90	58	0	576
844	307	227	-10	2613	3253	90	482	0	1309
845	233	441	-20	2985	3625	90	847	0	1353
846	311	47	-20	830	1470	90	922	0	319
847	292	456	20	2278	2918	90	0	845	1353
848	183	187	20	1528	2168	90	0	642	1038
849	392	31	-10	2650	3290	90	259	0	1274
850	103	251	-10	1018	1658	90	108	0	319
851	300	443	10	1756	2396	90	0	979	1098
852	420	295	10	1512	2152	90	0	85	988
853	427	64	30	1052	1692	90	0	588	717
854	372	354	-50	1701	2341	90	394	0	319
855	101	263	-20	916	1556	90	337	0	501
856	141	454	-20	1446	2086	90	951	0	583
857	146	461	20	1257	1897	90	0	209	830
858	298	430	30	229	869	90	0	218	341
859	148	270	10	103	743	90	0	314	319
860	76	287	-20	1574	2214	90	3	0	835
861	308	55	30	631	1271	90	0	365	533
862	143	257	10	261	901	90	0	668	396
863	393	2	-30	739	1379	90	107	0	344
864	385	28	-10	2046	2686	90	164	0	395
865	204	291	-10	2663	3303	90	261	0	1524
866	132	272	-30	2054	2694	90	196	0	869
867	206	379	10	227	867	90	0	764	365
868	69	383	-10	2230	2870	90	33	0	936
869	245	96	20	1463	2103	90	0	268	974
870	431	301	10	1228	1868	90	0	667	839
871	448	94	-10	2914	3554	90	450	0	347
872	199	305	-20	1380	2020	90	604	0	547
873	95	356	-10	2997	3637	90	644	0	1662
874	328	498	-10	873	1513	90	500	0	486
875	108	222	-20	1257	1897	90	442	0	319
876	341	26	10	1048	1688	90	0	894	723
877	63	454	10	276	916	90	0	388	319
878	222	357	-30	1277	1917	90	613	0	442
879	416	364	-20	1698	2338	90	669	0	580
880	127	278	10	1866	2506	90	0	842	1189
881	140	252	20	357	997	90	0	142	443
882	218	298	-10	2466	3106	90	648	0	1070
883	432	87	-10	2618	3258	90	988	0	392
884	216	300	-20	2373	3013	90	401	0	823
885	438	72	10	858	1498	90	0	147	619
886	184	178	10	1214	1854	90	0	505	878
887	345	468	-20	2437	3077	90	735	0	771
888	150	435	20	2055	2695	90	0	299	1242
889	395	365	30	185	825	90	0	195	319
890	208	371	20	415	1055	90	0	519	463
891	190	292	10	505	1145	90	0	310	535
892	78	479	-20	849	1489	90	391	0	319
893	104	198	-30	2063	2703	90	551	0	657
894	346	13	-10	1446	2086	90	876	0	723
895	47	388	20	953	1593	90	0	358	673
896	315	57	-20	931	1571	90	88	0	319
897	110	199	10	1967	2607	90	0	636	1229
898	323	60	10	1030	1670	90	0	435	733
899	308	82	-20	2699	3339	90	44	0	778
900	216	374	-20	795	1435	90	804	0	319
901	326	253	-20	799	1439	90	602	0	535
902	308	232	-40	2708	3348	90	654	0	319
903	118	223	10	134	774	90	0	691	319
904	149	444	-10	2335	2975	90	127	0	1149
905	95	395	30	212	852	90	0	199	319
906	117	319	-20	2868	3508	90	440	0	1261
907	262	352	-10	1396	2036	90	494	0	921
908	468	135	10	692	1332	90	0	766	542
909	351	31	-30	573	1213	90	499	0	349
910	361	15	20	1878	2518	90	0	404	1129
911	195	300	10	218	858	90	0	511	391
912	397	27	-20	2148	2788	90	119	0	319
913	179	311	-20	93	733	90	189	0	245
914	77	133	10	469	1109	90	0	643	450
915	66	397	-10	885	1525	90	647	0	363
916	366	352	-30	2590	3230	90	827	0	343
917	221	87	-20	1163	1803	90	453	0	617
918	347	23	-20	860	1500	90	124	0	581
919	176	358	-10	1835	2475	90	783	0	646
920	229	78	-20	2256	2896	90	837	0	984
921	272	246	10	22	662	90	0	733	274
922	293	67	20	187	827	90	0	846	319
923	140	265	40	1303	1943	90	0	191	915
924	238	83	-40	1303	1943	90	203	0	346
925	136	296	-20	3035	3675	90	626	0	1658
926	218	98	30	1762	2402	90	0	732	1123
927	290	440	-10	1381	2021	90	625	0	386
928	29	302	-20	1845	2485	90	138	0	319
929	290	425	30	179	819	90	0	338	273
930	124	247	20	2855	3495	90	0	817	1684
931	442	287	-20	2584	3224	90	982	0	790
932	294	64	10	191	831	90	0	531	319
933	74	165	-20	2638	3278	90	449	0	319
934	382	245	-30	2719	3359	90	589	0	319
935	405	24	-30	274	914	90	518	0	269
936	211	97	20	572	1212	90	0	965	527
937	88	390	30	393	1033	90	0	360	409
938	37	295	-10	1651	2291	90	193	0	894
939	359	371	-30	2182	2822	90	78	0	487
940	186	372	-20	1445	2085	90	974	0	781
941	116	446	20	1658	2298	90	0	222	1030
942	293	249	10	43	683	90	0	560	319
943	83	228	20	409	1049	90	0	944	440
944	96	269	-20	725	1365	90	943	0	440
945	179	284	30	791	1431	90	0	220	676
946	368	219	-30	700	1340	90	280	0	319
947	66	359	-20	2917	3557	90	426	0	537
948	189	338	10	2714	3354	90	0	671	1482
949	163	277	10	3093	3733	0	0	1013	1820
950	5	296	-20	2146	2786	90	790	0	844
951	152	478	20	775	1415	90	0	856	583
952	366	34	-30	1846	2486	90	701	0	963
953	429	80	20	575	1215	90	0	785	484
954	464	178	10	2451	3091	90	0	81	1432
955	138	196	30	1753	2393	90	0	683	1134
956	87	481	10	2493	3133	0	0	1001	1425
957	425	99	20	231	871	90	0	233	319
958	241	362	-40	2170	2810	90	245	0	1243
959	207	289	-10	2757	3397	90	237	0	1385
960	264	365	-30	1015	1655	90	187	0	721
961	102	289	-20	1002	1642	90	716	0	651
962	233	346	-20	2471	3111	90	513	0	412
963	78	141	30	203	843	90	0	605	319
964	196	348	-30	854	1494	90	587	0	319
965	216	92	-20	2142	2782	90	936	0	527
966	444	309	-30	2185	2825	90	469	0	693
967	313	263	-30	226	866	90	674	0	353
968	211	198	-20	2420	3060	90	603	0	969
969	314	436	-20	1861	2501	90	227	0	820
970	217	189	20	324	964	90	0	736	447
971	197	178	20	818	1458	90	0	289	684
972	60	497	-30	1637	2277	90	760	0	351
973	206	312	-20	1760	2400	90	474	0	495
974	197	351	20	1037	1677	90	0	940	781
975	305	233	-20	2801	3441	90	321	0	1035
976	297	250	-30	3093	3733	90	400	0	989
977	71	348	-20	2815	3455	90	71	0	930
978	11	269	10	870	1510	90	0	568	635
979	247	447	-10	2880	3520	90	851	0	1098
980	386	213	-10	1756	2396	90	570	0	795
981	292	434	10	515	1155	90	0	630	483
982	436	301	20	1133	1773	90	0	931	790
983	145	221	20	468	1108	90	0	285	499
984	224	96	40	1858	2498	90	0	240	1170
985	59	128	20	1256	1896	90	0	158	834
986	489	150	-10	1558	2198	90	34	0	319
987	152	225	-30	754	1394	90	586	0	544
988	426	85	10	387	1027	90	0	883	392
989	415	73	20	1255	1895	90	0	681	826
990	440	70	10	2131	2771	90	0	392	1254
991	320	476	30	283	923	90	0	840	343
992	57	132	10	1072	1712	90	0	677	742
993	405	311	30	166	806	90	0	320	319
994	109	250	10	1300	1940	90	0	452	899
995	428	314	-20	752	1392	90	110	0	319
996	40	288	-10	1553	2193	90	92	0	793
997	175	282	10	886	1526	90	0	202	722
998	298	456	-30	2092	2732	90	350	0	319
999	208	101	10	387	1027	90	0	265	436
1000	342	52	10	218	858	90	0	451	319
1001	87	481	-10	2493	3133	90	956	0	1425
1002	375	31	-20	1945	2585	90	515	0	1166
1003	440	81	-20	2425	3065	90	661	0	1405
1004	484	161	-10	1456	2096	90	144	0	922
1005	25	290	-30	2631	3271	90	154	0	1521
1006	154	458	-20	885	1525	90	278	0	647
1007	69	346	-10	2722	3362	90	458	0	1578
1008	418	385	-30	2517	3157	90	93	0	1470
1009	325	75	-30	2130	2770	90	351	0	1289
1010	153	295	-20	3078	3718	90	256	0	1805
1011	249	251	-20	2796	3436	90	478	0	1717
1012	123	206	-10	1645	2285	90	631	0	1075
1013	163	277	-10	3093	3733	90	949	0	1820
1014	283	248	-30	33	673	90	445	0	319

