250	700	1
0	250	250	0	0	3914	0	0	0
1	212	101	-10	2528	2955	90	788	0	1193
2	266	231	-30	1254	2779	90	527	0	1315
3	89	284	20	1341	1691	90	0	977	763
4	430	298	-10	1219	2065	90	322	0	582
5	435	77	-40	1065	1100	90	233	0	378
6	25	293	20	2807	3281	90	0	784	1461
7	43	269	-10	567	968	90	606	0	331
8	216	117	-20	311	707	90	539	0	239
9	294	437	30	192	1518	90	0	227	662
10	79	479	30	645	1510	90	0	664	612
11	365	18	20	1588	2999	90	0	52	972
12	225	125	20	127	697	90	0	453	284
13	448	103	-10	2474	3578	90	190	0	1607
14	143	266	-20	126	839	90	189	0	180
15	252	347	10	2543	3439	0	0	1010	1670
16	403	390	-10	1923	3356	90	311	0	1410
17	67	153	-30	500	1483	90	963	0	154
18	90	168	-20	2762	3558	90	407	0	1531
19	302	235	20	610	1636	90	0	324	790
20	259	355	-10	1096	2898	90	403	0	953
21	149	183	-30	2528	3703	90	484	0	727
22	19	297	-10	1721	3004	90	193	0	998
23	209	358	30	1271	1842	90	0	584	863
24	56	388	20	957	2784	90	0	741	1048
25	115	269	-20	2699	3374	90	191	0	1060
26	377	356	10	1534	2317	90	0	854	977
27	113	229	-10	305	2100	90	393	0	846
28	205	343	20	862	1102	90	0	194	499
29	48	137	20	1467	2286	90	0	493	955
30	467	157	20	1889	2886	90	0	372	1324
31	220	394	10	2611	3114	90	0	731	1483
32	436	54	-30	1547	2595	90	853	0	666
33	54	357	10	1378	2175	90	0	199	797
34	456	154	10	227	864	90	0	772	318
35	216	307	-20	2072	3120	90	513	0	610
36	280	224	-20	2082	2530	90	64	0	472
37	90	270	-10	383	907	90	862	0	327
38	166	452	20	364	995	90	0	951	388
39	17	283	-20	2075	3253	90	212	0	472
40	196	192	-20	1749	2591	90	971	0	821
41	94	275	-20	333	765	90	855	0	255
42	292	445	10	1620	1972	90	0	969	886
43	329	471	-10	2513	3213	90	178	0	737
44	326	57	20	983	1904	90	0	514	848
45	95	466	10	2901	3307	90	0	388	1520
46	429	282	-30	2118	3643	90	320	0	656
47	229	364	10	1915	3268	90	0	671	1556
48	457	160	-10	2015	3599	90	495	0	180
49	452	154	30	299	525	90	0	179	150
50	113	289	-30	142	993	90	587	0	378
51	67	387	10	2330	2581	90	0	517	1176
52	368	17	-20	1905	2297	90	11	0	972
53	341	367	30	2338	2883	90	0	649	1367
54	410	364	-10	1221	2622	90	339	0	605
55	80	281	10	1459	2134	90	0	860	980
56	321	224	-20	1690	2682	90	387	0	551
57	73	395	20	719	1886	90	0	904	828
58	259	76	10	513	1502	90	0	771	663
59	121	203	-20	1392	2351	90	597	0	744
60	118	256	10	2181	3017	90	0	740	1442
61	236	361	-30	1322	2263	90	613	0	581
62	78	371	20	210	1804	90	0	470	796
63	301	53	-20	925	1172	90	415	0	396
64	382	197	20	353	1088	90	0	36	472
65	491	160	-20	1970	2168	90	396	0	908
66	453	164	-20	2298	3604	90	410	0	1448
67	277	371	30	284	1067	90	0	746	471
68	272	212	20	1819	3002	90	0	615	1287
69	386	218	-10	1638	2324	90	389	0	418
70	353	32	10	657	1313	90	0	465	535
71	59	389	20	1469	2087	90	0	644	925
72	414	62	10	1392	2140	90	0	871	945
73	278	357	10	110	633	90	0	521	261
74	101	179	-20	2045	2940	90	135	0	1263
75	396	234	20	1636	3304	90	0	349	1392
76	74	390	-10	262	1492	90	255	0	536
77	332	55	30	211	1699	90	0	686	743
78	272	365	30	180	1366	90	0	494	624
79	418	355	-10	1931	2303	90	541	0	956
80	216	380	-20	2313	2447	90	596	0	1041
81	440	173	-20	2388	3619	90	468	0	564
82	89	358	-10	3272	3631	90	750	0	982
83	66	491	-20	1700	2600	90	801	0	56
84	317	234	-10	2334	2784	90	733	0	437
85	439	297	-30	1765	2482	90	993	0	446
86	394	367	30	223	697	90	0	413	255
87	58	364	10	2165	2519	90	0	377	1147
88	290	75	20	179	998	90	0	427	409
89	346	344	-20	2922	3661	90	260	0	1617
90	131	269	-10	1971	2965	90	891	0	581
91	236	96	-20	1423	1945	90	917	0	809
92	29	282	-10	1054	1927	90	821	0	209
93	418	385	-30	2552	3122	90	132	0	679
94	148	225	40	369	1017	90	0	968	455
95	166	464	-30	606	1141	90	640	0	244
96	266	373	10	258	1487	90	0	775	681
97	201	273	30	54	490	90	0	895	217
98	255	245	10	7	1158	90	0	499	506
99	220	379	-10	2295	2653	90	253	0	808
100	85	317	-10	2543	2831	90	243	0	987
101	125	264	20	2490	3380	0	0	1019	1627
102	131	253	-20	2621	3157	90	442	0	591
103	184	188	-20	638	2043	90	604	0	629
104	128	209	-20	1167	1178	90	383	0	453
105	373	364	-20	2915	3586	90	507	0	1634
106	389	342	10	604	1846	90	0	246	839
107	420	20	30	286	1620	90	0	165	448
108	132	218	10	122	1422	90	0	150	649
109	32	256	10	434	1527	90	0	632	654
110	406	339	20	179	578	90	0	512	199
111	191	397	20	158	1293	90	0	628	567
112	72	341	10	2413	3478	90	0	508	1639
113	35	308	30	2932	3372	90	0	626	1574
114	169	360	20	1733	2771	90	0	239	1317
115	222	381	20	2208	3130	90	0	157	1498
116	96	292	10	460	1424	90	0	695	632
117	311	496	10	320	1296	90	0	489	521
118	220	384	10	2374	3152	90	0	577	1507
119	259	243	20	11	818	90	0	727	403
120	349	476	-20	2398	2729	90	874	0	670
121	63	159	20	637	1541	90	0	992	666
122	112	243	-10	1863	2938	90	228	0	1036
123	448	302	-20	1545	3269	90	966	0	1401
124	343	27	-20	1008	1545	90	201	0	488
125	67	485	-10	1567	2926	90	972	0	951
126	220	359	30	979	2029	90	0	794	946
127	147	435	-10	1500	2883	90	758	0	526
128	317	235	-10	2339	2961	90	325	0	805
129	43	355	-20	556	2794	90	961	0	882
130	368	340	10	148	1013	90	0	939	432
131	450	72	-30	1990	3293	90	785	0	1078
132	400	364	30	188	1547	90	0	93	679
133	355	480	20	1097	2294	90	0	366	1020
134	450	153	20	222	1104	90	0	954	440
135	126	188	20	1691	2665	90	0	74	1263
136	380	223	10	1308	2081	90	0	487	805
137	71	453	20	550	979	90	0	703	354
138	54	287	-20	199	1464	90	833	0	587
139	420	168	-10	2472	3636	90	796	0	1653
140	219	89	20	2368	3177	90	0	965	1390
141	189	327	10	98	1791	90	0	751	846
142	191	309	10	1181	1839	90	0	300	877
143	301	67	40	399	721	90	0	738	265
144	484	161	10	1404	2148	90	0	975	948
145	77	483	20	2433	2805	90	0	225	1257
146	241	375	-10	1546	2610	90	542	0	466
147	428	64	-10	910	1651	90	757	0	61
148	403	361	-40	1011	2053	90	825	0	507
149	257	336	10	2778	3594	90	0	676	1671
150	131	241	-10	2539	3705	90	108	0	649
151	63	166	-20	2271	2893	90	449	0	481
152	71	368	-30	3083	3592	90	251	0	608
153	272	228	-10	1595	2630	90	709	0	910
154	25	290	-10	2335	3566	90	950	0	1238
155	441	157	10	212	1343	0	0	1004	565
156	13	266	20	941	1626	90	0	737	694
157	251	376	-20	2928	3605	90	115	0	1498
158	61	170	-20	2336	2640	90	658	0	915
159	386	357	-10	1255	1770	90	303	0	518
160	95	475	-20	2315	3551	90	207	0	1327
161	90	298	10	1393	2974	90	0	564	1286
162	71	388	20	896	2274	0	0	1016	1023
163	383	246	-20	2583	3312	90	531	0	426
164	352	38	10	235	1588	90	0	244	676
165	395	1	-30	628	1305	90	107	0	448
166	120	210	-10	1041	1684	90	183	0	156
167	46	383	-20	1022	1714	90	307	0	673
168	202	198	30	1768	2949	90	0	708	1439
169	358	365	30	1821	2990	90	0	221	1416
170	191	352	20	117	1000	90	0	519	441
171	470	152	30	857	1756	90	0	791	622
172	228	124	20	127	408	90	0	265	140
173	402	230	-10	1988	2575	90	898	0	834
174	323	229	10	1432	2163	90	0	675	1043
175	331	486	-30	1640	2526	90	242	0	788
176	112	208	-20	992	2371	90	599	0	701
177	172	435	-10	2782	3501	90	209	0	1021
178	326	498	10	468	1735	90	0	43	737
179	460	183	-30	2829	2905	90	49	0	150
180	95	279	-20	157	1285	90	881	0	516
181	76	456	-20	622	1099	90	659	0	359
182	242	350	-20	2221	3560	90	845	0	1593
183	152	196	10	160	425	90	0	166	156
184	268	351	10	1210	1850	90	0	245	873
185	360	356	-20	2691	2934	90	580	0	374
186	39	296	20	1541	2586	90	0	938	1136
187	262	368	30	968	1516	0	0	1021	698
188	204	90	20	429	1918	90	0	752	875
189	149	273	20	120	465	90	0	14	180
190	446	86	10	2690	3569	90	0	13	1607
191	139	269	20	1382	2234	90	0	25	1060
192	483	170	-20	1956	2598	90	471	0	448
193	39	278	10	1153	2209	90	0	22	998
194	201	307	-20	1387	2199	90	28	0	499
195	395	378	10	1187	2244	90	0	879	1025
196	139	262	-10	1142	1918	90	333	0	538
197	176	447	20	210	1282	90	0	857	535
198	67	380	20	1824	2893	90	0	734	1334
199	35	358	-10	1226	1928	90	33	0	797
200	294	455	-10	2094	2919	90	279	0	413
201	351	33	20	386	1216	90	0	124	488
202	216	316	-30	2074	2724	90	292	0	742
203	261	96	40	154	1370	90	0	295	607
204	238	57	30	1148	1684	90	0	562	745
205	383	18	-30	1618	1828	90	518	0	571
206	152	460	-10	1169	1610	90	250	0	641
207	94	479	20	2889	2932	90	0	160	1327
208	337	453	30	2475	3604	0	0	1003	1691
209	135	460	10	1447	2282	90	0	177	1021
210	260	104	20	146	1186	90	0	876	519
211	337	63	-10	1827	2424	90	254	0	811
212	32	247	20	600	1163	90	0	39	472
213	394	205	10	150	1106	90	0	543	477
214	95	294	10	398	1302	90	0	657	570
215	253	241	-20	2383	3447	90	395	0	1423
216	223	90	-30	2382	3351	90	266	0	1409
217	64	473	10	822	1907	90	0	762	808
218	275	431	10	638	2006	90	0	305	667
219	261	84	-10	731	897	90	309	0	320
220	176	296	20	953	1667	90	0	742	789
221	361	349	-30	2994	3197	90	169	0	1416
222	168	433	-20	2635	3624	90	780	0	1418
223	394	10	-20	481	2016	90	598	0	416
224	308	60	20	198	1651	90	0	852	726
225	94	456	-20	2361	3566	90	145	0	1257
226	73	484	-30	2419	2632	90	760	0	238
227	277	434	-30	1256	1757	90	9	0	662
228	119	232	10	1833	2205	90	0	122	1036
229	78	375	-20	212	1453	90	786	0	333
230	366	346	20	194	1262	90	0	269	555
231	125	181	-30	2290	3306	90	431	0	690
232	69	493	20	1532	2582	90	0	263	1139
233	432	80	40	454	1523	90	0	5	378
234	72	391	10	908	2075	90	0	412	923
235	85	486	30	2338	3097	90	0	956	1404
236	204	371	-10	374	1283	90	867	0	524
237	173	328	10	2284	2837	90	0	948	1363
238	280	423	10	769	1293	90	0	600	558
239	200	327	-20	2469	3733	90	114	0	1317
240	241	98	20	2842	3293	90	0	283	1570
241	96	356	10	186	781	90	0	257	297
242	332	491	30	750	1832	90	0	175	788
243	81	283	10	1260	2148	90	0	100	987
244	373	22	-10	1931	2853	90	164	0	676
245	255	371	-10	1701	2877	90	184	0	873
246	358	359	-10	2353	3086	90	106	0	839
247	216	93	-20	2191	2914	90	284	0	1143
248	73	360	-40	2521	3533	90	565	0	524
249	305	212	-20	1205	1267	90	690	0	552
250	151	462	10	1096	1869	90	0	206	641
251	47	389	30	902	1463	90	0	152	608
252	155	198	30	108	613	90	0	875	252
253	152	457	10	746	1847	90	0	99	808
254	329	48	10	1432	1839	90	0	211	811
255	88	394	10	325	1289	90	0	76	536
256	153	295	-10	2460	3718	90	544	0	1046
257	81	373	-10	232	1108	90	241	0	297
258	163	453	10	494	1051	90	0	310	415
259	378	25	-10	1822	3155	90	451	0	748
260	401	385	20	2449	3438	90	0	89	1617
261	184	340	-20	2599	3096	90	432	0	1374
262	402	362	-30	1170	1712	90	889	0	692
263	70	482	-20	1801	3061	90	232	0	1139
264	357	445	-10	2696	3602	90	549	0	1090
265	212	71	-20	882	1686	90	172	0	140
266	231	81	30	1975	2990	90	0	216	1409
267	379	208	10	558	1271	90	0	662	567
268	236	95	-10	1666	2728	90	641	0	666
269	386	344	-20	948	1689	90	230	0	555
270	189	200	-10	1543	2595	90	886	0	896
271	296	253	10	375	1453	90	0	639	443
272	73	303	10	2198	2757	90	0	458	1286
273	30	162	-10	1775	2589	90	422	0	546
274	230	95	-10	1618	2340	90	720	0	455
275	57	131	-10	766	2199	90	480	0	611
276	379	245	-10	2454	3252	90	402	0	1507
277	107	221	-20	179	1050	90	382	0	407
278	154	458	-20	786	1623	90	379	0	649
279	290	417	10	171	998	90	0	200	413
280	272	243	30	23	423	90	0	503	199
281	94	130	10	279	1083	90	0	605	443
282	222	356	-20	1625	1751	90	890	0	603
283	243	108	-20	2818	3463	90	240	0	1570
284	224	93	20	2095	2447	90	0	247	1143
285	155	242	10	540	1392	90	0	506	648
286	440	302	20	780	1939	90	0	498	871
287	221	102	20	2914	2963	0	0	1017	1406
288	52	484	-20	1378	2145	90	707	0	766
289	111	244	-20	2073	2545	90	424	0	938
290	132	273	-10	1758	2808	90	473	0	773
291	228	186	20	67	913	90	0	555	422
292	221	374	30	809	1612	90	0	202	742
293	406	286	-10	2551	3664	90	569	0	699
294	390	9	30	1113	1573	90	0	655	647
295	335	52	-40	1218	2465	90	203	0	607
296	189	368	20	132	1330	90	0	428	598
297	397	40	-10	2099	3042	90	381	0	1333
298	408	305	10	167	1607	90	0	520	361
299	156	434	-10	2500	3390	90	574	0	1370
300	180	335	-10	1967	3355	90	142	0	877
301	327	483	20	1742	2615	90	0	672	1184
302	363	62	-10	2384	3605	90	693	0	895
303	375	342	10	845	1192	90	0	159	518
304	16	280	10	2720	2974	90	0	399	1369
305	277	431	-10	1218	1610	90	218	0	667
306	110	241	-10	2123	2309	90	627	0	1006
307	48	385	20	587	1590	90	0	167	673
308	152	260	10	98	461	90	0	944	181
309	255	120	10	130	1078	90	0	219	320
310	214	382	-10	2259	2884	90	258	0	415
311	414	384	10	2453	3032	90	0	16	1410
312	232	378	20	1839	2709	90	0	478	1289
313	80	141	30	201	1240	90	0	914	519
314	188	330	-20	101	1324	90	441	0	563
315	157	192	-20	2659	3715	90	629	0	1736
316	101	237	-10	1508	2314	90	850	0	725
317	74	360	-30	2556	3316	90	552	0	785
318	267	260	20	445	733	90	0	579	356
319	378	46	-10	2322	3584	90	864	0	1431
320	420	311	30	452	1494	90	0	46	656
321	384	217	-40	1680	2098	90	654	0	667
322	418	300	10	175	1340	90	0	4	582
323	356	77	-10	2189	2469	90	534	0	1085
324	253	244	-20	2314	3329	90	19	0	790
325	323	258	10	1131	1685	90	0	128	805
326	293	454	-10	2247	3134	90	625	0	465
327	231	97	-40	2487	3448	90	984	0	1109
328	316	234	-20	2255	3228	90	603	0	1019
329	207	196	20	2298	2992	90	0	461	1461
330	321	228	30	1754	2805	90	0	529	1365
331	382	17	-10	1336	2293	90	935	0	314
332	206	326	-40	2569	3737	90	386	0	1664
333	198	284	10	62	1139	90	0	196	538
334	137	186	10	2772	3213	90	0	452	1541
335	229	396	-20	1722	3677	90	940	0	1032
336	268	235	-20	1416	2428	90	602	0	520
337	95	243	20	160	1517	90	0	994	680
338	297	430	-30	186	1143	90	826	0	208
339	393	368	10	185	1396	90	0	54	605
340	66	391	20	1003	2359	90	0	868	1063
341	189	339	50	2397	3488	90	0	585	1618
342	280	351	30	105	1263	90	0	807	578
343	241	77	30	904	1706	90	0	831	766
344	134	265	-10	2541	2950	90	997	0	784
345	420	95	30	230	706	90	0	530	237
346	111	279	30	141	607	90	0	806	232
347	367	358	30	1823	2603	90	0	682	1221
348	239	373	10	1548	2422	90	0	865	1149
349	384	235	-20	2472	3033	90	75	0	1392
350	284	360	30	115	854	90	0	652	369
351	325	75	30	2004	2896	90	0	899	1352
352	279	369	10	561	603	90	0	764	240
353	340	449	-10	2296	3606	90	887	0	1339
354	275	448	-30	2784	3181	90	998	0	1229
355	447	88	-20	2828	3258	90	815	0	1148
356	314	279	10	70	742	90	0	931	335
357	434	377	-20	2003	2847	90	475	0	497
358	67	377	-40	1455	3076	90	459	0	764
359	370	353	10	520	1131	90	0	702	486
360	57	367	20	1700	2798	90	0	747	1286
361	332	486	20	1862	2122	90	0	840	936
362	386	361	-10	972	2241	90	697	0	781
363	55	282	40	197	1069	90	0	622	370
364	317	467	20	227	893	90	0	820	297
365	335	54	-10	1505	2361	90	406	0	226
366	348	466	-20	1945	3382	90	133	0	1020
367	132	314	-10	2307	3690	90	812	0	1550
368	328	216	-20	1285	2699	90	980	0	1204
369	416	48	-20	1545	2376	90	726	0	830
370	370	55	10	2911	3021	90	0	759	1396
371	149	434	-10	1832	2735	90	718	0	363
372	466	169	-20	2125	3039	90	30	0	1324
373	141	267	-10	1288	2141	90	911	0	396
374	258	350	-10	918	2886	90	960	0	805
375	428	312	-20	662	1666	90	792	0	577
376	211	188	10	341	1139	90	0	635	532
377	50	343	-10	2260	3408	90	87	0	1147
378	107	311	-30	2808	2977	90	656	0	544
379	178	441	20	204	1559	90	0	278	649
380	232	85	10	1993	2784	0	0	1014	1309
381	391	23	10	2200	3356	90	0	297	1333
382	137	227	20	115	953	90	0	277	407
383	161	203	20	100	1008	90	0	104	453
384	363	212	30	3130	3577	90	0	486	1728
385	384	346	-50	1185	1637	90	394	0	690
386	166	434	40	2354	3622	90	0	332	1664
387	274	248	20	24	1128	90	0	56	551
388	156	421	-10	3369	3501	90	45	0	1520
389	346	211	10	103	940	90	0	69	418
390	265	358	20	848	2016	90	0	884	953
391	96	407	20	219	1030	90	0	888	405
392	443	70	-10	2121	2968	90	988	0	455
393	125	212	10	711	1823	90	0	27	846
394	361	337	50	141	1661	90	0	385	690
395	322	78	20	2054	3034	90	0	215	1423
396	481	156	20	1213	2148	90	0	65	908
397	188	293	-30	590	1245	90	829	0	353
398	76	408	30	685	1516	90	0	809	640
399	130	304	-10	1886	3693	90	304	0	1369
400	378	363	30	1400	2258	90	0	536	1043
401	185	301	-20	1394	1426	90	713	0	474
402	385	235	10	2035	3288	90	0	276	1507
403	261	350	10	1609	2008	90	0	20	953
404	389	33	20	2157	3567	90	0	490	1609
405	151	214	10	221	962	90	0	414	428
406	265	94	10	156	610	90	0	365	226
407	65	164	20	2083	3268	90	0	18	1531
408	293	81	10	174	930	90	0	922	377
409	363	55	-20	2968	3157	90	912	0	1377
410	465	176	20	2234	3124	90	0	66	1448
411	428	298	-10	1187	2280	90	870	0	913
412	75	379	-10	1718	3577	90	234	0	923
413	404	378	-30	661	1213	90	86	0	255
414	203	203	-10	2440	3419	90	405	0	428
415	259	88	20	296	955	90	0	63	396
416	362	17	-20	1536	2391	90	749	0	493
417	320	258	-20	70	1855	90	739	0	488
418	59	358	20	1962	2915	90	0	947	1347
419	316	453	20	213	798	90	0	730	292
420	225	192	20	63	1146	90	0	578	541
421	140	206	30	118	1002	90	0	586	441
422	83	151	10	194	1288	90	0	273	546
423	366	196	10	127	351	90	0	717	111
424	108	245	20	1601	2020	90	0	289	938
425	129	267	-10	1866	3254	90	880	0	1171
426	57	379	20	726	1249	90	0	609	508
427	329	56	-20	1095	1980	90	88	0	409
428	213	363	-20	1088	1541	90	296	0	598
429	76	391	-30	1154	1641	90	905	0	387
430	330	259	30	640	1983	90	0	660	689
431	136	217	30	457	1499	90	0	231	690
432	165	333	20	2054	2868	90	0	261	1374
433	160	431	-10	3089	3578	90	811	0	662
434	338	489	30	931	1844	90	0	456	794
435	335	64	10	1316	2751	90	0	793	1273
436	412	361	10	1526	2130	90	0	537	966
437	259	90	30	491	943	90	0	846	391
438	265	77	20	830	994	90	0	861	410
439	460	173	-30	1996	3601	90	824	0	704
440	83	301	20	1929	2825	90	0	618	1325
441	201	331	20	94	1508	90	0	314	563
442	118	214	20	136	1320	90	0	102	591
443	395	30	-10	2579	3174	90	650	0	391
444	125	444	-10	1451	2704	90	913	0	347
445	283	248	30	33	563	90	0	743	264
446	391	334	-30	358	1895	90	835	0	480
447	212	215	-20	2762	3718	90	481	0	870
448	276	428	20	635	1621	90	0	834	720
449	96	152	20	182	1146	90	0	151	481
450	425	85	-20	240	1237	90	957	0	351
451	336	7	10	1573	1755	90	0	259	748
452	196	219	-10	2781	3486	90	334	0	1541
453	210	94	-20	831	1323	90	12	0	284
454	310	81	-20	2692	3161	90	575	0	322
455	341	37	20	231	1483	90	0	678	625
456	344	478	-30	2284	2468	90	434	0	794
457	406	37	40	264	1378	90	0	510	556
458	69	346	-10	2575	3508	90	272	0	1286
459	80	376	40	211	1741	90	0	358	764
460	314	449	30	209	545	90	0	929	167
461	209	201	-20	2425	3241	90	329	0	1461
462	88	379	20	655	884	90	0	763	338
463	352	500	30	1406	1765	90	0	558	747
464	65	357	-20	1707	3362	90	754	0	1443
465	345	15	-10	1276	1849	90	70	0	535
466	125	245	20	2870	3294	0	0	1009	1584
467	52	369	30	2065	2242	90	0	802	1005
468	449	140	20	264	1356	90	0	81	564
469	430	310	30	748	1765	90	0	714	787
470	109	325	-20	2575	3602	90	62	0	796
471	446	139	20	312	1123	90	0	192	448
472	229	214	20	41	52	90	0	610	5
473	197	301	10	73	1620	90	0	290	773
474	146	245	20	104	1508	90	0	903	576
475	401	368	20	301	1186	90	0	357	497
476	116	259	-30	2221	3165	90	504	0	346
477	374	55	-20	2453	3290	90	576	0	444
478	249	251	-20	2856	3375	90	312	0	1289
479	325	490	-10	290	1717	90	500	0	599
480	59	159	10	931	1435	90	0	275	611
481	186	177	20	1043	1839	90	0	447	870
482	319	229	10	2166	2579	90	0	634	1253
483	26	269	30	815	1356	90	0	522	565
484	53	139	30	907	1681	90	0	21	727
485	471	154	20	860	1938	90	0	766	848
486	301	247	-30	2860	3773	90	384	0	1728
487	388	220	-10	1164	1842	90	136	0	805
488	235	81	-30	987	2072	90	545	0	512
489	347	479	-10	2240	2698	90	117	0	521
490	367	59	-20	1945	3601	90	404	0	1609
491	261	370	30	578	1721	90	0	882	800
492	441	287	40	2292	3630	90	0	976	1671
493	44	153	-20	1902	2248	90	29	0	955
494	263	351	-30	994	2255	90	78	0	624
495	444	157	10	215	576	90	0	48	180
496	374	17	-30	1532	2479	90	918	0	502
497	448	295	10	2413	3196	90	0	667	1496
498	446	297	-20	2113	2511	90	286	0	871
499	347	40	-10	231	1334	90	98	0	506
500	318	493	10	358	1452	90	0	479	599
501	399	352	-30	1167	1514	90	566	0	536
502	51	364	-20	1334	2601	90	716	0	828
503	250	217	-30	2099	3129	90	280	0	199
504	107	225	30	203	838	90	0	476	346
505	173	208	-30	1585	2337	90	987	0	800
506	204	189	-10	2222	2694	90	285	0	648
507	399	379	20	2421	3627	90	0	105	1634
508	79	346	-10	2560	3628	90	112	0	1639
509	360	338	10	243	461	90	0	722	160
510	390	17	-40	1406	1659	90	457	0	556
511	207	337	20	681	1089	90	0	964	495
512	409	361	-20	870	1403	90	110	0	199
513	206	377	20	134	1356	90	0	35	610
514	429	294	-20	1479	2566	90	44	0	848
515	375	31	20	1466	3064	90	0	849	1405
516	426	80	20	244	1637	90	0	990	696
517	74	374	-10	2479	3005	90	51	0	1176
518	408	20	30	279	1422	90	0	205	571
519	239	369	-20	1496	2286	90	170	0	441
520	420	308	-10	586	993	90	298	0	361
521	254	357	-10	1562	2623	90	73	0	261
522	53	297	-30	1986	3622	90	483	0	565
523	434	382	30	1832	2829	90	0	679	1258
524	204	171	20	661	1415	90	0	761	661
525	173	169	10	1172	2104	90	0	528	996
526	190	332	20	514	857	90	0	755	377
527	274	231	30	1750	2662	90	0	2	1315
528	207	194	-10	2003	3103	90	525	0	996
529	315	232	-30	2406	3261	90	330	0	1365
530	425	87	-30	239	971	90	345	0	237
531	312	64	20	274	1049	90	0	163	426
532	129	244	-10	2395	3581	90	842	0	1682
533	278	230	-30	1163	1930	90	674	0	504
534	351	75	10	2079	2389	90	0	323	1085
535	185	293	10	601	1419	90	0	795	670
536	364	364	-30	1844	2775	90	400	0	1043
537	432	369	-10	1632	2821	90	436	0	966
538	128	249	20	1083	1763	90	0	557	820
539	221	179	20	163	735	90	0	8	239
540	194	296	20	72	1830	90	0	923	878
541	413	350	10	1171	2104	90	0	79	956
542	214	372	10	986	1060	90	0	146	466
543	379	229	-10	707	1543	90	213	0	477
544	91	298	10	1926	2260	90	0	256	1046
545	226	120	30	132	1157	90	0	488	512
546	344	46	30	1277	2203	90	0	704	989
547	238	84	-20	1481	1947	90	924	0	844
548	138	276	10	1614	2376	90	0	642	1130
549	346	487	10	1340	2437	90	0	264	1090
550	95	160	10	179	763	90	0	553	291
551	103	266	30	630	1654	90	0	828	753
552	98	286	30	1107	1727	90	0	317	785
553	77	172	-10	2585	3526	90	550	0	291
554	147	199	30	114	1531	90	0	983	456
555	210	98	-20	256	1345	90	291	0	422
556	428	292	10	1662	2199	0	0	1008	1008
557	121	236	-20	1576	2651	90	538	0	820
558	336	479	-30	2079	2477	90	463	0	747
559	203	369	-20	325	1517	90	590	0	253
560	296	232	10	1146	1549	90	0	633	749
561	87	369	-20	201	497	90	582	0	102
562	247	88	-30	1411	2596	90	204	0	745
563	104	246	10	1054	1812	90	0	666	832
564	67	302	-10	2292	2854	90	161	0	1286
565	114	296	40	143	1192	90	0	248	524
566	394	356	30	178	1252	90	0	501	536
567	192	306	-10	1043	2163	90	651	0	560
568	16	285	-20	2146	2998	90	928	0	1290
569	419	310	10	184	1579	90	0	293	699
570	389	221	-10	1148	1675	90	745	0	259
571	129	264	-20	2286	3396	90	665	0	459
572	172	483	-20	677	1291	90	673	0	129
573	325	251	-10	1015	1996	90	942	0	244
574	151	436	10	1982	2951	90	0	299	1370
575	263	91	20	159	805	90	0	454	322
576	401	15	20	363	1168	90	0	477	444
577	253	382	-10	2672	3669	90	118	0	1507
578	247	89	-20	1862	2328	90	420	0	541
579	283	229	-20	816	2087	90	318	0	356
580	366	341	20	369	896	90	0	185	374
581	392	213	-30	1945	2400	90	756	0	867
582	167	304	20	99	814	90	0	561	102
583	477	154	10	1010	2162	90	0	832	957
584	234	383	-30	1876	2482	90	23	0	863
585	199	327	-50	2828	3450	90	341	0	1618
586	140	220	-30	625	1141	90	421	0	441
587	144	266	30	107	1069	90	0	50	378
588	432	105	10	3469	3590	0	0	1002	1678
589	368	325	30	139	1635	90	0	669	591
590	202	386	20	246	651	90	0	559	253
591	325	246	-10	1091	2109	90	901	0	616
592	430	86	-20	2217	3476	90	661	0	1478
593	200	195	-20	1559	2971	90	736	0	1058
594	440	295	-20	1561	2871	90	624	0	1273
595	77	287	10	1520	2450	0	0	1012	1136
596	187	362	20	1520	2211	90	0	80	1041
597	131	207	20	543	1616	90	0	59	744
598	405	5	20	608	1123	90	0	223	416
599	125	226	20	1408	1530	90	0	176	701
600	254	335	-10	2833	3354	90	238	0	558
601	212	168	20	504	1375	90	0	712	505
602	281	279	20	505	1084	90	0	336	520
603	326	241	20	1276	2115	90	0	328	1019
604	152	241	20	389	1357	90	0	103	629
605	71	139	-10	371	1403	90	281	0	443
606	46	277	10	405	933	90	0	7	331
607	393	13	-30	745	2130	90	863	0	703
608	87	454	40	709	1215	90	0	753	476
609	86	359	-20	2635	3628	90	426	0	508
610	220	192	-20	65	1095	90	472	0	5
611	426	279	30	2750	3635	0	0	1013	1728
612	131	267	-30	2224	3080	90	866	0	1432
613	200	297	30	68	1232	90	0	61	581
614	299	442	-20	1775	2194	90	744	0	765
615	265	218	-20	2301	2718	90	68	0	1287
616	398	231	-10	1913	2840	90	723	0	792
617	312	74	-10	2355	3304	90	932	0	693
618	99	307	-20	2277	3311	90	440	0	1325
619	22	283	30	1236	1550	90	0	790	659
620	67	160	10	2688	2852	90	0	643	1324
621	390	42	20	2126	3210	0	0	1006	1479
622	44	279	-40	208	1040	90	363	0	370
623	200	182	-20	1042	1424	90	848	0	612
624	458	303	20	2189	3032	90	0	594	1273
625	298	438	10	194	1126	90	0	326	465
626	62	301	-30	2935	3630	90	113	0	1574
627	112	251	10	1274	2151	90	0	306	1006
628	184	354	-20	1432	2681	90	111	0	567
629	140	180	20	2410	3694	90	0	315	1736
630	269	428	20	626	1823	90	0	927	821
631	123	206	10	1456	2475	0	0	1022	1170
632	36	284	-10	1471	2084	90	109	0	654
633	272	233	-10	1454	2201	90	560	0	749
634	320	231	-10	1839	3090	90	482	0	1253
635	211	180	-10	371	1304	90	376	0	532
636	114	169	-20	2107	3277	90	787	0	1161
637	245	239	-20	2397	3629	90	920	0	1601
638	117	204	30	1453	2103	90	0	683	981
639	316	254	-10	618	1043	90	271	0	443
640	169	443	30	461	699	90	0	95	244
641	212	96	10	476	1492	90	0	268	666
642	119	285	-10	2862	3424	90	548	0	1130
643	71	163	-10	2551	3179	90	620	0	1324
644	78	361	-20	2651	3620	90	71	0	925
645	354	219	-20	3390	3519	90	819	0	1633
646	389	233	20	2039	3095	90	0	934	1477
647	90	391	10	213	1224	0	0	1005	505
648	209	307	-30	1276	2506	90	872	0	1109
649	363	351	-30	2479	3527	90	53	0	1367
650	405	47	10	255	1038	90	0	443	391
651	278	329	10	83	1205	90	0	567	560
652	261	371	-30	592	1524	90	350	0	369
653	302	470	20	1603	3011	90	0	847	1353
654	373	205	40	130	1466	90	0	321	667
655	381	20	-30	1433	2382	90	294	0	647
656	90	277	30	234	1251	90	0	378	544
657	46	341	-10	2386	3093	90	214	0	570
658	50	138	20	1876	2061	90	0	158	915
659	61	437	20	265	1330	90	0	181	359
660	331	252	-30	871	1556	90	430	0	689
661	440	81	20	2277	3212	90	0	592	1478
662	384	206	-10	141	1631	90	267	0	567
663	232	87	30	932	2236	90	0	837	923
664	59	471	-30	1311	1817	90	10	0	612
665	174	304	20	93	1013	90	0	571	459
666	106	248	-10	901	2151	90	563	0	832
667	410	287	-10	2200	3660	90	497	0	1496
668	206	313	-10	1812	2529	90	783	0	625
669	412	367	-30	607	1473	90	589	0	591
670	412	300	20	169	2097	90	0	995	680
671	206	295	-10	2387	3391	90	47	0	1556
672	329	459	-20	2837	3092	90	301	0	1184
673	177	436	20	199	458	90	0	572	129
674	266	264	30	335	1030	90	0	533	504
675	308	235	-10	2917	3513	90	174	0	1043
676	260	330	-10	3041	3525	90	149	0	1671
677	49	136	10	1418	2152	90	0	768	960
678	356	28	-20	354	1807	90	455	0	625
679	428	384	-30	2209	2840	90	523	0	1258
680	220	362	-30	961	1861	90	900	0	814
681	437	61	20	1523	2814	90	0	774	1274
682	365	360	-30	1509	2732	90	347	0	1221
683	107	168	-30	2398	2791	90	638	0	981
684	220	177	20	78	1039	90	0	999	480
685	347	21	20	956	1977	90	0	706	864
686	293	245	-30	3021	3781	90	77	0	743
687	267	436	-10	2940	3234	90	851	0	1033
688	216	96	10	2400	2892	90	0	732	1367
689	383	351	20	167	1003	90	0	916	417
690	289	240	20	687	1350	90	0	249	552
691	129	185	-30	2514	3273	90	955	0	1129
692	291	450	-10	2248	3322	90	981	0	380
693	387	21	10	1197	2058	90	0	302	895
694	116	255	20	779	1860	90	0	817	862
695	50	368	-10	1690	2433	90	116	0	632
696	121	249	20	2309	2694	90	0	930	1282
697	404	346	10	740	1745	90	0	362	781
698	77	360	-10	2863	3619	90	841	0	1653
699	447	102	-20	2590	3578	90	989	0	784
700	366	16	20	1823	2292	0	0	1001	1015
701	348	16	30	1497	2223	90	0	910	984
702	353	346	-10	2985	3403	90	359	0	486
703	54	485	-20	1693	2014	90	137	0	354
704	319	77	-30	2601	2675	90	546	0	989
705	83	282	10	1147	2078	90	0	906	953
706	384	24	-20	2011	3351	90	685	0	864
707	52	469	20	1105	1829	90	0	288	766
708	199	200	-30	2573	3477	90	168	0	1439
709	273	234	10	1623	1849	90	0	153	910
710	16	281	-10	2586	2926	90	978	0	645
711	151	442	-10	2054	3071	90	915	0	663
712	223	114	-20	138	1246	90	601	0	505
713	191	308	20	82	1031	90	0	401	474
714	448	297	-30	2134	3291	90	469	0	787
715	386	28	20	1573	3564	90	0	770	1525
716	106	295	20	459	1807	90	0	502	828
717	387	224	-10	863	2332	90	423	0	111
718	96	377	10	199	926	90	0	371	363
719	86	361	20	3081	3626	90	0	873	1669
720	211	107	10	163	1059	90	0	274	455
721	43	125	-20	1289	2076	90	985	0	871
722	369	351	-10	248	1589	90	509	0	160
723	388	228	10	905	1724	90	0	616	792
724	325	228	20	1472	2309	0	0	1018	1115
725	490	159	-20	1552	2402	90	818	0	613
726	420	78	20	1053	1903	90	0	369	830
727	396	4	-20	1055	1251	90	119	0	403
728	222	317	30	2076	2914	90	0	959	1420
729	389	198	20	148	1176	90	0	946	513
730	322	454	-20	216	1228	90	419	0	292
731	241	391	-10	2807	3324	90	31	0	1483
732	256	117	-10	2825	3669	90	688	0	1367
733	298	255	10	48	923	90	0	84	437
734	74	363	-20	2460	3226	90	198	0	1334
735	345	496	-30	1246	1729	90	991	0	316
736	167	169	20	1235	2232	90	0	593	1058
737	23	306	-20	1743	2782	90	156	0	694
738	317	62	-40	255	1260	90	143	0	265
739	319	257	20	424	1047	90	0	417	488
740	129	255	-10	2448	3145	90	60	0	1442
741	59	377	-20	1899	2436	90	24	0	1048
742	138	272	-20	1267	2535	90	220	0	789
743	317	251	-30	681	1358	90	445	0	264
744	279	436	20	1478	1720	90	0	614	765
745	371	207	10	128	648	90	0	570	259
746	263	372	-30	491	1441	90	67	0	471
747	50	347	-20	2261	3023	90	360	0	1286
748	275	236	-10	1361	1924	90	767	0	390
749	334	47	20	219	1207	90	0	416	493
750	50	383	10	1732	2206	90	0	82	982
751	170	338	-10	2064	2664	90	141	0	846
752	245	109	-20	2964	3374	90	188	0	875
753	69	475	-40	757	1781	90	608	0	476
754	54	372	20	1023	3118	90	0	464	1443
755	198	334	-20	1622	2944	90	526	0	377
756	380	228	30	567	1867	90	0	581	867
757	425	118	10	219	342	90	0	147	61
758	80	398	10	533	1279	90	0	127	526
759	366	57	-10	2957	3355	90	370	0	1396
760	67	463	30	570	757	90	0	226	238
761	226	86	-20	2291	3059	90	524	0	661
762	59	480	-10	1302	2024	90	217	0	808
763	40	378	-20	1170	1762	90	462	0	338
764	250	367	-10	1740	2645	90	352	0	240
765	157	436	-20	2138	3568	90	856	0	918
766	463	161	-20	2005	2961	90	485	0	848
767	266	250	10	181	796	90	0	748	390
768	51	162	-10	1791	2794	90	677	0	960
769	194	353	20	1216	1686	90	0	919	784
770	383	41	-20	2116	3415	90	715	0	1525
771	247	82	-10	1368	2448	90	58	0	663
772	457	142	-10	233	1632	90	34	0	318
773	244	94	-20	1767	1983	90	869	0	868
774	441	63	-20	1632	3076	90	681	0	1274
775	244	371	-10	1813	2967	90	96	0	681
776	174	444	10	208	784	90	0	797	287
777	94	247	-20	585	1280	90	943	0	412
778	320	225	20	1257	2931	90	0	844	1428
779	316	80	30	2254	3209	90	0	830	1513
780	155	447	20	2447	3056	90	0	222	1418
781	211	308	-30	1369	2597	90	836	0	648
782	297	442	20	1411	2374	90	0	979	1088
783	200	342	10	797	1356	90	0	668	625
784	44	325	-20	3241	3280	90	6	0	1461
785	438	60	30	2095	2424	90	0	131	1078
786	80	374	20	279	878	90	0	229	333
787	59	163	20	2249	2532	90	0	636	1161
788	236	92	10	2034	2546	90	0	1	1193
789	414	66	30	1368	1976	90	0	883	864
790	34	279	-30	1481	1691	90	619	0	659
791	475	156	-30	1404	1582	90	171	0	622
792	404	310	20	165	1321	90	0	375	577
793	367	239	-10	2628	3707	90	435	0	1273
794	210	359	-30	1191	2106	90	126	0	946
795	133	278	-10	1538	2642	90	535	0	670
796	446	169	10	2920	3609	90	0	139	1653
797	188	356	-10	1333	2590	90	776	0	287
798	312	252	20	393	1456	90	0	902	696
799	69	485	-30	2300	2377	90	892	0	689
800	413	353	10	1176	2285	90	0	805	1046
801	54	446	20	343	391	90	0	83	56
802	56	357	-30	1128	2608	90	467	0	1005
803	230	105	-10	2692	3384	90	843	0	756
804	196	302	20	74	832	90	0	949	378
805	391	373	-10	2695	3585	90	800	0	1046
806	101	295	-30	543	1534	90	346	0	232
807	234	350	-30	2302	3092	90	342	0	578
808	215	108	-30	2068	3612	90	926	0	1286
809	142	457	-30	1252	2094	90	398	0	640
810	283	425	-30	567	1308	90	858	0	507
811	77	397	10	446	1552	90	0	433	662
812	105	317	10	2718	3260	90	0	367	1550
813	382	213	-20	1450	2140	90	896	0	717
814	213	76	-20	996	1763	90	936	0	550
815	417	56	20	1172	2553	90	0	355	1148
816	183	340	-40	1978	3535	90	973	0	1167
817	123	242	-20	2296	3697	90	694	0	862
818	475	136	20	739	1479	90	0	725	613
819	377	246	20	2316	3697	90	0	645	1633
820	310	484	-20	480	931	90	364	0	297
821	47	280	10	341	624	90	0	92	209
822	57	456	20	282	724	90	0	877	220
823	313	266	20	68	838	90	0	982	386
824	475	145	30	759	1657	90	0	439	704
825	400	376	40	475	1210	90	0	148	507
826	290	416	30	170	588	90	0	338	208
827	277	369	30	264	716	90	0	962	296
828	91	303	-30	1857	2701	90	551	0	753
829	194	301	30	110	782	90	0	397	353
830	254	238	-30	1703	3748	90	779	0	1513
831	215	91	-30	1699	3042	90	343	0	766
832	500	162	-10	1756	2581	90	583	0	957
833	56	287	20	197	1381	90	0	138	587
834	289	452	-20	2254	3501	90	448	0	720
835	378	326	30	148	1110	90	0	446	480
836	197	350	30	1122	1411	90	0	781	648
837	243	88	-30	1509	2112	90	663	0	923
838	250	72	-20	967	1444	90	970	0	482
839	101	290	-10	999	1462	90	859	0	112
840	351	480	-20	1171	2408	90	361	0	936
841	67	357	10	2418	3613	90	0	698	1653
842	128	240	10	3148	3582	90	0	532	1682
843	253	81	10	529	1682	90	0	803	756
844	307	227	-20	2504	3361	90	778	0	1428
845	233	441	20	2468	3633	90	0	182	1593
846	311	47	-30	712	1589	90	437	0	391
847	292	456	-20	2155	3041	90	653	0	1353
848	183	187	20	1054	2642	90	0	623	612
849	392	31	-20	2515	3425	90	515	0	1405
850	103	251	10	1077	1599	90	0	316	725
851	300	443	10	1886	2266	90	0	687	1033
852	420	295	-20	1478	2187	90	224	0	726
853	427	64	30	1154	1589	90	0	32	666
854	372	354	-10	1825	2216	90	26	0	977
855	101	263	20	458	2013	90	0	41	255
856	141	454	20	1465	2068	90	0	765	918
857	146	461	-20	1128	2027	90	197	0	535
858	298	430	30	186	1377	90	0	810	507
859	148	270	10	103	328	90	0	839	112
860	76	287	-10	1469	2319	90	55	0	980
861	308	55	-20	382	1520	90	438	0	410
862	143	257	10	107	1834	90	0	37	327
863	393	2	30	424	1693	90	0	607	703
864	385	28	10	1609	3123	90	0	319	1431
865	204	291	-10	2750	3217	90	348	0	1149
866	132	272	30	1676	3072	90	0	612	1432
867	206	379	10	136	1309	90	0	236	524
868	69	383	-20	2406	2695	90	340	0	1063
869	245	96	20	1321	2245	90	0	773	868
870	431	301	10	1081	2016	90	0	411	913
871	448	94	-10	2970	3498	90	72	0	945
872	199	305	30	1106	2294	90	0	648	1109
873	95	356	-20	3340	3637	90	719	0	1669
874	328	498	20	786	1601	90	0	120	670
875	108	222	-30	1320	1834	90	252	0	252
876	341	26	-20	880	1857	90	210	0	519
877	63	454	-20	276	915	90	822	0	220
878	222	357	30	981	2212	0	0	1020	1050
879	416	364	-10	1470	2565	90	195	0	1025
880	127	278	10	1902	2470	90	0	425	1171
881	140	252	20	110	1243	90	0	180	516
882	218	298	-30	2319	3253	90	491	0	800
883	432	87	-30	2402	3475	90	789	0	864
884	216	300	-20	2249	3137	90	390	0	953
885	438	72	-20	765	1592	90	953	0	442
886	184	178	10	1178	1890	90	0	270	896
887	345	468	10	2597	2916	90	0	353	1339
888	150	435	-20	2148	2602	90	391	0	405
889	395	365	30	185	1571	90	0	262	692
890	208	371	20	135	1335	90	0	282	603
891	190	292	10	415	1236	90	0	90	581
892	78	479	30	671	1666	90	0	799	689
893	104	198	-10	1922	2844	90	897	0	1299
894	346	13	20	1245	2288	90	0	952	1016
895	47	388	-30	1015	1532	90	97	0	217
896	315	57	20	863	1639	90	0	813	717
897	110	199	10	1672	2902	90	0	893	1299
898	323	60	10	827	1872	90	0	173	834
899	308	82	-30	2605	3433	90	351	0	1352
900	216	374	30	128	2131	90	0	680	814
901	326	253	10	928	1309	90	0	591	616
902	308	232	-20	2884	3171	90	798	0	696
903	118	223	-20	134	1382	90	474	0	576
904	149	444	-20	2066	3244	90	57	0	828
905	95	395	30	212	988	90	0	429	387
906	117	319	-10	2885	3492	90	705	0	953
907	262	352	10	1106	2327	90	0	958	1112
908	468	135	10	695	1328	90	0	986	540
909	351	31	-10	584	1202	90	1000	0	197
910	361	15	-30	1810	2587	90	701	0	984
911	195	300	10	208	867	90	0	373	396
912	397	27	20	1861	3075	90	0	409	1377
913	179	311	10	93	788	90	0	444	347
914	77	133	-30	208	1578	90	313	0	519
915	66	397	10	847	1563	90	0	711	663
916	366	352	-20	2461	3358	90	689	0	417
917	221	87	20	1182	1784	90	0	91	809
918	347	23	30	1108	1252	90	0	496	502
919	176	358	-20	1742	2569	90	769	0	784
920	229	78	20	1765	3388	90	0	637	1601
921	272	246	10	89	507	90	0	967	242
922	293	67	-10	187	1432	90	408	0	377
923	140	265	-20	957	2288	90	540	0	878
924	238	83	20	1082	2165	90	0	547	844
925	136	296	-30	2988	3702	90	945	0	612
926	218	98	30	1435	2729	90	0	808	1286
927	290	440	-20	895	2508	90	630	0	821
928	29	302	20	1523	2808	90	0	568	1290
929	290	425	-30	179	1381	90	460	0	167
930	124	247	-20	2175	3698	90	696	0	1282
931	442	287	-10	2360	3448	90	356	0	335
932	294	64	10	191	1579	90	0	617	693
933	74	165	10	2620	3296	0	0	1011	1550
934	382	245	-20	2781	3297	90	646	0	1477
935	405	24	10	274	904	90	0	331	314
936	211	97	20	526	1258	90	0	814	550
937	88	390	30	214	1248	90	0	941	516
938	37	295	-20	1361	2581	90	186	0	1136
939	359	371	-10	2163	2841	90	130	0	432
940	186	372	20	1328	2203	90	0	335	1032
941	116	446	-30	1381	2575	90	937	0	516
942	293	249	10	43	533	90	0	573	244
943	83	228	20	466	993	90	0	777	412
944	96	269	-10	341	1748	90	308	0	181
945	179	284	30	919	1304	90	0	925	612
946	368	219	-20	652	1388	90	729	0	513
947	66	359	-20	3020	3454	90	418	0	1347
948	189	338	-10	2389	3679	90	237	0	1363
949	163	277	-20	2784	3733	90	804	0	378
950	5	296	10	2207	2726	90	0	154	1238
951	152	478	-20	712	1478	90	38	0	388
952	366	34	-20	1649	2683	90	894	0	1016
953	429	80	20	659	1132	90	0	885	442
954	464	178	-20	2562	2980	90	134	0	440
955	138	196	30	1763	2384	90	0	691	1129
956	87	481	-30	2105	3522	90	235	0	1404
957	425	99	20	231	935	90	0	450	351
958	241	362	-10	2284	2695	90	907	0	1112
959	207	289	-30	2895	3259	90	728	0	1420
960	264	365	10	943	1727	90	0	374	805
961	102	289	20	725	1918	90	0	129	882
962	233	346	-30	2170	3411	90	827	0	296
963	78	141	30	452	512	90	0	17	154
964	196	348	-20	800	1548	90	511	0	495
965	216	92	-20	1884	3039	90	140	0	1390
966	444	309	20	2004	3006	90	0	123	1401
967	313	263	-10	64	1044	90	921	0	242
968	211	198	-40	2312	3167	90	94	0	455
969	314	436	-10	1552	2810	90	42	0	886
970	217	189	20	253	1034	90	0	838	482
971	197	178	20	543	1733	90	0	40	821
972	60	497	10	1698	2215	90	0	125	951
973	206	312	40	1748	2412	90	0	816	1167
974	197	351	20	378	2337	0	0	1015	1111
975	305	233	-10	2564	3678	90	144	0	948
976	297	250	-40	3048	3777	90	492	0	1671
977	71	348	-20	2628	3620	90	3	0	763
978	11	269	10	850	1531	90	0	710	645
979	247	447	-20	2880	3519	90	782	0	1088
980	386	213	20	1497	2656	90	0	368	1204
981	292	434	10	722	949	90	0	692	380
982	436	301	-20	785	2122	90	823	0	386
983	145	221	-30	434	1141	90	554	0	456
984	224	96	40	1980	2376	90	0	327	1109
985	59	128	20	948	2205	90	0	721	871
986	489	150	-10	1449	2307	90	908	0	540
987	152	225	30	445	1702	90	0	505	800
988	426	85	10	263	1152	90	0	392	455
989	415	73	20	1339	1811	90	0	699	784
990	440	70	-20	1525	3378	90	516	0	696
991	320	476	30	338	869	90	0	735	316
992	57	132	-20	1096	1688	90	121	0	666
993	405	311	30	166	1060	90	0	85	446
994	109	250	-20	1142	2098	90	337	0	680
995	428	314	-20	502	1642	90	670	0	680
996	40	288	20	1363	2383	0	0	1007	1084
997	175	282	10	761	1651	90	0	344	784
998	298	456	30	2152	2671	90	0	354	1229
999	208	101	-20	154	1436	90	684	0	480
1000	342	52	10	218	613	90	0	909	197
1001	366	16	-20	1823	2292	90	700	0	1015
1002	432	105	-10	3469	3590	90	588	0	1678
1003	337	453	-30	2475	3604	90	208	0	1691
1004	441	157	-10	212	1343	90	155	0	565
1005	90	391	-10	213	1224	90	647	0	505
1006	390	42	-20	2126	3210	90	621	0	1479
1007	40	288	-20	1363	2383	90	996	0	1084
1008	428	292	-10	1662	2199	90	556	0	1008
1009	125	245	-20	2870	3294	90	466	0	1584
1010	252	347	-10	2543	3439	90	15	0	1670
1011	74	165	-10	2620	3296	90	933	0	1550
1012	77	287	-10	1520	2450	90	595	0	1136
1013	426	279	-30	2750	3635	90	611	0	1728
1014	232	85	-10	1993	2784	90	380	0	1309
1015	197	351	-20	378	2337	90	974	0	1111
1016	71	388	-20	896	2274	90	162	0	1023
1017	221	102	-20	2914	2963	90	287	0	1406
1018	325	228	-20	1472	2309	90	724	0	1115
1019	125	264	-20	2490	3380	90	101	0	1627
1020	222	357	-30	981	2212	90	878	0	1050
1021	262	368	-30	968	1516	90	187	0	698
1022	123	206	-10	1456	2475	90	631	0	1170

