250	700	1
0	250	250	0	0	3914	0	0	0
1	212	101	-20	0	3671	90	684	0	1712
2	266	231	-20	0	3800	90	302	0	1647
3	89	284	20	1436	1596	90	0	828	715
4	430	298	10	0	3638	90	0	286	1670
5	435	77	20	0	3571	90	0	579	1613
6	25	293	20	2964	3124	90	0	522	1447
7	43	269	30	687	847	90	0	109	319
8	216	117	-20	0	3687	90	808	0	1386
9	294	437	30	661	821	90	0	227	314
10	79	479	30	998	1158	90	0	707	436
11	365	18	-10	0	3566	90	70	0	1608
12	225	125	20	127	287	90	0	712	79
13	448	103	-10	0	3578	90	699	0	1620
14	143	266	10	402	562	90	0	862	226
15	252	347	10	2911	3071	90	0	676	1486
16	403	390	-10	2560	2720	90	679	0	1190
17	67	153	20	0	3617	90	0	721	714
18	90	168	20	3080	3240	90	0	505	1530
19	302	235	-20	0	3770	90	724	0	945
20	259	355	-20	1917	2077	90	374	0	940
21	149	183	-10	3108	3268	90	183	0	130
22	19	297	-10	2282	2442	90	978	0	515
23	209	358	30	1477	1637	90	0	521	760
24	56	388	20	0	3586	90	0	750	856
25	115	269	-10	2956	3116	90	880	0	1069
26	377	356	-20	0	3659	90	669	0	460
27	113	229	-20	1123	1283	90	881	0	523
28	205	343	-20	902	1062	90	170	0	418
29	48	137	20	0	3593	90	0	135	1635
30	467	157	-10	0	3588	90	495	0	79
31	220	394	10	2783	2943	90	0	577	1397
32	436	54	20	0	3554	90	0	681	1595
33	54	357	-20	0	3601	90	71	0	810
34	456	154	-10	0	3597	90	48	0	1637
35	216	307	-10	0	3758	90	919	0	1052
36	280	224	-10	2226	2386	90	486	0	1106
37	90	270	-10	565	725	90	944	0	236
38	166	452	20	0	3606	90	0	95	1637
39	17	283	20	0	3589	90	0	304	1630
40	196	192	30	0	3745	90	0	168	1788
41	94	275	10	469	629	90	0	656	235
42	292	445	-40	0	3625	90	927	0	793
43	329	471	-20	2783	2943	90	364	0	1306
44	326	57	20	1364	1524	90	0	295	658
45	95	466	10	0	3559	90	0	809	1593
46	429	282	-10	3018	3178	90	498	0	1095
47	229	364	-20	0	3709	90	890	0	343
48	457	160	10	0	3599	90	0	34	1637
49	452	154	30	332	492	90	0	410	134
50	113	289	-30	0	3682	90	806	0	1711
51	67	387	10	2376	2536	90	0	470	1153
52	368	17	-20	2021	2181	90	912	0	896
53	341	367	-30	0	3676	90	93	0	1645
54	410	364	-30	1842	2002	90	512	0	857
55	80	281	10	0	3652	90	0	945	1692
56	321	224	-20	2106	2266	90	417	0	326
57	73	395	20	1223	1383	90	0	340	577
58	259	76	-30	0	3650	90	704	0	1656
59	121	203	10	0	3687	90	0	897	1717
60	118	256	-20	0	3692	90	666	0	1721
61	236	361	-30	0	3713	90	187	0	601
62	78	371	20	220	380	90	0	644	84
63	301	53	20	969	1129	90	0	846	462
64	382	197	-40	0	3682	90	654	0	1724
65	491	160	20	1989	2149	90	0	791	945
66	453	164	-20	0	3604	90	396	0	755
67	277	371	30	595	755	90	0	403	315
68	272	212	-10	2330	2490	90	271	0	473
69	386	218	-10	1901	2061	90	723	0	627
70	353	32	10	0	3583	90	0	11	1608
71	59	389	20	1698	1858	90	0	33	810
72	414	62	10	0	3575	90	0	883	1323
73	278	357	10	212	372	90	0	751	130
74	101	179	-20	2412	2572	90	382	0	1153
75	396	234	-30	0	3678	90	192	0	1616
76	74	390	20	797	957	90	0	167	366
77	332	55	30	211	371	90	0	685	79
78	272	365	30	0	3707	90	0	651	1748
79	418	355	-20	2037	2197	90	475	0	316
80	216	380	-20	2300	2460	90	312	0	1112
81	440	173	-20	3282	3442	90	439	0	1411
82	89	358	20	0	3631	90	0	609	1670
83	66	491	20	0	3521	90	0	263	1053
84	317	234	-20	2479	2639	90	119	0	85
85	439	297	-20	2043	2203	90	982	0	957
86	394	367	30	380	540	90	0	169	177
87	58	364	10	0	3601	90	0	802	1641
88	290	75	20	191	351	90	0	592	85
89	346	344	-10	3212	3372	90	541	0	1511
90	131	269	-40	0	3704	90	642	0	1729
91	236	96	-20	1604	1764	90	172	0	86
92	29	282	10	1410	1570	90	0	193	673
93	418	385	30	0	3609	90	0	53	1645
94	148	225	40	613	773	90	0	629	333
95	166	464	-20	0	3595	90	38	0	1637
96	266	373	10	0	3700	90	0	314	1709
97	201	273	30	54	214	90	0	115	79
98	255	245	10	7	167	90	0	356	79
99	220	379	-10	0	3692	90	913	0	1714
100	85	317	30	0	3646	90	0	705	694
101	125	264	-10	2855	3015	90	859	0	87
102	131	253	-10	0	3705	90	425	0	1258
103	184	188	-20	1260	1420	90	635	0	418
104	128	209	20	0	3696	90	0	593	1728
105	373	364	20	0	3657	90	0	246	1698
106	389	342	10	1145	1305	90	0	854	569
107	420	20	30	575	735	90	0	990	224
108	132	218	10	136	296	90	0	306	86
109	32	256	-30	901	1061	90	7	0	319
110	406	339	20	295	455	90	0	569	137
111	191	397	-20	0	3666	90	673	0	79
112	72	341	10	0	3625	90	0	552	1658
113	35	308	-30	3072	3232	90	568	0	1207
114	169	360	20	2172	2332	90	0	239	1097
115	222	381	-30	0	3691	90	97	0	79
116	96	292	-20	862	1022	90	180	0	380
117	311	496	10	0	3571	90	0	366	1597
118	220	384	-30	2683	2843	90	836	0	616
119	259	243	20	22	182	90	0	84	85
120	349	476	-10	0	3578	90	672	0	1619
121	63	159	20	1009	1169	90	0	787	480
122	112	243	-10	0	3686	90	850	0	1718
123	448	302	20	2327	2487	90	0	492	1141
124	343	27	20	0	3583	90	0	918	1620
125	67	485	-30	2166	2326	90	753	0	530
126	220	359	30	1424	1584	90	0	519	735
127	147	435	-20	2111	2271	90	856	0	807
128	317	235	-20	2570	2730	90	778	0	1277
129	43	355	20	0	3592	90	0	358	1623
130	368	340	10	461	621	90	0	792	236
131	450	72	10	0	3557	90	0	588	1598
132	400	364	30	570	730	90	0	697	270
133	355	480	-10	0	3572	90	178	0	460
134	450	153	20	533	693	90	0	468	235
135	126	188	-20	0	3686	90	29	0	1635
136	380	223	10	1614	1774	90	0	402	820
137	71	453	-20	685	845	90	822	0	132
138	54	287	20	209	369	90	0	212	84
139	420	168	-10	3393	3553	90	450	0	1569
140	219	89	-10	2692	2852	90	641	0	1296
141	189	327	10	420	580	90	0	769	240
142	191	309	10	1430	1590	90	0	648	753
143	301	67	40	0	3635	90	0	546	746
144	484	161	-30	1696	1856	90	824	0	749
145	77	483	-10	0	3534	90	288	0	1556
146	241	375	10	0	3699	90	0	764	1022
147	428	64	20	1201	1361	90	0	392	551
148	403	361	10	1452	1612	90	0	347	711
149	257	336	-20	0	3738	90	582	0	133
150	131	241	10	3378	3538	90	0	285	1709
151	63	166	-20	0	3619	90	643	0	1660
152	71	368	-20	0	3610	90	307	0	462
153	272	228	-10	2033	2193	90	560	0	689
154	25	290	30	0	3596	90	0	784	1491
155	441	157	10	0	3612	90	0	485	1625
156	13	266	-10	0	3587	90	606	0	271
157	251	376	10	3186	3346	0	0	1012	1609
158	61	170	-30	0	3619	90	493	0	1638
159	386	357	-20	1433	1593	90	722	0	664
160	95	475	-10	0	3551	90	799	0	1568
161	90	298	-10	2104	2264	90	229	0	941
162	71	388	-10	0	3598	90	241	0	79
163	383	246	20	0	3691	90	0	174	1731
164	352	38	10	0	3589	90	0	1000	1631
165	395	1	30	0	3536	90	0	259	1080
166	120	210	20	1282	1442	90	0	597	652
167	46	383	-20	0	3581	90	76	0	366
168	202	198	-30	0	3754	90	40	0	1788
169	358	365	-30	2326	2486	90	86	0	177
170	191	352	20	0	3707	90	0	28	418
171	470	152	30	0	3584	90	0	372	1156
172	228	124	20	141	301	90	0	91	86
173	402	230	-10	0	3671	90	796	0	1646
174	323	229	-20	0	3749	90	163	0	1731
175	331	486	10	0	3575	90	0	887	1237
176	112	208	-30	1601	1761	90	586	0	763
177	172	435	30	0	3624	90	0	222	1510
178	326	498	10	1021	1181	90	0	133	460
179	460	183	10	0	3604	90	0	793	1644
180	95	279	20	0	3667	90	0	116	380
181	76	456	30	780	940	90	0	956	335
182	242	350	-30	0	3724	90	900	0	533
183	152	196	10	212	372	90	0	21	130
184	268	351	10	0	3722	90	0	218	1684
185	360	356	10	2733	2893	90	0	916	1370
186	39	296	-20	1983	2143	90	996	0	869
187	262	368	30	1162	1322	90	0	61	601
188	204	90	-10	1094	1254	90	720	0	271
189	149	273	-10	212	372	90	949	0	88
190	446	86	-20	3056	3216	90	726	0	1428
191	139	269	20	1728	1888	90	0	548	887
192	483	170	30	0	3578	90	0	75	1616
193	39	278	-10	1601	1761	90	92	0	673
194	201	307	-20	0	3749	90	567	0	801
195	395	378	10	1636	1796	90	0	825	801
196	139	262	30	1450	1610	90	0	742	749
197	176	447	20	311	471	90	0	433	130
198	67	380	-20	0	3600	90	462	0	320
199	35	358	-20	0	3584	90	665	0	88
200	294	455	-30	2426	2586	90	998	0	1140
201	351	33	20	0	3585	90	0	319	1612
202	216	316	-10	2319	2479	90	911	0	1144
203	261	96	40	0	3670	90	0	837	813
204	238	57	-30	0	3631	90	437	0	1670
205	383	18	20	1643	1803	90	0	331	767
206	152	460	10	0	3593	90	0	250	619
207	94	479	-10	0	3547	90	972	0	1553
208	337	453	30	0	3604	90	0	279	1641
209	135	460	-30	0	3585	90	892	0	481
210	260	104	20	157	317	90	0	838	85
211	337	63	-20	0	3618	90	896	0	1650
212	32	247	-20	802	962	90	138	0	84
213	394	205	10	0	3674	90	0	813	809
214	95	294	10	0	3663	90	0	716	1705
215	253	241	-10	2835	2995	90	733	0	1404
216	223	90	30	2787	2947	90	0	287	1376
217	64	473	10	0	3534	90	0	703	768
218	275	431	-10	0	3642	90	184	0	1684
219	261	84	10	0	3658	90	0	351	1104
220	176	296	-30	1230	1390	90	613	0	322
221	361	349	-10	3016	3176	90	436	0	855
222	168	433	-30	3156	3316	90	177	0	1510
223	394	10	40	0	3545	90	0	706	1186
224	308	60	20	776	936	90	0	898	368
225	94	456	20	0	3566	90	0	584	1592
226	73	484	20	0	3531	90	0	845	1541
227	277	434	-30	1427	1587	90	9	0	314
228	119	232	-20	1939	2099	90	424	0	924
229	78	375	10	0	3612	90	0	161	941
230	366	346	-10	0	3674	90	509	0	145
231	125	181	20	0	3682	90	0	506	1717
232	69	493	-20	1977	2137	90	664	0	865
233	432	80	40	908	1068	90	0	853	409
234	72	391	10	0	3597	90	0	719	1578
235	85	486	-30	0	3537	90	760	0	231
236	204	371	30	0	3695	90	0	348	905
237	173	328	-20	2481	2641	90	390	0	701
238	280	423	-30	0	3649	90	305	0	1683
239	200	327	-20	3150	3310	90	114	0	1097
240	241	98	-10	0	3672	90	406	0	130
241	96	356	10	186	346	90	0	162	79
242	332	491	-30	1211	1371	90	820	0	272
243	81	283	10	1624	1784	90	0	378	805
244	373	22	10	0	3565	90	0	443	1291
245	255	371	-20	2209	2369	90	282	0	829
246	358	359	-20	0	3671	90	105	0	1698
247	216	93	10	0	3664	90	0	688	1706
248	73	360	-40	0	3616	90	317	0	1404
249	305	212	20	0	3758	0	0	1001	1845
250	151	462	-10	1402	1562	90	206	0	619
251	47	389	-10	1102	1262	90	718	0	460
252	155	198	30	118	278	90	0	405	84
253	152	457	10	0	3595	90	0	371	1636
254	329	48	-20	1555	1715	90	531	0	272
255	88	394	-30	0	3608	90	398	0	1632
256	153	295	-40	3382	3542	90	459	0	177
257	81	373	10	590	750	90	0	961	270
258	163	453	10	0	3604	90	0	444	903
259	378	25	-30	2408	2568	90	165	0	1080
260	401	385	-10	0	3622	90	303	0	471
261	184	340	-10	2768	2928	90	494	0	801
262	402	362	-20	0	3636	90	689	0	79
263	70	482	-20	2351	2511	90	83	0	1053
264	357	445	-30	0	3602	90	840	0	1612
265	212	71	20	0	3642	90	0	814	1684
266	231	81	-30	2403	2563	90	663	0	1151
267	379	208	10	835	995	90	0	384	429
268	236	95	30	0	3669	90	0	803	1710
269	386	344	20	0	3659	90	0	385	616
270	189	200	-30	1989	2149	90	421	0	945
271	296	253	10	834	994	90	0	68	473
272	73	303	-10	0	3640	90	561	0	79
273	30	162	-30	0	3588	90	605	0	378
274	230	95	-20	1899	2059	90	917	0	698
275	57	131	10	0	3598	90	0	955	1639
276	379	245	-10	2773	2933	90	543	0	537
277	107	221	-30	0	3679	90	431	0	1720
278	154	458	-20	0	3595	90	951	0	1618
279	290	417	-30	0	3653	90	208	0	1641
280	272	243	-10	0	3801	90	529	0	1799
281	94	130	10	0	3628	90	0	553	1401
282	222	356	20	1608	1768	90	0	245	829
283	243	108	-20	3061	3221	90	936	0	407
284	224	93	-20	2191	2351	90	291	0	180
285	155	242	-10	0	3729	90	150	0	1709
286	440	302	-10	0	3628	90	4	0	1670
287	221	102	-30	2858	3018	90	216	0	1376
288	52	484	10	0	3518	90	0	145	1556
289	111	244	-10	2229	2389	90	875	0	1066
290	132	273	10	2203	2363	90	0	866	1121
291	228	186	20	269	429	90	0	284	180
292	221	374	-20	0	3697	90	511	0	1735
293	406	286	-10	3314	3474	90	714	0	1568
294	390	9	30	1263	1423	90	0	381	572
295	335	52	-20	0	3609	90	44	0	658
296	189	368	20	144	304	90	0	542	85
297	397	40	40	2491	2651	90	0	621	1197
298	408	305	10	0	3657	90	0	670	205
299	156	434	10	0	3618	90	0	386	1409
300	180	335	-10	0	3714	90	746	0	461
301	327	483	20	2098	2258	90	0	460	1006
302	363	62	20	0	3605	90	0	2	1647
303	375	342	10	939	1099	90	0	260	471
304	16	280	-20	0	3589	90	39	0	1630
305	277	431	30	0	3641	90	0	238	1683
306	110	241	-10	0	3684	90	108	0	86
307	48	385	20	1008	1168	90	0	152	462
308	152	260	10	0	3726	0	0	1013	1813
309	255	120	10	130	290	90	0	738	79
310	214	382	30	0	3688	90	0	731	1444
311	414	384	10	0	3613	90	0	805	1654
312	232	378	20	2194	2354	90	0	80	1112
313	80	141	-10	494	654	90	422	0	179
314	188	330	-10	0	3723	90	96	0	1709
315	157	192	-20	3210	3370	90	383	0	79
316	101	237	-20	1831	1991	90	337	0	868
317	74	360	40	2856	3016	90	0	248	1404
318	267	260	20	0	3805	90	0	362	710
319	378	46	-20	0	3584	90	201	0	1612
320	420	311	-30	893	1053	90	589	0	79
321	384	217	-30	1809	1969	90	717	0	768
322	418	300	-30	611	771	90	835	0	85
323	356	77	-10	2249	2409	90	534	0	1055
324	253	244	-30	0	3818	90	345	0	137
325	323	258	10	0	3751	90	0	573	707
326	293	454	-20	0	3616	90	847	0	1656
327	231	97	20	0	3670	90	0	752	1710
328	316	234	10	2661	2821	90	0	675	1376
329	207	196	20	2565	2725	90	0	708	1327
330	321	228	30	0	3750	90	0	902	1465
331	382	17	-20	1734	1894	90	205	0	767
332	206	326	-20	0	3737	90	526	0	1764
333	198	284	-30	0	3762	90	367	0	1732
334	137	186	-20	2912	3072	90	683	0	1391
335	229	396	-10	2882	3042	90	964	0	1390
336	268	235	-20	1842	2002	90	387	0	936
337	95	243	20	0	3669	90	0	316	868
338	297	430	20	378	538	90	0	851	175
339	393	368	-30	0	3639	90	566	0	1679
340	66	391	-20	0	3593	90	57	0	577
341	189	339	-30	2863	3023	90	342	0	85
342	280	351	30	116	276	90	0	341	85
343	241	77	30	1225	1385	90	0	454	605
344	134	265	-10	2666	2826	90	795	0	1301
345	420	95	30	345	505	90	0	324	137
346	111	279	30	141	301	90	0	373	79
347	367	358	-10	2133	2293	90	148	0	711
348	239	373	-30	1905	2065	90	236	0	905
349	384	235	-20	0	3690	90	980	0	1007
350	284	360	-20	0	3709	90	653	0	1080
351	325	75	-10	2370	2530	90	219	0	1104
352	279	369	10	0	3702	90	0	827	1743
353	340	449	-20	0	3606	90	419	0	85
354	275	448	10	0	3625	90	0	979	1654
355	447	88	-30	2963	3123	90	365	0	899
356	314	279	-10	270	430	90	98	0	79
357	434	377	-10	0	3601	90	359	0	373
358	67	377	-20	0	3602	90	129	0	1623
359	370	353	10	746	906	90	0	357	373
360	57	367	-20	2169	2329	90	754	0	960
361	332	486	20	1912	2072	90	0	558	911
362	386	361	-20	1527	1687	90	318	0	710
363	55	282	40	305	465	90	0	632	133
364	317	467	20	0	3597	90	0	43	1306
365	335	54	30	1853	2013	90	0	355	899
366	348	466	-10	0	3587	90	117	0	1597
367	132	314	30	0	3690	90	0	333	1732
368	328	216	10	0	3739	90	0	745	90
369	416	48	-20	1880	2040	90	989	0	706
370	370	55	10	2886	3046	0	0	1003	1408
371	149	434	-10	0	3615	90	253	0	1636
372	466	169	-30	2502	2662	90	171	0	1156
373	141	267	-30	0	3714	90	346	0	79
374	258	350	20	1822	1982	90	0	20	940
375	428	312	-30	0	3636	90	993	0	1678
376	211	188	10	0	3751	0	0	1010	1838
377	50	343	-30	0	3604	90	467	0	1000
378	107	311	-10	2813	2973	90	243	0	805
379	178	441	20	0	3620	90	0	572	363
380	232	85	10	2309	2469	90	0	761	1151
381	391	23	-30	0	3557	90	294	0	572
382	137	227	20	0	3709	90	0	74	1153
383	161	203	20	100	260	90	0	315	79
384	363	212	-10	3274	3434	90	267	0	429
385	384	346	-20	1331	1491	90	269	0	616
386	166	434	-10	2965	3125	90	299	0	1409
387	274	248	20	0	3800	90	0	336	936
388	156	421	30	0	3629	90	0	728	1671
389	346	211	10	0	3721	90	0	819	1486
390	265	358	20	1352	1512	90	0	237	701
391	96	407	20	0	3605	90	0	841	1418
392	443	70	-20	2464	2624	90	147	0	551
393	125	212	-30	0	3694	90	587	0	181
394	361	337	50	363	523	90	0	446	190
395	322	78	-20	2464	2624	90	732	0	1162
396	481	156	20	1600	1760	90	0	66	755
397	188	293	30	0	3749	90	0	781	1781
398	76	408	30	0	3589	90	0	255	1632
399	130	304	-10	3175	3335	90	812	0	1528
400	378	363	-20	0	3654	90	507	0	1461
401	185	301	20	1330	1490	90	0	671	703
402	385	235	-10	2581	2741	90	136	0	820
403	261	350	-30	0	3724	90	67	0	315
404	389	33	-10	0	3567	90	416	0	1593
405	151	214	-30	511	671	90	252	0	84
406	265	94	10	258	418	90	0	240	130
407	65	164	-10	2595	2755	90	480	0	1222
408	293	81	10	174	334	90	0	749	79
409	363	55	-20	2983	3143	90	465	0	1377
410	465	176	-30	0	3597	90	49	0	134
411	428	298	-10	1654	1814	90	870	0	765
412	75	379	-20	0	3607	90	426	0	417
413	404	378	-20	0	3624	90	580	0	282
414	203	203	-30	0	3758	90	461	0	1424
415	259	88	20	0	3662	90	0	843	1696
416	362	17	10	0	3566	90	0	404	1593
417	320	258	20	564	724	90	0	56	326
418	59	358	20	2358	2518	90	0	947	1149
419	316	453	20	224	384	90	0	353	85
420	225	192	20	74	234	90	0	539	85
421	140	206	30	0	3706	90	0	270	945
422	83	151	10	0	3630	90	0	313	179
423	366	196	-20	0	3697	90	871	0	1612
424	108	245	20	0	3682	90	0	228	924
425	129	267	10	2480	2640	90	0	102	1258
426	57	379	20	907	1067	90	0	412	417
427	329	56	-30	1457	1617	90	861	0	413
428	213	363	-20	0	3706	90	974	0	661
429	76	391	30	0	3601	90	0	915	1631
430	330	259	30	1231	1391	90	0	603	655
431	136	217	30	0	3706	90	0	277	1720
432	165	333	20	0	3706	90	0	829	1748
433	160	431	-20	0	3622	90	197	0	130
434	338	489	-20	1308	1468	90	730	0	561
435	335	64	-10	0	3620	90	693	0	720
436	412	361	10	1748	1908	90	0	221	855
437	259	90	30	0	3664	90	0	204	1670
438	265	77	20	0	3651	0	0	1008	1738
439	460	173	20	2887	3047	90	0	81	1411
440	83	301	-20	0	3650	90	786	0	1638
441	201	331	-20	0	3730	90	668	0	1087
442	118	214	-20	0	3688	90	538	0	1719
443	395	30	-10	2796	2956	90	244	0	1291
444	125	444	-10	1997	2157	90	258	0	903
445	283	248	-10	0	3791	90	767	0	276
446	391	334	-50	1047	1207	90	394	0	190
447	212	215	-30	3160	3320	90	968	0	1377
448	276	428	-20	1048	1208	90	810	0	466
449	96	152	20	0	3642	90	0	484	1640
450	425	85	10	0	3584	90	0	139	1569
451	336	7	10	0	3567	90	0	910	951
452	196	219	-10	3054	3214	90	528	0	1513
453	210	94	-10	997	1157	90	999	0	452
454	310	81	-30	0	3645	90	343	0	605
455	341	37	20	434	594	90	0	678	181
456	344	478	-30	2296	2456	90	991	0	1052
457	406	37	40	275	435	90	0	953	85
458	69	346	-10	0	3620	90	698	0	1654
459	80	376	40	407	567	90	0	256	177
460	314	449	-20	0	3615	90	301	0	1006
461	209	201	30	2753	2913	90	0	414	1424
462	88	379	20	689	849	90	0	198	320
463	352	500	30	1505	1665	90	0	826	697
464	65	357	-10	0	3611	90	657	0	1636
465	345	15	20	0	3571	90	0	409	1377
466	125	245	-20	3002	3162	90	696	0	1468
467	52	369	30	2073	2233	90	0	377	1000
468	449	140	-20	730	890	90	134	0	235
469	430	310	30	0	3635	0	0	1007	1722
470	109	325	-10	0	3665	90	51	0	1153
471	446	139	-10	0	3599	90	988	0	1605
472	229	214	20	41	201	90	0	637	79
473	197	301	10	0	3751	90	0	872	1790
474	146	245	-10	0	3720	90	994	0	779
475	401	368	20	664	824	90	0	79	316
476	116	259	-30	2613	2773	90	777	0	428
477	374	55	30	2792	2952	90	0	759	1360
478	249	251	-20	3036	3196	90	804	0	1478
479	325	490	10	0	3573	90	0	874	1607
480	59	159	10	0	3613	90	0	407	1222
481	186	177	20	1361	1521	90	0	736	711
482	319	229	-10	0	3752	90	591	0	802
483	26	269	30	0	3600	90	0	928	948
484	53	139	-20	0	3598	90	449	0	1640
485	471	154	-10	0	3584	90	155	0	1625
486	301	247	10	0	3773	90	0	36	1106
487	388	220	-20	0	3683	90	729	0	277
488	235	81	20	0	3655	90	0	773	839
489	347	479	-20	2389	2549	90	735	0	1089
490	367	59	-10	0	3601	90	952	0	1000
491	261	370	30	1069	1229	90	0	816	554
492	441	287	-20	0	3630	90	123	0	1141
493	44	153	30	0	3597	90	0	158	1638
494	263	351	10	1545	1705	90	0	261	801
495	444	157	10	215	375	90	0	30	79
496	374	17	-20	0	3561	90	576	0	282
497	448	295	-30	0	3621	90	520	0	344
498	446	297	10	2232	2392	90	0	46	1095
499	347	40	-20	0	3593	90	655	0	861
500	318	493	10	825	985	90	0	549	366
501	399	352	10	1260	1420	90	0	800	619
502	51	364	-20	1887	2047	90	763	0	846
503	250	217	-30	2534	2694	90	976	0	1249
504	107	225	30	440	600	90	0	563	227
505	173	208	-20	0	3737	90	18	0	1530
506	204	189	-20	0	3748	90	231	0	1717
507	399	379	20	2960	3120	90	0	400	1461
508	79	346	10	0	3628	90	0	906	1671
509	360	338	10	272	432	90	0	230	145
510	390	17	-10	0	3553	90	727	0	1581
511	207	337	20	0	3727	90	0	292	1735
512	409	361	30	0	3631	90	0	54	857
513	206	377	20	559	719	90	0	807	292
514	429	294	-30	0	3640	90	931	0	1669
515	375	31	-10	2185	2345	90	876	0	989
516	426	80	-30	0	3580	90	518	0	1574
517	74	374	20	0	3609	90	0	734	1649
518	408	20	30	0	3545	90	0	516	1574
519	239	369	-30	1811	1971	90	126	0	735
520	420	308	30	709	869	90	0	497	344
521	254	357	-30	0	3717	90	23	0	760
522	53	297	-20	0	3622	90	6	0	1447
523	434	382	-10	0	3598	90	537	0	1638
524	204	171	20	0	3733	90	0	984	1704
525	173	169	-10	1558	1718	90	623	0	756
526	190	332	20	0	3723	90	0	332	1764
527	274	231	30	0	3794	90	0	633	1836
528	207	194	10	0	3754	90	0	452	1513
529	315	232	10	0	3757	90	0	280	1799
530	425	87	20	444	604	90	0	863	182
531	312	64	20	582	742	90	0	254	272
532	129	244	30	2908	3068	90	0	842	1473
533	278	230	-30	0	3790	90	789	0	752
534	351	75	10	0	3622	90	0	323	1055
535	185	293	10	0	3747	90	0	755	1076
536	364	364	20	0	3663	90	0	702	1705
537	432	369	10	0	3607	90	0	523	1638
538	128	249	20	0	3702	90	0	442	1719
539	221	179	-20	369	529	90	420	0	85
540	194	296	20	0	3752	90	0	973	988
541	413	350	10	0	3633	90	0	89	1511
542	214	372	-20	0	3697	90	296	0	85
543	379	229	10	1045	1205	90	0	276	537
544	91	298	-10	2013	2173	90	595	0	944
545	226	120	30	0	3692	90	0	788	1059
546	344	46	-40	1660	1820	90	143	0	746
547	238	84	10	1634	1794	90	0	779	813
548	138	276	-20	1915	2075	90	191	0	887
549	346	487	-10	1808	1968	90	500	0	366
550	95	160	10	0	3645	90	0	914	283
551	103	266	30	1062	1222	90	0	604	537
552	98	286	-10	0	3668	90	112	0	1658
553	77	172	-10	2976	3136	90	281	0	1401
554	147	199	30	308	468	90	0	599	176
555	210	98	10	0	3667	90	0	920	1190
556	428	292	-30	0	3642	90	611	0	1546
557	121	236	-20	2034	2194	90	855	0	960
558	336	479	-20	0	3580	90	361	0	911
559	203	369	-20	841	1001	90	596	0	382
560	296	232	10	1268	1428	90	0	153	689
561	87	369	10	201	361	90	0	272	79
562	247	88	30	1924	2084	90	0	617	960
563	104	246	-30	1353	1513	90	504	0	227
564	67	302	-20	2493	2653	90	839	0	577
565	114	296	-20	0	3681	90	626	0	1671
566	394	356	30	0	3646	90	0	339	1679
567	192	306	20	1523	1683	90	0	194	801
568	16	285	30	2492	2652	90	0	113	1207
569	419	310	-20	0	3645	90	110	0	137
570	389	221	10	0	3683	0	0	1011	1770
571	129	264	20	0	3703	90	0	740	1741
572	172	483	-20	904	1064	90	379	0	363
573	325	251	-10	1425	1585	90	325	0	707
574	151	436	-20	2386	2546	90	888	0	1122
575	263	91	20	0	3665	90	0	869	1700
576	401	15	20	685	845	90	0	496	282
577	253	382	-10	3090	3250	90	31	0	1397
578	247	89	20	2015	2175	90	0	899	1006
579	283	229	-20	0	3785	90	5	0	1613
580	366	341	20	553	713	90	0	413	282
581	392	213	20	2092	2252	90	0	934	1052
582	167	304	20	207	367	90	0	149	133
583	477	154	10	1506	1666	90	0	725	709
584	234	383	-20	0	3691	90	225	0	1592
585	199	327	-10	0	3732	90	948	0	1503
586	140	220	30	0	3710	90	0	176	763
587	144	266	30	311	471	90	0	393	181
588	432	105	-10	0	3592	90	131	0	1598
589	368	325	30	139	299	90	0	320	79
590	202	386	20	0	3680	90	0	775	1095
591	325	246	10	1520	1680	90	0	482	802
592	430	86	-20	0	3581	90	88	0	85
593	200	195	-20	0	3750	90	104	0	1728
594	440	295	30	2136	2296	90	0	667	1050
595	77	287	10	1905	2065	90	0	544	944
596	187	362	20	0	3696	90	0	559	382
597	131	207	-20	0	3698	90	166	0	652
598	405	5	20	786	946	90	0	864	328
599	125	226	-30	1389	1549	90	554	0	176
600	254	335	-30	3013	3173	90	878	0	1466
601	212	168	20	860	1020	90	0	926	464
602	281	279	-20	0	3782	90	649	0	1465
603	326	241	-30	1615	1775	90	430	0	655
604	152	241	-30	0	3726	90	551	0	537
605	71	139	30	807	967	90	0	273	378
606	46	277	10	589	749	90	0	156	271
607	393	13	20	1358	1518	90	0	700	620
608	87	454	-10	882	1042	90	877	0	325
609	86	359	-20	0	3628	90	82	0	1670
610	220	192	-30	0	3759	90	638	0	1712
611	426	279	30	3112	3272	90	0	556	1546
612	131	267	-40	0	3704	90	923	0	795
613	200	297	30	553	713	90	0	220	322
614	299	442	-20	1904	2064	90	782	0	887
615	265	218	20	2429	2589	0	0	1016	1276
616	398	231	20	2296	2456	90	0	946	1153
617	312	74	-30	0	3638	90	562	0	960
618	99	307	20	0	3663	90	0	997	1705
619	22	283	-20	0	3594	90	833	0	1636
620	67	160	-10	2690	2850	90	992	0	622
621	390	42	-40	2588	2748	90	297	0	1197
622	44	279	10	0	3616	90	0	737	1004
623	200	182	10	0	3740	90	0	525	756
624	458	303	-20	0	3610	90	966	0	1191
625	298	438	-30	567	727	90	929	0	130
626	62	301	20	0	3630	90	0	565	1671
627	112	251	10	0	3686	90	0	694	1728
628	184	354	30	0	3701	90	0	783	461
629	140	180	-40	0	3694	90	94	0	333
630	269	428	-10	1145	1305	90	981	0	363
631	123	206	-20	1885	2045	90	983	0	909
632	36	284	-40	0	3608	90	363	0	133
633	272	233	-30	0	3797	90	527	0	1836
634	320	231	-10	2384	2544	90	901	0	561
635	211	180	20	758	918	90	0	103	418
636	114	169	20	2612	2772	90	0	970	1306
637	245	239	-20	2933	3093	90	472	0	79
638	117	204	30	0	3684	90	0	610	1712
639	316	254	-20	0	3758	90	739	0	1797
640	169	443	30	500	660	90	0	941	225
641	212	96	10	0	3666	90	0	140	1296
642	119	285	40	0	3689	90	0	90	1729
643	71	163	20	0	3625	90	0	151	1660
644	78	361	-20	0	3620	90	62	0	84
645	354	219	-30	3375	3535	90	756	0	1642
646	389	233	-20	0	3684	90	748	0	1725
647	90	391	10	541	701	90	0	937	243
648	209	307	-10	1811	1971	90	142	0	753
649	363	351	20	2923	3083	90	0	602	1465
650	405	47	10	255	415	90	0	885	79
651	278	329	-30	0	3741	90	78	0	1748
652	261	371	20	0	3703	90	0	882	1735
653	302	470	20	2227	2387	90	0	350	1080
654	373	205	40	0	3694	90	0	64	1724
655	381	20	20	1828	1988	90	0	499	861
656	90	277	-10	662	822	90	41	0	235
657	46	341	10	0	3601	90	0	464	1636
658	50	138	-10	0	3595	90	677	0	816
659	61	437	20	265	425	90	0	758	79
660	331	252	-10	0	3743	90	921	0	177
661	440	81	-10	0	3570	90	935	0	131
662	384	206	20	739	899	90	0	686	378
663	232	87	30	0	3661	90	0	266	1151
664	59	471	20	0	3532	90	0	232	865
665	174	304	20	110	270	90	0	199	88
666	106	248	20	0	3680	90	0	60	1721
667	410	287	-30	0	3660	90	594	0	1050
668	206	313	20	2091	2251	90	0	441	1087
669	412	367	20	960	1120	90	0	26	460
670	412	300	-10	515	675	90	298	0	205
671	206	295	-20	2809	2969	90	401	0	703
672	329	459	10	0	3601	90	0	120	1619
673	177	436	20	199	359	90	0	111	79
674	266	264	30	0	3803	0	0	1006	1890
675	308	235	-10	3135	3295	90	328	0	1376
676	260	330	-10	3203	3363	90	15	0	1486
677	49	136	10	1705	1865	90	0	658	816
678	356	28	-20	1000	1160	90	455	0	181
679	428	384	10	0	3602	90	0	16	1190
680	220	362	20	1331	1491	90	0	962	687
681	437	61	-20	0	3559	90	32	0	1595
682	365	360	20	0	3665	90	0	939	1700
683	107	168	20	0	3660	90	0	334	1391
684	220	177	20	0	3746	90	0	1	1712
685	347	21	-30	1386	1546	90	77	0	79
686	293	245	-20	0	3781	90	662	0	378
687	267	436	-30	3007	3167	90	858	0	221
688	216	96	-10	0	3667	90	247	0	1706
689	383	351	20	167	327	90	0	262	79
690	289	240	20	0	3784	0	0	1015	1871
691	129	185	-20	2814	2974	90	893	0	1350
692	291	450	-20	2705	2865	90	744	0	1284
693	387	21	10	1548	1708	90	0	435	720
694	116	255	-10	0	3690	90	627	0	1728
695	50	368	30	0	3592	0	0	1005	1679
696	121	249	20	0	3695	90	0	466	1468
697	404	346	-30	0	3643	90	132	0	270
698	77	360	10	0	3619	90	0	458	1654
699	447	102	10	0	3578	90	0	13	1620
700	366	16	-20	0	3563	90	607	0	620
701	348	16	-20	1780	1940	90	894	0	795
702	353	346	-20	0	3684	90	536	0	1705
703	54	485	-10	1773	1933	90	217	0	768
704	319	77	30	0	3638	90	0	58	1656
705	83	282	-30	1532	1692	90	100	0	694
706	384	24	-40	2601	2761	90	223	0	1186
707	52	469	-30	1387	1547	90	10	0	436
708	199	200	-20	2945	3105	90	329	0	1327
709	273	234	-10	0	3796	90	942	0	1818
710	16	281	-20	0	3588	90	938	0	1627
711	151	442	-20	0	3608	90	857	0	710
712	223	114	-20	332	492	90	12	0	79
713	191	308	-20	0	3742	90	865	0	1784
714	448	297	10	0	3621	90	0	293	1568
715	386	28	20	2507	2667	90	0	849	1203
716	106	295	-10	0	3674	90	214	0	1705
717	387	224	30	1517	1677	90	0	321	768
718	96	377	10	0	3625	90	0	251	460
719	86	361	-10	3347	3507	90	234	0	1578
720	211	107	10	531	691	90	0	188	271
721	43	125	-20	1603	1763	90	17	0	714
722	369	351	20	0	3668	90	0	159	664
723	388	228	10	1235	1395	90	0	69	627
724	325	228	20	1810	1970	90	0	19	945
725	490	159	-10	1897	2057	90	583	0	709
726	420	78	20	0	3583	90	0	190	1428
727	396	4	10	0	3538	90	0	510	1581
728	222	317	-30	0	3752	90	388	0	1671
729	389	198	20	543	703	90	0	487	277
730	322	454	20	0	3608	90	0	434	561
731	241	391	-30	2985	3145	90	310	0	1444
732	256	117	20	0	3691	90	0	395	1162
733	298	255	10	0	3776	90	0	215	1404
734	74	363	-20	0	3615	90	517	0	1649
735	345	496	20	0	3561	90	0	489	1089
736	167	169	-20	1654	1814	90	481	0	711
737	23	306	-10	2182	2342	90	622	0	1004
738	317	62	-10	0	3625	90	309	0	79
739	319	257	20	0	3755	90	0	639	1797
740	129	255	-20	0	3703	90	571	0	1741
741	59	377	-20	2088	2248	90	895	0	553
742	138	272	-30	1821	1981	90	196	0	749
743	317	251	30	940	1100	90	0	975	516
744	279	436	20	0	3636	90	0	692	1284
745	371	207	-10	241	401	90	368	0	90
746	263	372	10	886	1046	90	0	300	461
747	50	347	10	0	3602	90	0	873	1624
748	275	236	20	0	3796	90	0	646	1725
749	334	47	-10	331	491	90	408	0	79
750	50	383	-20	1889	2049	90	24	0	856
751	170	338	-10	2284	2444	90	73	0	130
752	245	109	-20	0	3683	90	327	0	1710
753	69	475	30	1189	1349	90	0	125	530
754	54	372	20	1991	2151	90	0	360	960
755	198	334	-10	2203	2363	90	535	0	1076
756	380	228	30	0	3693	90	0	645	1642
757	425	118	10	219	379	90	0	830	79
758	80	398	-20	0	3599	90	659	0	79
759	366	57	-30	3076	3236	90	477	0	1360
760	67	463	30	584	744	90	0	235	231
761	226	86	-10	2595	2755	90	380	0	1151
762	59	480	-20	1583	1743	90	801	0	670
763	40	378	20	0	3579	90	0	502	846
764	250	367	-10	2113	2273	90	146	0	1022
765	157	436	-20	0	3617	90	780	0	1306
766	463	161	-10	2403	2563	90	908	0	422
767	266	250	10	409	569	90	0	445	276
768	51	162	-30	2213	2373	90	963	0	1022
769	194	353	-10	0	3707	90	141	0	240
770	383	41	-20	2685	2845	90	909	0	365
771	247	82	-20	0	3656	90	924	0	1694
772	457	142	20	829	989	90	0	818	377
773	244	94	-20	1795	1955	90	488	0	839
774	441	63	-30	0	3557	90	785	0	1597
775	244	371	-20	2310	2470	90	590	0	1095
776	174	444	10	0	3616	90	0	904	1641
777	94	247	30	853	1013	90	0	476	428
778	320	225	20	0	3750	90	0	128	1277
779	316	80	-10	0	3642	90	547	0	813
780	155	447	20	2672	2832	90	0	765	1306
781	211	308	-30	0	3755	90	397	0	1781
782	297	442	20	1812	1972	90	0	614	887
783	200	342	-30	997	1157	90	628	0	461
784	44	325	-30	3181	3341	90	154	0	1491
785	438	60	30	0	3557	90	0	774	1597
786	80	374	20	0	3614	90	0	440	1638
787	59	163	-20	2311	2471	90	121	0	480
788	236	92	-30	2210	2370	90	545	0	1059
789	414	66	30	1592	1752	90	0	533	752
790	34	279	-10	0	3607	90	821	0	178
791	475	156	-20	0	3581	90	65	0	945
792	404	310	-10	0	3659	90	130	0	236
793	367	239	-10	0	3707	90	179	0	1644
794	210	359	-20	1568	1728	90	797	0	746
795	133	278	10	0	3704	90	0	344	1301
796	446	169	10	0	3612	90	0	173	1646
797	188	356	20	0	3702	90	0	794	746
798	312	252	-20	845	1005	90	967	0	419
799	69	485	10	0	3528	90	0	160	1568
800	413	353	-10	1650	1810	90	501	0	619
801	54	446	20	0	3547	90	0	762	670
802	56	357	-10	0	3603	90	87	0	1641
803	230	105	-30	0	3678	90	268	0	1710
804	196	302	20	0	3750	90	0	478	1478
805	391	373	-10	0	3637	90	311	0	1654
806	101	295	30	0	3669	90	0	50	1711
807	234	350	-20	2617	2777	90	513	0	292
808	215	108	20	2760	2920	90	0	8	1386
809	142	457	-10	0	3591	90	45	0	1593
810	283	425	20	0	3646	90	0	448	466
811	77	397	-30	919	1079	90	905	0	379
812	105	317	10	0	3665	90	0	399	1528
813	382	213	-10	1715	1875	90	213	0	809
814	213	76	-20	0	3647	90	265	0	1684
815	417	56	20	0	3569	90	0	957	1601
816	183	340	-30	0	3712	90	491	0	554
817	123	242	-20	3190	3350	90	930	0	1564
818	475	136	-20	1029	1189	90	772	0	377
819	377	246	-10	3054	3214	90	389	0	1486
820	310	484	30	626	786	90	0	242	272
821	47	280	10	403	563	90	0	790	178
822	57	456	20	388	548	90	0	137	132
823	313	266	20	373	533	90	0	844	234
824	475	145	30	0	3576	90	0	144	749
825	400	376	-10	0	3629	90	195	0	801
826	290	416	-30	0	3654	90	463	0	697
827	277	369	-10	0	3702	90	352	0	1743
828	91	303	-20	0	3657	90	3	0	715
829	194	301	-20	0	3749	90	432	0	1748
830	254	238	-10	0	3812	90	757	0	79
831	215	91	-10	0	3662	90	886	0	758
832	500	162	20	2088	2248	90	0	954	991
833	56	287	20	0	3627	90	0	619	1636
834	289	452	-10	0	3619	90	969	0	1032
835	378	326	30	160	320	90	0	322	85
836	197	350	30	1186	1346	90	0	118	616
837	243	88	-40	1731	1891	90	203	0	813
838	250	72	-20	1125	1285	90	210	0	85
839	101	290	20	1150	1310	90	0	564	577
840	351	480	30	0	3573	90	0	264	1612
841	67	357	-20	3044	3204	90	391	0	1418
842	128	240	-30	3285	3445	90	532	0	1473
843	253	81	-20	0	3655	90	415	0	1696
844	307	227	-20	2853	3013	90	823	0	234
845	233	441	-20	0	3633	90	226	0	1541
846	311	47	-20	0	3613	90	63	0	462
847	292	456	20	0	3614	90	0	326	1656
848	183	187	-30	0	3733	90	987	0	526
849	392	31	-20	2890	3050	90	715	0	1203
850	103	251	10	0	3677	90	0	122	1718
851	300	443	-20	1996	2156	90	338	0	175
852	420	295	-20	0	3649	90	995	0	1674
853	427	64	-40	1292	1452	90	233	0	409
854	372	354	-10	0	3664	90	106	0	569
855	101	263	20	0	3675	90	0	557	960
856	141	454	20	1686	1846	90	0	127	807
857	146	461	20	1497	1657	90	0	711	710
858	298	430	30	469	629	90	0	687	221
859	148	270	10	119	279	90	0	101	87
860	76	287	20	1814	1974	90	0	925	898
861	308	55	30	871	1031	90	0	427	413
862	143	257	-10	501	661	90	14	0	226
863	393	2	-20	979	1139	90	530	0	182
864	385	28	-20	0	3565	90	598	0	328
865	204	291	20	0	3763	90	0	713	1784
866	132	272	-10	0	3704	90	290	0	1121
867	206	379	-20	0	3688	90	940	0	1719
868	69	383	10	0	3600	90	0	977	1432
869	245	96	-20	0	3670	90	575	0	1700
870	431	301	10	0	3636	90	0	411	765
871	448	94	20	0	3572	90	0	423	1612
872	199	305	-10	0	3749	90	473	0	1790
873	95	356	-10	3447	3607	90	747	0	1624
874	328	498	-10	0	3565	90	479	0	1607
875	108	222	10	0	3680	90	0	289	1066
876	341	26	10	0	3583	90	0	515	989
877	63	454	10	0	3548	90	0	608	325
878	222	357	30	0	3714	90	0	600	1466
879	416	364	-30	0	3623	90	889	0	1663
880	127	278	10	2106	2266	90	0	25	1069
881	140	252	20	0	3714	90	0	27	523
882	218	298	-20	0	3767	90	652	0	1735
883	432	87	-10	2858	3018	90	72	0	1323
884	216	300	30	0	3764	0	0	1014	1851
885	438	72	-10	1098	1258	90	650	0	79
886	184	178	10	1454	1614	90	0	831	758
887	345	468	-10	2677	2837	90	175	0	1237
888	150	435	20	0	3614	90	0	574	1122
889	395	365	30	0	3639	90	0	879	1663
890	208	371	20	655	815	90	0	47	343
891	190	292	10	745	905	90	0	959	415
892	78	479	30	1089	1249	90	0	209	481
893	104	198	20	0	3670	90	0	691	1350
894	346	13	20	1686	1846	90	0	701	795
895	47	388	20	1193	1353	90	0	741	553
896	315	57	20	0	3621	90	0	211	1650
897	110	199	-10	0	3675	90	59	0	1717
898	323	60	-20	0	3621	90	224	0	368
899	308	82	-20	0	3647	90	578	0	1006
900	216	374	30	1035	1195	90	0	182	533
901	326	253	10	1039	1199	90	0	634	561
902	308	232	-30	2948	3108	90	330	0	1465
903	118	223	10	339	499	90	0	943	182
904	149	444	-10	0	3606	90	776	0	1641
905	95	395	30	0	3612	90	0	811	379
906	117	319	-10	0	3675	90	508	0	1671
907	262	352	-10	0	3722	90	960	0	1751
908	468	135	10	932	1092	90	0	766	422
909	351	31	20	813	973	90	0	770	365
910	361	15	-10	2118	2278	90	451	0	951
911	195	300	10	0	3750	90	0	202	1144
912	397	27	20	0	3557	90	0	52	896
913	179	311	10	0	3731	90	0	99	1714
914	77	133	-10	709	869	90	550	0	283
915	66	397	-30	0	3589	90	429	0	1631
916	366	352	-10	2830	2990	90	185	0	1370
917	221	87	20	1403	1563	90	0	274	698
918	347	23	-20	0	3578	90	124	0	1620
919	176	358	10	2075	2235	90	0	35	1052
920	229	78	-10	2496	2656	90	555	0	1190
921	272	246	10	218	378	90	0	660	177
922	293	67	20	0	3637	90	0	932	1675
923	140	265	40	1543	1703	90	0	612	795
924	238	83	20	0	3657	90	0	771	1694
925	136	296	-20	0	3702	90	860	0	898
926	218	98	-20	2002	2162	90	601	0	464
927	290	440	40	1621	1781	90	0	42	793
928	29	302	-30	2085	2245	90	483	0	948
929	290	425	30	280	440	90	0	625	130
930	124	247	20	0	3698	90	0	817	1564
931	442	287	30	0	3629	90	0	514	1669
932	294	64	-20	0	3633	90	922	0	1675
933	74	165	-20	0	3629	90	985	0	714
934	382	245	-20	2959	3119	90	581	0	1052
935	405	24	10	378	538	90	0	661	131
936	211	97	20	812	972	90	0	283	407
937	88	390	-10	0	3610	90	647	0	243
938	37	295	20	0	3607	90	0	710	1627
939	359	371	-20	0	3662	90	682	0	1700
940	186	372	20	0	3687	90	0	867	1719
941	116	446	-30	1898	2058	90	640	0	225
942	293	249	10	0	3781	90	0	709	1818
943	83	228	-10	0	3656	90	903	0	182
944	96	269	10	0	3669	90	0	37	236
945	179	284	-10	0	3746	90	55	0	1692
946	368	219	-20	0	3702	90	616	0	1153
947	66	359	-20	3157	3317	90	418	0	1149
948	189	338	10	2954	3114	90	0	585	1503
949	163	277	10	0	3733	90	0	189	88
950	5	296	10	0	3575	0	0	1004	1662
951	152	478	20	0	3576	90	0	278	1618
952	366	34	10	2086	2246	90	0	490	1000
953	429	80	-40	0	3578	90	457	0	85
954	464	178	-20	2691	2851	90	832	0	991
955	138	196	-10	0	3700	90	275	0	1639
956	87	481	-30	2733	2893	90	181	0	335
957	425	99	-20	0	3593	90	815	0	1601
958	241	362	10	2410	2570	0	0	1009	1228
959	207	289	-10	2997	3157	90	891	0	415
960	264	365	10	0	3709	90	0	907	1751
961	102	289	-10	1242	1402	90	257	0	270
962	233	346	-20	2711	2871	90	680	0	687
963	78	141	30	0	3621	90	0	768	1022
964	196	348	10	0	3713	90	0	335	1390
965	216	92	-20	2382	2542	90	971	0	1137
966	444	309	20	2425	2585	90	0	624	1191
967	313	263	20	0	3760	90	0	798	419
968	211	198	30	2660	2820	90	0	447	1377
969	314	436	10	2101	2261	90	0	834	1032
970	217	189	-20	0	3755	90	636	0	1306
971	197	178	20	0	3735	90	0	965	1137
972	60	497	10	0	3513	90	0	207	1553
973	206	312	-20	2000	2160	90	540	0	988
974	197	351	20	1277	1437	90	0	428	661
975	305	233	-30	3041	3201	90	743	0	516
976	297	250	30	0	3777	90	0	503	1249
977	71	348	-10	3055	3215	90	868	0	1432
978	11	269	10	1110	1270	90	0	22	515
979	247	447	-10	0	3627	90	354	0	1654
980	386	213	20	1996	2156	90	0	349	1007
981	292	434	10	755	915	90	0	630	363
982	436	301	20	0	3632	90	0	85	957
983	145	221	20	0	3716	90	0	631	909
984	224	96	-20	0	3668	90	524	0	1704
985	59	128	20	1496	1656	90	0	933	714
986	489	150	50	0	3565	0	0	1002	1652
987	152	225	30	994	1154	90	0	848	526
988	426	85	10	0	3583	90	0	471	1605
989	415	73	20	1495	1655	90	0	369	706
990	440	70	-30	2371	2531	90	107	0	224
991	320	476	30	0	3588	90	0	456	1052
992	57	132	10	1312	1472	90	0	620	622
993	405	311	30	0	3658	90	0	375	1678
994	109	250	10	1540	1700	90	0	474	779
995	428	314	20	0	3635	90	0	852	1674
996	40	288	20	1793	1953	90	0	186	869
997	175	282	-20	0	3743	90	618	0	1705
998	298	456	30	0	3613	90	0	200	1140
999	208	101	10	0	3670	90	0	453	452
1000	342	52	-10	0	3606	90	164	0	1631
1001	305	212	-20	0	3758	90	249	0	1845
1002	489	150	-50	0	3565	90	986	0	1652
1003	370	55	-10	2886	3046	90	370	0	1408
1004	5	296	-10	0	3575	90	950	0	1662
1005	50	368	-30	0	3592	90	695	0	1679
1006	266	264	-30	0	3803	90	674	0	1890
1007	430	310	-30	0	3635	90	469	0	1722
1008	265	77	-20	0	3651	90	438	0	1738
1009	241	362	-10	2410	2570	90	958	0	1228
1010	211	188	-10	0	3751	90	376	0	1838
1011	389	221	-10	0	3683	90	570	0	1770
1012	251	376	-10	3186	3346	90	157	0	1609
1013	152	260	-10	0	3726	90	308	0	1813
1014	216	300	-30	0	3764	90	884	0	1851
1015	289	240	-20	0	3784	90	690	0	1871
1016	265	218	-20	2429	2589	90	615	0	1276

