250	700	1
0	250	250	0	0	3914	0	0	0
1	212	101	-10	2662	2822	90	247	0	2472
2	266	231	-10	1936	2096	90	921	0	355
3	89	284	-20	1436	1596	90	961	0	1248
4	430	298	-10	1562	1722	90	375	0	1055
5	435	77	20	1002	1162	0	0	1012	908
6	25	293	-30	2964	3124	90	7	0	639
7	43	269	30	687	847	90	0	6	639
8	216	117	10	429	589	90	0	917	451
9	294	437	30	661	821	90	0	810	628
10	79	479	30	998	1158	90	0	125	872
11	365	18	20	2213	2373	90	0	381	2114
12	225	125	20	127	287	90	0	274	0
13	448	103	-10	3343	3503	90	757	0	159
14	143	266	10	402	562	90	0	101	453
15	252	347	-20	2911	3071	90	764	0	2156
16	403	390	-30	2560	2720	90	132	0	541
17	67	153	20	912	1072	90	0	480	864
18	90	168	-10	3080	3240	90	677	0	1633
19	302	235	-10	1043	1203	90	98	0	0
20	259	355	-10	1917	2077	90	352	0	539
21	149	183	20	3108	3268	0	0	1009	3146
22	19	297	20	2282	2442	90	0	154	2206
23	209	358	-20	1477	1637	90	665	0	176
24	56	388	-10	1791	1951	90	234	0	1344
25	115	269	-10	2956	3116	90	285	0	950
26	377	356	10	1846	2006	90	0	702	1840
27	113	229	30	1123	1283	90	0	612	1144
28	205	343	20	902	1062	90	0	751	0
29	48	137	-10	1797	1957	90	422	0	265
30	467	157	20	2307	2467	90	0	954	2230
31	220	394	-30	2783	2943	90	878	0	1566
32	436	54	-10	1991	2151	90	988	0	0
33	54	357	-20	1696	1856	90	786	0	448
34	456	154	10	238	398	90	0	468	170
35	216	307	-40	2516	2676	90	973	0	0
36	280	224	-10	2226	2386	90	633	0	1879
37	90	270	-10	565	725	90	50	0	179
38	166	452	20	599	759	90	0	209	540
39	17	283	20	2584	2744	90	0	522	2508
40	196	192	-20	2090	2250	90	610	0	263
41	94	275	10	469	629	90	0	860	0
42	292	445	-10	1716	1876	90	625	0	0
43	329	471	30	2783	2943	90	0	208	2708
44	326	57	20	1364	1524	90	0	617	1316
45	95	466	-20	3024	3184	90	160	0	2811
46	429	282	-20	3018	3178	90	624	0	2476
47	229	364	10	2512	2672	90	0	149	2556
48	457	160	-20	2991	3151	90	410	0	2531
49	452	154	30	332	492	90	0	65	268
50	113	289	10	162	322	90	0	37	179
51	67	387	-20	2376	2536	90	198	0	2214
52	368	17	-10	2021	2181	90	650	0	159
53	341	367	-30	2530	2690	90	589	0	159
54	410	364	30	1842	2002	90	0	523	1805
55	80	281	10	1717	1877	90	0	470	1704
56	321	224	30	2106	2266	0	0	1001	2190
57	73	395	20	1223	1383	90	0	412	1154
58	259	76	10	928	1088	90	0	920	913
59	121	203	-10	1792	1952	90	393	0	1216
60	118	256	-10	2519	2679	90	289	0	2249
61	236	361	30	1713	1873	90	0	335	1761
62	78	371	20	220	380	90	0	229	169
63	301	53	20	969	1129	90	0	435	925
64	382	197	-10	640	800	90	213	0	454
65	491	160	-30	1989	2149	90	49	0	268
66	453	164	-10	3086	3246	90	179	0	2726
67	277	371	30	595	755	90	0	907	631
68	272	212	-10	2330	2490	90	153	0	2161
69	386	218	20	1901	2061	90	0	75	1921
70	353	32	10	905	1065	90	0	678	823
71	59	389	-30	1698	1858	90	398	0	944
72	414	62	-20	1686	1846	90	957	0	176
73	278	357	10	212	372	90	0	184	261
74	101	179	20	2412	2572	90	0	231	2406
75	396	234	-20	2390	2550	90	69	0	1921
76	74	390	-10	797	957	90	257	0	540
77	332	55	30	211	371	90	0	164	159
78	272	365	30	693	853	90	0	187	735
79	418	355	-10	2037	2197	90	501	0	1239
80	216	380	-30	2300	2460	90	292	0	1162
81	440	173	10	3282	3442	90	0	139	3236
82	89	358	-10	3471	3631	90	358	0	2123
83	66	491	-20	2070	2230	90	232	0	1833
84	317	234	10	2479	2639	90	0	529	2570
85	439	297	-10	2043	2203	90	569	0	782
86	394	367	30	380	540	90	0	697	354
87	58	364	10	2262	2422	90	0	418	2198
88	290	75	20	191	351	90	0	922	171
89	346	344	-30	3212	3372	90	854	0	1940
90	131	269	-10	2388	2548	90	548	0	1960
91	236	96	20	1604	1764	90	0	283	0
92	29	282	-20	1410	1570	90	212	0	743
93	418	385	-20	2757	2917	90	262	0	1332
94	148	225	40	613	773	90	0	166	667
95	166	464	10	794	954	90	0	222	724
96	266	373	10	793	953	90	0	245	828
97	201	273	30	54	214	90	0	755	159
98	255	245	10	7	167	90	0	19	0
99	220	379	10	2394	2554	90	0	118	2421
100	85	317	-10	2607	2767	90	595	0	1888
101	125	264	-10	2855	3015	90	14	0	453
102	131	253	-10	2809	2969	90	627	0	1654
103	184	188	10	1260	1420	90	0	886	1329
104	128	209	-20	1093	1253	90	983	0	759
105	373	364	-30	3170	3330	90	512	0	1023
106	389	342	10	1145	1305	90	0	385	1138
107	420	20	30	575	735	90	0	496	448
108	132	218	10	136	296	90	0	563	173
109	32	256	10	901	1061	90	0	193	842
110	406	339	20	295	455	90	0	492	275
111	191	397	20	263	423	90	0	312	264
112	72	341	10	2866	3026	90	0	508	2826
113	35	308	-20	3072	3232	90	186	0	1927
114	169	360	-30	2172	2332	90	314	0	571
115	222	381	-30	2589	2749	90	236	0	779
116	96	292	10	862	1022	90	0	828	862
117	311	496	-20	728	888	90	730	0	263
118	220	384	-10	2683	2843	90	99	0	2421
119	259	243	20	22	182	90	0	336	170
120	349	476	10	2483	2643	90	0	366	2396
121	63	159	-30	1009	1169	90	963	0	358
122	112	243	-30	2321	2481	90	777	0	856
123	448	302	-30	2327	2487	90	320	0	0
124	343	27	20	1196	1356	90	0	404	1114
125	67	485	-30	2166	2326	90	10	0	872
126	220	359	30	1424	1584	90	0	731	1470
127	147	435	10	2111	2271	90	0	574	2059
128	317	235	-20	2570	2730	90	778	0	2099
129	43	355	-20	1595	1755	90	199	0	1415
130	368	340	10	461	621	90	0	580	472
131	450	72	-30	2561	2721	90	345	0	274
132	400	364	30	570	730	90	0	16	541
133	355	480	-10	1616	1776	90	178	0	921
134	450	153	20	533	693	90	0	439	470
135	126	188	-20	2098	2258	90	597	0	0
136	380	223	-10	1614	1774	90	570	0	1350
137	71	453	20	685	845	90	0	892	574
138	54	287	20	209	369	90	0	606	169
139	420	168	-10	3393	3553	90	81	0	3236
140	219	89	-30	2692	2852	90	204	0	1302
141	189	327	-20	420	580	90	713	0	159
142	191	309	10	1430	1590	90	0	671	1506
143	301	67	40	480	640	90	0	861	450
144	484	161	10	1696	1856	90	0	192	1605
145	77	483	-20	2539	2699	90	226	0	2311
146	241	375	-20	1998	2158	90	513	0	584
147	428	64	20	1201	1361	90	0	699	1103
148	403	361	-20	1452	1612	90	475	0	0
149	257	336	-10	3106	3266	90	47	0	2556
150	131	241	-10	3378	3538	90	740	0	2754
151	63	166	-20	2502	2662	90	768	0	2155
152	71	368	-40	3257	3417	90	317	0	2808
153	272	228	10	2033	2193	90	0	68	2161
154	25	290	-20	2871	3031	90	22	0	2206
155	441	157	10	433	593	90	0	772	380
156	13	266	20	1204	1364	90	0	737	1126
157	251	376	-10	3186	3346	90	577	0	3117
158	61	170	-30	2408	2568	90	493	0	1927
159	386	357	20	1433	1593	90	0	195	1419
160	95	475	20	2925	3085	90	0	45	2811
161	90	298	-30	2104	2264	90	346	0	159
162	71	388	20	1505	1665	90	0	947	1438
163	383	246	-20	2868	3028	90	646	0	2506
164	352	38	-30	626	786	90	77	0	159
165	395	1	30	887	1047	90	0	607	758
166	120	210	-40	1282	1442	90	94	0	667
167	46	383	30	1288	1448	90	0	747	1204
168	202	198	30	2278	2438	90	0	452	0
169	358	365	30	2326	2486	0	0	1010	2328
170	191	352	20	117	277	90	0	890	159
171	470	152	30	1226	1386	90	0	766	0
172	228	124	20	141	301	90	0	720	173
173	402	230	-10	2202	2362	90	423	0	171
174	323	229	10	1718	1878	90	0	368	0
175	331	486	-10	2003	2163	90	549	0	1712
176	112	208	-30	1601	1761	90	554	0	353
177	172	435	-20	3061	3221	90	780	0	2613
178	326	498	10	1021	1181	90	0	133	921
179	460	183	10	2787	2947	90	0	66	2726
180	95	279	20	375	535	90	0	716	377
181	76	456	30	780	940	90	0	235	670
182	242	350	-10	2811	2971	90	403	0	1788
183	152	196	-20	212	372	90	383	0	159
184	268	351	-10	1450	1610	90	73	0	261
185	360	356	-10	2733	2893	90	359	0	747
186	39	296	20	1983	2143	90	0	113	1927
187	262	368	-30	1162	1322	90	78	0	735
188	204	90	-20	1094	1254	90	712	0	353
189	149	273	20	212	372	90	0	862	268
190	446	86	10	3056	3216	90	0	871	2960
191	139	269	20	1728	1888	90	0	795	1775
192	483	170	-10	2197	2357	90	144	0	1605
193	39	278	-10	1601	1761	90	109	0	842
194	201	307	10	1713	1873	90	0	959	0
195	395	378	-20	1636	1796	90	159	0	1419
196	139	262	30	1450	1610	90	0	923	1498
197	176	447	20	311	471	90	0	572	260
198	67	380	20	2279	2439	90	0	51	2214
199	35	358	20	1497	1657	90	0	129	1415
200	294	455	-20	2426	2586	90	653	0	2160
201	351	33	-20	721	881	90	749	0	271
202	216	316	-30	2319	2479	90	872	0	1704
203	261	96	40	447	607	90	0	380	452
204	238	57	30	1336	1496	90	0	140	1302
205	383	18	-30	1643	1803	90	863	0	852
206	152	460	10	1310	1470	90	0	444	1238
207	94	479	-10	2830	2990	90	288	0	1534
208	337	453	-30	2985	3145	90	43	0	2708
209	135	460	-20	1785	1945	90	38	0	540
210	260	104	20	157	317	90	0	771	170
211	337	63	-30	2045	2205	90	546	0	1595
212	32	247	20	802	962	90	0	92	743
213	394	205	10	445	605	90	0	64	454
214	95	294	10	770	930	90	0	705	768
215	253	241	-10	2835	2995	90	560	0	1378
216	223	90	30	2787	2947	90	0	327	2784
217	64	473	10	1284	1444	90	0	263	1153
218	275	431	10	1242	1402	90	0	227	0
219	261	84	-10	734	894	90	406	0	0
220	176	296	20	1230	1390	90	0	865	1302
221	361	349	-10	3016	3176	90	916	0	2835
222	168	433	-10	3156	3316	90	95	0	724
223	394	10	-40	1169	1329	90	457	0	170
224	308	60	20	776	936	90	0	846	737
225	94	456	-40	3124	3284	90	608	0	780
226	73	484	20	2445	2605	90	0	145	2311
227	277	434	-10	1427	1587	90	218	0	0
228	119	232	-30	1939	2099	90	551	0	1074
229	78	375	-20	314	474	90	62	0	169
230	366	346	20	648	808	90	0	303	657
231	125	181	-20	2718	2878	90	74	0	2406
232	69	493	20	1977	2137	90	0	83	1833
233	432	80	40	908	1068	90	0	885	818
234	72	391	10	1412	1572	90	0	24	1344
235	85	486	-30	2638	2798	90	181	0	670
236	204	371	30	749	909	90	0	115	779
237	173	328	10	2481	2641	90	0	261	2531
238	280	423	-30	951	1111	90	929	0	260
239	200	327	-10	3150	3310	90	585	0	3126
240	241	98	-30	2987	3147	90	268	0	2121
241	96	356	10	186	346	90	0	647	0
242	332	491	30	1211	1371	90	0	264	1116
243	81	283	-30	1624	1784	90	552	0	0
244	373	22	10	2312	2472	90	0	259	2212
245	255	371	-10	2209	2369	90	96	0	828
246	358	359	-30	2639	2799	90	347	0	2133
247	216	93	10	2473	2633	90	0	1	2472
248	73	360	-20	2947	3107	90	517	0	2606
249	305	212	-20	1156	1316	90	387	0	445
250	151	462	10	1402	1562	90	0	857	1327
251	47	389	30	1102	1262	90	0	502	1015
252	155	198	30	118	278	90	0	405	169
253	152	457	10	1217	1377	90	0	765	1147
254	329	48	-20	1555	1715	90	427	0	1407
255	88	394	10	727	887	90	0	758	670
256	153	295	-30	3382	3542	90	367	0	3239
257	81	373	10	590	750	90	0	76	540
258	163	453	-20	693	853	90	673	0	159
259	378	25	-10	2408	2568	90	244	0	2212
260	401	385	-20	2864	3024	90	669	0	920
261	184	340	-10	2768	2928	90	237	0	2531
262	402	362	20	1361	1521	90	0	93	1332
263	70	482	-10	2351	2511	90	217	0	1153
264	357	445	-30	3187	3347	90	242	0	1116
265	212	71	20	1204	1364	90	0	869	1181
266	231	81	-20	2403	2563	90	837	0	1728
267	379	208	-40	835	995	90	654	0	363
268	236	95	30	2117	2277	90	0	240	2121
269	386	344	20	1239	1399	90	0	536	1233
270	189	200	-20	1989	2149	90	635	0	837
271	296	253	-20	834	994	90	602	0	0
272	73	303	10	2397	2557	90	0	906	2372
273	30	162	10	2102	2262	90	0	407	2025
274	230	95	-20	1899	2059	90	12	0	0
275	57	131	10	1403	1563	90	0	553	0
276	379	245	-30	2773	2933	90	756	0	1165
277	107	221	40	534	694	90	0	424	548
278	154	458	-30	1125	1285	90	640	0	450
279	290	417	10	182	342	90	0	845	170
280	272	243	30	125	285	90	0	674	0
281	94	130	10	601	761	90	0	914	564
282	222	356	-20	1608	1768	90	590	0	384
283	243	108	-20	3061	3221	90	91	0	0
284	224	93	20	2191	2351	90	0	287	2191
285	155	242	10	886	1046	90	0	25	950
286	440	302	20	1279	1439	90	0	870	1242
287	221	102	-20	2858	3018	90	284	0	2191
288	52	484	10	1681	1841	90	0	207	1534
289	111	244	10	2229	2389	90	0	60	2249
290	132	273	-30	2203	2363	90	587	0	363
291	228	186	20	269	429	90	0	684	0
292	221	374	30	1130	1290	90	0	80	1162
293	406	286	-30	3314	3474	90	931	0	2788
294	390	9	30	1263	1423	90	0	655	1144
295	335	52	-10	1761	1921	90	932	0	0
296	189	368	20	144	304	90	0	867	171
297	397	40	-20	2491	2651	90	598	0	656
298	408	305	-30	419	579	90	993	0	170
299	156	434	10	2865	3025	90	0	386	2818
300	180	335	-20	2581	2741	90	974	0	1322
301	327	483	-20	2098	2258	90	874	0	1013
302	363	62	-20	3264	3424	90	909	0	731
303	375	342	-20	939	1099	90	230	0	657
304	16	280	-10	2767	2927	90	950	0	2296
305	277	431	-30	1334	1494	90	858	0	0
306	110	241	-10	2136	2296	90	994	0	1559
307	48	385	-20	1008	1168	90	462	0	641
308	152	260	10	98	258	90	0	859	79
309	255	120	10	130	290	90	0	547	159
310	214	382	-20	2491	2651	90	680	0	1375
311	414	384	-10	2662	2822	90	339	0	446
312	232	378	-20	2194	2354	90	111	0	264
313	80	141	30	494	654	90	0	658	452
314	188	330	30	513	673	90	0	114	571
315	157	192	-10	3210	3370	90	875	0	1512
316	101	237	-20	1831	1991	90	382	0	159
317	74	360	40	2856	3016	90	0	152	2808
318	267	260	20	509	669	90	0	690	649
319	378	46	-20	3090	3250	90	849	0	2788
320	420	311	30	893	1053	90	0	123	0
321	384	217	-20	1809	1969	90	813	0	1737
322	418	300	10	611	771	90	0	514	595
323	356	77	-10	2249	2409	90	898	0	1226
324	253	244	-30	2742	2902	90	830	0	2793
325	323	258	-20	1328	1488	90	417	0	653
326	293	454	-30	2611	2771	90	826	0	159
327	231	97	-30	2887	3047	90	216	0	2784
328	316	234	-20	2661	2821	90	967	0	561
329	207	196	-10	2565	2725	90	376	0	746
330	321	228	-10	2200	2360	90	356	0	359
331	382	17	20	1734	1894	90	0	621	1626
332	206	326	-10	3246	3406	90	816	0	2724
333	198	284	10	76	236	90	0	473	173
334	137	186	-30	2912	3072	90	431	0	939
335	229	396	-30	2882	3042	90	61	0	1761
336	268	235	-20	1842	2002	90	119	0	170
337	95	243	-30	759	919	90	504	0	454
338	297	430	20	378	538	90	0	614	0
339	393	368	10	472	632	90	0	311	446
340	66	391	-30	1601	1761	90	937	0	578
341	189	339	-20	2863	3023	90	511	0	867
342	280	351	30	116	276	90	0	350	170
343	241	77	-20	1225	1385	90	415	0	542
344	134	265	-20	2666	2826	90	694	0	1264
345	420	95	30	345	505	90	0	131	274
346	111	279	30	141	301	90	0	161	159
347	367	358	30	2133	2293	90	0	246	2133
348	239	373	-30	1905	2065	90	428	0	1275
349	384	235	-20	2672	2832	90	616	0	2306
350	284	360	-30	309	469	90	342	0	170
351	325	75	-20	2370	2530	90	531	0	545
352	279	369	10	502	662	90	0	20	539
353	340	449	-30	3080	3240	90	820	0	544
354	275	448	10	2902	3062	90	0	687	2862
355	447	88	20	2963	3123	90	0	588	2867
356	314	279	10	270	430	90	0	330	359
357	434	377	-10	2345	2505	90	541	0	1525
358	67	377	10	2186	2346	90	0	82	2123
359	370	353	10	746	906	90	0	185	747
360	57	367	20	2169	2329	90	0	464	2103
361	332	486	-20	1912	2072	90	419	0	170
362	386	361	30	1527	1687	90	0	400	1511
363	55	282	-20	305	465	90	833	0	159
364	317	467	20	424	584	90	0	840	356
365	335	54	-10	1853	2013	90	408	0	159
366	348	466	-10	2583	2743	90	120	0	2396
367	132	314	30	3214	3374	90	0	256	3239
368	328	216	-10	1912	2072	90	174	0	0
369	416	48	10	1880	2040	90	0	774	1778
370	370	55	-10	2886	3046	90	864	0	2186
371	149	434	-20	2203	2363	90	856	0	0
372	466	169	-20	2502	2662	90	832	0	1982
373	141	267	-20	1635	1795	90	538	0	1380
374	258	350	-10	1822	1982	90	651	0	159
375	428	312	10	1084	1244	90	0	4	1055
376	211	188	10	660	820	90	0	329	746
377	50	343	10	2754	2914	0	0	1013	2693
378	107	311	-30	2813	2973	90	564	0	2462
379	178	441	20	215	375	90	0	776	170
380	232	85	-40	2309	2469	90	203	0	452
381	391	23	-20	2698	2858	90	11	0	2114
382	137	227	20	115	275	90	0	316	159
383	161	203	20	100	260	90	0	183	159
384	363	212	-20	3274	3434	90	934	0	2986
385	384	346	-10	1331	1491	90	106	0	1138
386	166	434	-10	2965	3125	90	299	0	2818
387	274	248	20	310	470	90	0	249	445
388	156	421	-30	3355	3515	90	433	0	3211
389	346	211	10	103	263	90	0	980	159
390	265	358	20	1352	1512	90	0	958	1402
391	96	407	20	434	594	90	0	750	374
392	443	70	-20	2464	2624	90	989	0	1413
393	125	212	10	1187	1347	90	0	59	1216
394	361	337	50	363	523	90	0	939	381
395	322	78	20	2464	2624	90	0	899	2437
396	481	156	20	1600	1760	90	0	986	1510
397	188	293	30	837	997	90	0	945	921
398	76	408	30	1020	1180	90	0	71	944
399	130	304	-20	3175	3335	90	881	0	646
400	378	363	-30	1749	1909	90	362	0	1511
401	185	301	20	1330	1490	90	0	882	0
402	385	235	-20	2581	2741	90	581	0	0
403	261	350	10	1729	1889	90	0	182	1788
404	389	33	-20	2983	3143	90	124	0	1114
405	151	214	-30	511	671	90	252	0	169
406	265	94	10	258	418	90	0	219	0
407	65	164	-10	2595	2755	90	273	0	2025
408	293	81	10	174	334	90	0	365	159
409	363	55	-10	2983	3143	90	727	0	946
410	465	176	20	2599	2759	90	0	48	2531
411	428	298	30	1654	1814	90	0	852	0
412	75	379	-20	2567	2727	90	57	0	1154
413	404	378	-40	857	1017	90	825	0	726
414	203	203	-10	2850	3010	90	506	0	2461
415	259	88	20	545	705	90	0	343	542
416	362	17	-20	1884	2044	90	465	0	1388
417	320	258	20	564	724	90	0	325	653
418	59	358	-10	2358	2518	90	87	0	2198
419	316	453	20	224	384	90	0	361	170
420	225	192	20	74	234	90	0	539	170
421	140	206	30	408	568	90	0	629	449
422	83	151	10	300	460	90	0	29	265
423	366	196	10	139	299	90	0	173	171
424	108	245	-40	1730	1890	90	277	0	548
425	129	267	-20	2480	2640	90	474	0	751
426	57	379	20	907	1067	90	0	802	0
427	329	56	20	1457	1617	90	0	254	1407
428	213	363	30	1234	1394	90	0	348	1275
429	76	391	-10	1318	1478	90	718	0	184
430	330	259	30	1231	1391	90	0	724	1310
431	136	217	30	898	1058	90	0	334	939
432	165	333	-30	2381	2541	90	836	0	1232
433	160	431	30	3254	3414	90	0	388	3211
434	338	489	-10	1308	1468	90	479	0	831
435	335	64	-20	1953	2113	90	63	0	925
436	412	361	-10	1748	1908	90	800	0	1617
437	259	90	30	637	797	90	0	438	636
438	265	77	-30	832	992	90	437	0	636
439	460	173	-20	2887	3047	90	134	0	470
440	83	301	-40	2297	2457	90	565	0	275
441	201	331	-20	707	867	90	526	0	0
442	118	214	20	240	400	90	0	476	263
443	395	30	20	2796	2956	90	0	759	2692
444	125	444	-10	1997	2157	90	206	0	1238
445	283	248	30	33	193	90	0	686	159
446	391	334	-30	1047	1207	90	835	0	171
447	212	215	-10	3160	3320	90	708	0	3033
448	276	428	20	1048	1208	90	0	834	1028
449	96	152	20	197	357	90	0	787	174
450	425	85	10	536	696	90	0	785	455
451	336	7	10	1584	1744	90	0	700	0
452	196	219	-30	3054	3214	90	168	0	0
453	210	94	20	997	1157	90	0	773	995
454	310	81	-10	2846	3006	90	534	0	2111
455	341	37	-10	434	594	90	1000	0	173
456	344	478	-20	2296	2456	90	558	0	2113
457	406	37	40	275	435	90	0	223	170
458	69	346	-30	2962	3122	90	467	0	2001
459	80	376	-10	407	567	90	561	0	159
460	314	449	30	209	369	90	0	991	0
461	209	201	-20	2753	2913	90	593	0	2270
462	88	379	20	689	849	90	0	307	641
463	352	500	-10	1505	1665	90	500	0	732
464	65	357	-20	2454	2614	90	360	0	2103
465	345	15	20	1482	1642	90	0	416	1388
466	125	245	20	3002	3162	90	0	842	3036
467	52	369	30	2073	2233	90	0	458	2001
468	449	140	-10	730	890	90	34	0	170
469	430	310	30	1176	1336	90	0	982	1146
470	109	325	-10	3008	3168	90	55	0	1704
471	446	139	20	637	797	90	0	796	571
472	229	214	20	41	201	90	0	968	159
473	197	301	-10	183	343	90	333	0	173
474	146	245	20	696	856	90	0	425	751
475	401	368	20	664	824	90	0	148	0
476	116	259	-20	2613	2773	90	442	0	263
477	374	55	-20	2792	2952	90	576	0	0
478	249	251	-20	3036	3196	90	637	0	3080
479	325	490	10	923	1083	90	0	434	831
480	59	159	-20	1103	1263	90	17	0	864
481	186	177	-10	1361	1521	90	623	0	1228
482	319	229	-10	2292	2452	90	591	0	1604
483	26	269	30	1005	1165	90	0	568	940
484	53	139	-30	1214	1374	90	605	0	756
485	471	154	-10	1319	1479	90	908	0	845
486	301	247	-20	3238	3398	90	798	0	942
487	388	220	-20	1423	1583	90	946	0	977
488	235	81	20	1450	1610	90	0	578	1440
489	347	479	10	2389	2549	90	0	672	2300
490	367	59	-30	3169	3329	90	918	0	1013
491	261	370	-10	1069	1229	90	746	0	923
492	441	287	-20	2915	3075	90	110	0	275
493	44	153	30	1995	2155	90	0	158	1927
494	263	351	10	1545	1705	90	0	775	1603
495	444	157	10	215	375	90	0	791	159
496	374	17	-30	1925	2085	90	107	0	448
497	448	295	-20	2724	2884	90	670	0	505
498	446	297	10	2232	2392	90	0	714	0
499	347	40	30	530	690	90	0	715	458
500	318	493	10	825	985	90	0	463	732
501	399	352	10	1260	1420	90	0	79	1239
502	51	364	-30	1887	2047	90	251	0	1015
503	250	217	-10	2534	2694	90	767	0	553
504	107	225	30	440	600	90	0	337	454
505	173	208	-20	1881	2041	90	848	0	1835
506	204	189	10	2378	2538	90	0	414	2461
507	399	379	20	2960	3120	90	0	805	2922
508	79	346	-10	3150	3310	90	112	0	2826
509	360	338	10	272	432	90	0	722	291
510	390	17	30	1453	1613	90	0	693	1341
511	207	337	20	805	965	90	0	341	867
512	409	361	30	1057	1217	90	0	105	1023
513	206	377	20	559	719	90	0	146	584
514	429	294	-10	1943	2103	90	322	0	595
515	375	31	20	2185	2345	90	0	912	2092
516	426	80	20	722	882	90	0	853	637
517	74	374	20	2662	2822	90	0	248	2606
518	408	20	-10	473	633	90	935	0	263
519	239	369	-10	1811	1971	90	559	0	873
520	420	308	30	709	869	90	0	594	689
521	254	357	-10	2012	2172	90	960	0	1299
522	53	297	-20	3300	3460	90	39	0	2508
523	434	382	-30	2250	2410	90	54	0	1805
524	204	171	-20	958	1118	90	970	0	654
525	173	169	10	1558	1718	0	0	1002	1606
526	190	332	20	606	766	90	0	441	0
527	274	231	30	2126	2286	90	0	615	2255
528	207	194	-20	2473	2633	90	736	0	1698
529	315	232	-10	2753	2913	90	84	0	2570
530	425	87	20	444	604	90	0	883	364
531	312	64	20	582	742	90	0	351	545
532	129	244	-10	2908	3068	90	850	0	1270
533	278	230	10	1466	1626	90	0	709	1591
534	351	75	10	2154	2314	90	0	454	2111
535	185	293	-20	930	1090	90	540	0	737
536	364	364	-20	2230	2390	90	269	0	1233
537	432	369	10	2147	2307	90	0	679	2089
538	128	249	20	1343	1503	90	0	373	1380
539	221	179	-20	369	529	90	420	0	170
540	194	296	20	650	810	90	0	535	737
541	413	350	10	1557	1717	90	0	357	1525
542	214	372	10	943	1103	90	0	900	974
543	379	229	-20	1045	1205	90	729	0	554
544	91	298	-30	2013	2173	90	656	0	659
545	226	120	30	235	395	90	0	926	262
546	344	46	30	1660	1820	90	0	211	1595
547	238	84	-10	1634	1794	90	309	0	159
548	138	276	10	1915	2075	90	0	90	1960
549	346	487	10	1808	1968	90	0	175	1712
550	95	160	10	179	339	90	0	721	159
551	103	266	30	1062	1222	90	0	228	1074
552	98	286	30	1337	1497	90	0	243	0
553	77	172	-10	2976	3136	90	275	0	0
554	147	199	30	308	468	90	0	176	353
555	210	98	10	721	881	90	0	641	723
556	428	292	10	1851	2011	90	0	966	1828
557	121	236	10	2034	2194	90	0	696	2064
558	336	479	20	2198	2358	90	0	456	2113
559	203	369	10	841	1001	90	0	519	873
560	296	232	10	1268	1428	90	0	215	1378
561	87	369	10	201	361	90	0	459	159
562	247	88	-20	1924	2084	90	838	0	1107
563	104	246	-10	1353	1513	90	108	0	173
564	67	302	30	2493	2653	90	0	378	2462
565	114	296	40	259	419	90	0	440	275
566	394	356	30	189	349	90	0	889	170
567	192	306	-10	1523	1683	90	997	0	1204
568	16	285	-30	2492	2652	90	483	0	940
569	419	310	10	802	962	90	0	85	782
570	389	221	10	1332	1492	90	0	136	1350
571	129	264	20	2761	2921	0	0	1004	2799
572	172	483	-20	904	1064	90	197	0	260
573	325	251	-20	1425	1585	90	639	0	0
574	151	436	-10	2386	2546	90	127	0	2059
575	263	91	20	352	512	90	0	924	352
576	401	15	20	685	845	90	0	477	0
577	253	382	10	3090	3250	90	0	157	3117
578	247	89	-20	2015	2175	90	488	0	1440
579	283	229	30	1371	1531	90	0	748	1491
580	366	341	-10	553	713	90	130	0	472
581	392	213	20	2092	2252	90	0	402	0
582	167	304	20	207	367	90	0	940	267
583	477	154	10	1506	1666	90	0	725	1419
584	234	383	10	2099	2259	0	0	1007	2125
585	199	327	10	3059	3219	90	0	239	3126
586	140	220	30	803	963	90	0	638	848
587	144	266	30	311	471	90	0	290	363
588	432	105	-20	3432	3592	90	355	0	2867
589	368	325	30	139	299	90	0	53	159
590	202	386	20	369	529	90	0	282	384
591	325	246	10	1520	1680	90	0	482	1604
592	430	86	-20	2766	2926	90	681	0	1982
593	200	195	20	2185	2345	90	0	461	2270
594	440	295	-30	2136	2296	90	520	0	689
595	77	287	10	1905	2065	90	0	100	1888
596	187	362	-10	1786	1946	90	783	0	1052
597	131	207	20	999	1159	90	0	135	0
598	405	5	20	786	946	90	0	297	656
599	125	226	20	1389	1549	90	0	893	1421
600	254	335	10	3013	3173	90	0	676	3087
601	212	168	20	860	1020	90	0	971	929
602	281	279	20	714	874	90	0	271	0
603	326	241	-10	1615	1775	90	660	0	1212
604	152	241	20	793	953	90	0	880	854
605	71	139	30	807	967	90	0	484	756
606	46	277	-20	589	749	90	138	0	169
607	393	13	-30	1358	1518	90	165	0	758
608	87	454	40	882	1042	90	0	225	780
609	86	359	-30	3255	3415	90	695	0	1908
610	220	192	20	169	329	90	0	40	263
611	426	279	30	3112	3272	90	0	667	3093
612	131	267	-30	2572	2732	90	27	0	1144
613	200	297	-10	553	713	90	911	0	542
614	299	442	-20	1904	2064	90	338	0	0
615	265	218	-30	2429	2589	90	527	0	2255
616	398	231	20	2296	2456	90	0	349	2306
617	312	74	-20	2749	2909	90	44	0	1316
618	99	307	20	2714	2874	90	0	812	0
619	22	283	30	1313	1473	90	0	790	1242
620	67	160	10	2690	2850	90	0	933	0
621	390	42	-20	2588	2748	90	331	0	1626
622	44	279	10	496	656	90	0	632	447
623	200	182	10	1153	1313	90	0	481	1228
624	458	303	20	2531	2691	90	0	46	2476
625	298	438	10	567	727	90	0	42	0
626	62	301	-20	3400	3560	90	784	0	3121
627	112	251	10	1633	1793	90	0	102	1654
628	184	354	-10	1976	2136	90	794	0	1611
629	140	180	-30	3009	3169	90	421	0	449
630	269	428	20	1145	1305	90	0	851	1125
631	123	206	10	1885	2045	90	0	691	1910
632	36	284	-10	1698	1858	90	622	0	447
633	272	233	10	1747	1907	90	0	36	1879
634	320	231	20	2384	2544	90	0	844	2471
635	211	180	20	758	918	90	0	270	837
636	114	169	-20	2612	2772	90	683	0	2510
637	245	239	20	2933	3093	90	0	478	3080
638	117	204	-30	1698	1858	90	586	0	848
639	316	254	20	750	910	90	0	573	0
640	169	443	30	500	660	90	0	278	450
641	212	96	-10	904	1064	90	555	0	723
642	119	285	40	3063	3223	90	0	949	3087
643	71	163	20	2785	2945	0	0	1011	2745
644	78	361	-10	3448	3608	90	841	0	2992
645	354	219	-20	3375	3535	90	819	0	3086
646	389	233	20	2487	2647	90	0	163	2506
647	90	391	-10	541	701	90	241	0	0
648	209	307	10	1811	1971	90	0	728	1900
649	363	351	-20	2923	3083	90	682	0	2040
650	405	47	10	255	415	90	0	52	159
651	278	329	10	83	243	90	0	374	159
652	261	371	-30	978	1138	90	827	0	447
653	302	470	20	2227	2387	90	0	200	2160
654	373	205	40	334	494	90	0	267	363
655	381	20	-30	1828	1988	90	294	0	1144
656	90	277	30	662	822	90	0	544	659
657	46	341	10	2659	2819	90	0	719	2595
658	50	138	-30	1889	2049	90	313	0	452
659	61	437	20	265	425	90	0	801	0
660	331	252	10	1134	1294	90	0	603	1212
661	440	81	-20	2665	2825	90	815	0	1686
662	384	206	20	739	899	90	0	723	757
663	232	87	30	1504	1664	90	0	984	1500
664	59	471	20	1484	1644	90	0	762	1351
665	174	304	20	110	270	90	0	23	176
666	106	248	-20	1446	1606	90	855	0	1166
667	410	287	-30	3220	3380	90	611	0	3093
668	206	313	-30	2091	2251	90	829	0	450
669	412	367	20	960	1120	90	0	260	920
670	412	300	20	515	675	90	0	497	505
671	206	295	-10	2809	2969	90	142	0	1506
672	329	459	-10	2885	3045	90	489	0	2300
673	177	436	20	199	359	90	0	258	159
674	266	264	-30	603	763	90	280	0	0
675	308	235	-20	3135	3295	90	975	0	3143
676	260	330	-10	3203	3363	90	600	0	3087
677	49	136	10	1705	1865	90	0	18	1633
678	356	28	-10	1000	1160	90	70	0	823
679	428	384	-10	2444	2604	90	537	0	2089
680	220	362	20	1331	1491	90	0	310	1375
681	437	61	20	2088	2248	90	0	592	1982
682	365	360	20	2040	2200	90	0	649	2040
683	107	168	20	2515	2675	90	0	636	2510
684	220	177	-20	461	621	90	291	0	0
685	347	21	20	1386	1546	90	0	701	1297
686	293	245	-30	3430	3590	90	445	0	159
687	267	436	-10	3007	3167	90	354	0	2862
688	216	96	-30	2566	2726	90	831	0	2287
689	383	351	20	167	327	90	0	879	159
690	289	240	-20	939	1099	90	318	0	649
691	129	185	-10	2814	2974	90	631	0	1910
692	291	450	10	2705	2865	90	0	979	2660
693	387	21	-30	1548	1708	90	510	0	1341
694	116	255	20	1239	1399	90	0	344	1264
695	50	368	30	1981	2141	90	0	609	1908
696	121	249	-10	2421	2581	90	557	0	2064
697	404	346	-30	1163	1323	90	86	0	354
698	77	360	-10	3357	3517	90	811	0	851
699	447	102	-20	3252	3412	90	147	0	1103
700	366	16	-10	1978	2138	90	451	0	0
701	348	16	-20	1780	1940	90	685	0	1297
702	353	346	-10	3114	3274	90	26	0	1840
703	54	485	-30	1773	1933	90	760	0	463
704	319	77	30	2558	2718	90	0	779	2531
705	83	282	-10	1532	1692	90	214	0	768
706	384	24	-10	2601	2761	90	876	0	1206
707	52	469	20	1387	1547	90	0	972	1251
708	199	200	10	2945	3105	90	0	447	3033
709	273	234	-10	1656	1816	90	533	0	1591
710	16	281	-20	2676	2836	90	996	0	1739
711	151	442	-10	2482	2642	90	809	0	1519
712	223	114	20	332	492	90	0	188	353
713	191	308	20	82	242	90	0	141	159
714	448	297	-10	2632	2792	90	498	0	0
715	386	28	-30	2507	2667	90	499	0	458
716	106	295	-20	1053	1213	90	180	0	377
717	387	224	-10	1517	1677	90	745	0	272
718	96	377	10	224	384	90	0	429	184
719	86	361	-10	3347	3507	90	657	0	2595
720	211	107	-20	531	691	90	172	0	173
721	43	125	-10	1603	1763	90	550	0	159
722	369	351	-10	838	998	90	509	0	291
723	388	228	-20	1235	1395	90	662	0	757
724	325	228	-30	1810	1970	90	430	0	1310
725	490	159	-10	1897	2057	90	583	0	1419
726	420	78	-20	1398	1558	90	953	0	728
727	396	4	10	1073	1233	90	0	409	946
728	222	317	-10	2415	2575	90	648	0	1900
729	389	198	20	543	703	90	0	543	554
730	322	454	20	320	480	90	0	117	263
731	241	391	-30	2985	3145	90	126	0	1470
732	256	117	-20	3167	3327	90	752	0	0
733	298	255	10	151	311	90	0	743	262
734	74	363	-30	2763	2923	90	905	0	279
735	345	496	20	1407	1567	90	0	887	1303
736	167	169	20	1654	1814	90	0	528	1698
737	23	306	-20	2182	2342	90	156	0	1126
738	317	62	20	677	837	90	0	896	637
739	319	257	-20	656	816	90	823	0	468
740	129	255	10	2716	2876	90	0	150	2754
741	59	377	20	2088	2248	90	0	868	2018
742	138	272	-30	1821	1981	90	987	0	1052
743	317	251	-10	940	1100	90	733	0	262
744	279	436	20	1519	1679	0	0	1003	1490
745	371	207	10	241	401	90	0	717	272
746	263	372	10	886	1046	90	0	491	923
747	50	347	-30	2562	2722	90	167	0	1204
748	275	236	-30	1563	1723	90	579	0	1491
749	334	47	20	331	491	90	0	201	271
750	50	383	-20	1889	2049	90	391	0	374
751	170	338	-20	2284	2444	90	28	0	0
752	245	109	20	3089	3249	90	0	732	0
753	69	475	30	1189	1349	90	0	799	1060
754	54	372	-10	1991	2151	90	915	0	0
755	198	334	-30	2203	2363	90	97	0	159
756	380	228	30	1137	1297	90	0	276	1165
757	425	118	10	219	379	90	0	13	159
758	80	398	-10	826	986	90	255	0	670
759	366	57	-20	3076	3236	90	443	0	2692
760	67	463	30	584	744	90	0	703	463
761	226	86	-10	2595	2755	90	843	0	1016
762	59	480	-20	1583	1743	90	664	0	1351
763	40	378	20	1386	1546	90	0	977	0
764	250	367	20	2113	2273	90	0	15	2156
765	157	436	-10	2773	2933	90	253	0	1147
766	463	161	-30	2403	2563	90	171	0	0
767	266	250	10	409	569	90	0	503	553
768	51	162	20	2213	2373	90	0	151	2155
769	194	353	-10	1371	1531	90	913	0	377
770	383	41	-10	2685	2845	90	952	0	2000
771	247	82	-20	1828	1988	90	210	0	170
772	457	142	-10	829	989	90	155	0	380
773	244	94	-20	1795	1955	90	453	0	995
774	441	63	-10	2274	2434	90	369	0	1778
775	244	371	-10	2310	2470	90	494	0	1603
776	174	444	-20	405	565	90	379	0	170
777	94	247	30	853	1013	90	0	122	856
778	320	225	20	2014	2174	90	0	128	2099
779	316	80	-30	2652	2812	90	704	0	2531
780	155	447	20	2672	2832	90	0	177	2613
781	211	308	30	1903	2063	90	0	884	0
782	297	442	20	1812	1972	90	0	969	1774
783	200	342	10	997	1157	90	0	596	1052
784	44	325	20	3181	3341	90	0	626	3121
785	438	60	-10	2180	2340	90	450	0	455
786	80	374	20	499	659	90	0	33	448
787	59	163	-20	2311	2471	90	449	0	174
788	236	92	10	2210	2370	0	0	1008	0
789	414	66	30	1592	1752	90	0	990	1505
790	34	279	-30	1506	1666	90	619	0	1242
791	475	156	-10	1413	1573	90	495	0	159
792	404	310	20	165	325	90	0	995	159
793	367	239	20	3156	3316	0	0	1005	3198
794	210	359	10	1568	1728	90	0	628	1611
795	133	278	-20	2010	2170	90	191	0	1775
796	446	169	-20	3185	3345	90	471	0	571
797	188	356	20	1882	2042	90	0	948	1919
798	312	252	20	845	1005	90	0	486	942
799	69	485	-30	2258	2418	90	753	0	1060
800	413	353	10	1650	1810	90	0	436	1617
801	54	446	-20	287	447	90	659	0	0
802	56	357	-20	1788	1948	90	426	0	0
803	230	105	-20	2958	3118	90	808	0	2773
804	196	302	20	274	434	90	0	891	359
805	391	373	-20	3060	3220	90	507	0	2922
806	101	295	30	958	1118	90	0	839	962
807	234	350	10	2617	2777	90	0	962	2675
808	215	108	20	2760	2920	90	0	803	2773
809	142	457	10	1593	1753	90	0	711	1519
810	283	425	-30	858	1018	90	9	0	628
811	77	397	10	919	1079	90	0	698	851
812	105	317	-20	2909	3069	90	618	0	0
813	382	213	20	1715	1875	90	0	321	1737
814	213	76	-10	1300	1460	90	999	0	632
815	417	56	20	1782	1942	90	0	661	1686
816	183	340	10	2677	2837	90	0	332	2724
817	123	242	20	3190	3350	0	0	1006	3222
818	475	136	20	1029	1189	90	0	824	936
819	377	246	20	3054	3214	90	0	645	3086
820	310	484	30	626	786	90	0	353	544
821	47	280	10	403	563	90	0	978	357
822	57	456	20	388	548	90	0	877	265
823	313	266	20	373	533	90	0	739	468
824	475	145	-20	1128	1288	90	818	0	936
825	400	376	40	762	922	90	0	413	726
826	290	416	30	170	330	90	0	326	159
827	277	369	30	410	570	90	0	652	447
828	91	303	-10	2199	2359	90	116	0	862
829	194	301	30	366	526	90	0	668	450
830	254	238	30	2646	2806	90	0	324	2793
831	215	91	30	2290	2450	90	0	688	2287
832	500	162	20	2088	2248	90	0	372	1982
833	56	287	20	197	357	90	0	363	159
834	289	452	-20	2798	2958	90	448	0	1028
835	378	326	30	160	320	90	0	446	171
836	197	350	30	1186	1346	90	0	432	1232
837	243	88	20	1731	1891	90	0	266	1728
838	250	72	20	1125	1285	90	0	562	1107
839	101	290	-30	1150	1310	90	806	0	962
840	351	480	-20	1710	1870	90	364	0	356
841	67	357	10	3044	3204	90	0	644	2992
842	128	240	-20	3285	3445	90	466	0	3036
843	253	81	10	1026	1186	90	0	761	1016
844	307	227	-20	2853	3013	90	634	0	2471
845	233	441	-10	3225	3385	90	279	0	170
846	311	47	-20	1070	1230	90	224	0	737
847	292	456	-30	2518	2678	90	998	0	2280
848	183	187	20	1768	1928	90	0	505	1835
849	392	31	20	2890	3050	90	0	319	2788
850	103	251	10	1258	1418	90	0	532	1270
851	300	443	-20	1996	2156	90	630	0	1125
852	420	295	-30	1752	1912	90	411	0	0
853	427	64	-20	1292	1452	90	516	0	637
854	372	354	30	1941	2101	90	0	89	1940
855	101	263	20	1156	1316	90	0	666	1166
856	141	454	20	1686	1846	90	0	371	0
857	146	461	-10	1497	1657	90	250	0	1327
858	298	430	30	469	629	90	0	305	0
859	148	270	-10	119	279	90	308	0	79
860	76	287	-10	1814	1974	90	41	0	0
861	308	55	-40	871	1031	90	143	0	450
862	143	257	-20	501	661	90	189	0	268
863	393	2	30	979	1139	90	0	205	852
864	385	28	10	2286	2446	90	0	370	2186
865	204	291	-20	2903	3063	90	220	0	1302
866	132	272	30	2294	2454	90	0	925	2333
867	206	379	-20	467	627	90	296	0	171
868	69	383	-20	2470	2630	90	741	0	2018
869	245	96	-20	1703	1863	90	265	0	1181
870	431	301	-20	1468	1628	90	286	0	1242
871	448	94	-10	3154	3314	90	190	0	2960
872	199	305	30	1620	1780	90	0	202	1704
873	95	356	-20	3447	3607	90	895	0	1107
874	328	498	20	1113	1273	90	0	301	1013
875	108	222	10	1497	1657	90	0	315	1512
876	341	26	10	1288	1448	90	0	706	1206
877	63	454	-20	484	644	90	822	0	265
878	222	357	30	1517	1677	90	0	31	1566
879	416	364	-20	1938	2098	90	689	0	159
880	127	278	-20	2106	2266	90	604	0	854
881	140	252	20	597	757	90	0	399	646
882	218	298	-20	2706	2866	90	401	0	0
883	432	87	-20	2858	3018	90	530	0	364
884	216	300	-30	2613	2773	90	781	0	0
885	438	72	-40	1098	1258	90	233	0	818
886	184	178	-10	1454	1614	90	103	0	1329
887	345	468	-20	2677	2837	90	735	0	1303
888	150	435	-20	2295	2455	90	951	0	926
889	395	365	-30	288	448	90	566	0	170
890	208	371	-20	655	815	90	170	0	159
891	190	292	-20	745	905	90	804	0	359
892	78	479	-20	1089	1249	90	137	0	574
893	104	198	-20	2303	2463	90	599	0	1421
894	346	13	20	1686	1846	90	0	910	1590
895	47	388	20	1193	1353	90	0	873	1107
896	315	57	-20	1171	1331	90	738	0	637
897	110	199	-30	2207	2367	90	955	0	2028
898	323	60	10	1270	1430	90	0	323	1226
899	308	82	-20	2939	3099	90	395	0	2437
900	216	374	-10	1035	1195	90	542	0	974
901	326	253	10	1039	1199	90	0	902	0
902	308	232	-10	2948	3108	90	901	0	0
903	118	223	10	339	499	90	0	943	364
904	149	444	-20	2575	2735	90	941	0	1820
905	95	395	30	332	492	90	0	734	279
906	117	319	-10	3108	3268	90	272	0	2372
907	262	352	-30	1636	1796	90	67	0	631
908	468	135	10	932	1092	90	0	485	845
909	351	31	20	813	973	90	0	302	731
910	361	15	-20	2118	2278	90	894	0	1590
911	195	300	10	458	618	90	0	613	542
912	397	27	-20	2388	2548	90	515	0	2092
913	179	311	10	311	471	90	0	769	377
914	77	133	-10	709	869	90	281	0	564
915	66	397	10	1125	1285	90	0	754	0
916	366	352	10	2830	2990	90	0	221	2835
917	221	87	-10	1403	1563	90	8	0	451
918	347	23	30	1100	1260	90	0	490	1013
919	176	358	-10	2075	2235	90	964	0	1142
920	229	78	-10	2496	2656	90	58	0	913
921	272	246	10	218	378	90	0	2	355
922	293	67	-20	290	450	90	88	0	171
923	140	265	-30	1543	1703	90	196	0	1498
924	238	83	-20	1543	1703	90	575	0	352
925	136	296	-30	3275	3435	90	866	0	2333
926	218	98	-30	2002	2162	90	545	0	262
927	290	440	-10	1621	1781	90	981	0	726
928	29	302	-20	2085	2245	90	938	0	1833
929	290	425	30	280	440	90	0	238	260
930	124	247	-10	3095	3255	90	944	0	969
931	442	287	30	2824	2984	90	0	293	2788
932	294	64	10	383	543	90	0	295	0
933	74	165	-10	2878	3038	90	620	0	0
934	382	245	20	2959	3119	90	0	384	2986
935	405	24	10	378	538	90	0	518	263
936	211	97	20	812	972	90	0	965	814
937	88	390	30	633	793	90	0	340	578
938	37	295	20	1891	2051	90	0	928	1833
939	359	371	-50	2422	2582	90	394	0	381
940	186	372	-20	1685	1845	90	582	0	267
941	116	446	20	1898	2058	90	0	904	1820
942	293	249	10	53	213	90	0	976	169
943	83	228	-10	649	809	90	903	0	364
944	96	269	10	965	1125	90	0	930	969
945	179	284	-30	1031	1191	90	397	0	921
946	368	219	20	940	1100	90	0	487	977
947	66	359	-20	3157	3317	90	162	0	1438
948	189	338	-20	2954	3114	90	797	0	1919
949	163	277	-40	3492	3652	90	642	0	3087
950	5	296	10	2386	2546	90	0	304	2296
951	152	478	20	1015	1175	90	0	888	926
952	366	34	10	2086	2246	90	0	770	2000
953	429	80	20	815	975	90	0	726	728
954	464	178	-20	2691	2851	90	30	0	2230
955	138	196	30	1993	2153	90	0	897	2028
956	87	481	10	2733	2893	0	0	1014	2610
957	425	99	20	248	408	90	0	72	176
958	241	362	-20	2410	2570	90	390	0	1402
959	207	289	-10	2997	3157	90	194	0	0
960	264	365	10	1255	1415	90	0	521	1299
961	102	289	20	1242	1402	90	0	3	1248
962	233	346	-10	2711	2871	90	807	0	2675
963	78	141	30	402	562	90	0	121	358
964	196	348	10	1094	1254	90	0	919	1142
965	216	92	-20	2382	2542	90	936	0	814
966	444	309	-10	2425	2585	90	556	0	1828
967	313	263	20	466	626	90	0	328	561
968	211	198	-20	2660	2820	90	472	0	159
969	314	436	-20	2101	2261	90	782	0	1774
970	217	189	20	564	724	90	0	524	654
971	197	178	-20	1058	1218	90	601	0	929
972	60	497	-20	1877	2037	90	707	0	1251
973	206	312	40	2000	2160	90	0	35	0
974	197	351	20	1277	1437	90	0	300	1322
975	305	233	20	3041	3201	90	0	675	3143
976	297	250	-10	3333	3493	90	942	0	169
977	71	348	-20	3055	3215	90	763	0	0
978	11	269	-10	1110	1270	90	821	0	357
979	247	447	-10	3120	3280	90	692	0	2660
980	386	213	-10	1996	2156	90	389	0	159
981	292	434	10	755	915	90	0	927	726
982	436	301	-30	1373	1533	90	469	0	1146
983	145	221	20	708	868	90	0	104	759
984	224	96	-30	2098	2258	90	663	0	1500
985	59	128	-10	1496	1656	90	992	0	1245
986	489	150	-20	1798	1958	90	396	0	1510
987	152	225	30	994	1154	90	0	742	1052
988	426	85	10	627	787	90	0	32	0
989	415	73	20	1495	1655	90	0	392	1413
990	440	70	-30	2371	2531	90	789	0	1505
991	320	476	-30	523	683	90	460	0	0
992	57	132	10	1312	1472	90	0	985	1245
993	405	311	30	177	337	90	0	298	170
994	109	250	10	1540	1700	90	0	306	1559
995	428	314	-20	992	1152	90	792	0	159
996	40	288	20	1793	1953	90	0	710	1739
997	175	282	10	1126	1286	90	0	567	1204
998	298	456	30	2332	2492	90	0	847	2280
999	208	101	10	627	787	90	0	814	632
1000	342	52	10	232	392	90	0	455	173
1001	321	224	-30	2106	2266	90	56	0	2190
1002	173	169	-10	1558	1718	90	525	0	1606
1003	279	436	-20	1519	1679	90	744	0	1490
1004	129	264	-20	2761	2921	90	571	0	2799
1005	367	239	-20	3156	3316	90	793	0	3198
1006	123	242	-20	3190	3350	90	817	0	3222
1007	234	383	-10	2099	2259	90	584	0	2125
1008	236	92	-10	2210	2370	90	788	0	0
1009	149	183	-20	3108	3268	90	21	0	3146
1010	358	365	-30	2326	2486	90	169	0	2328
1011	71	163	-20	2785	2945	90	643	0	2745
1012	435	77	-20	1002	1162	90	5	0	908
1013	50	343	-10	2754	2914	90	377	0	2693
1014	87	481	-10	2733	2893	90	956	0	2610

