250	200	1
0	250	250	0	0	1925	0	0	0
1	171	34	21	1143	1173	10	0	456	235
2	67	190	-21	1173	1203	10	428	0	239
3	80	400	10	0	1689	10	0	42	205
4	439	237	-14	939	969	10	928	0	7
5	377	385	-23	866	896	10	310	0	173
6	449	428	-18	1247	1277	10	217	0	247
7	342	481	18	1440	1470	10	0	358	305
8	466	149	-8	1186	1216	10	839	0	241
9	83	290	14	0	1744	10	0	325	380
10	251	63	-18	987	1017	10	362	0	201
11	328	491	-12	0	1662	10	817	0	344
12	260	472	-33	0	1693	10	261	0	214
13	290	145	-25	1282	1312	10	90	0	266
14	266	221	9	0	1882	10	0	181	143
15	164	320	12	1095	1125	10	0	527	253
16	52	412	-17	0	1660	10	136	0	7
17	485	104	21	794	824	10	0	46	136
18	144	331	13	0	1782	10	0	302	182
19	387	394	8	0	1717	10	0	852	376
20	472	57	-14	0	1621	10	378	0	173
21	343	276	15	0	1819	10	0	621	413
22	104	349	20	0	1739	10	0	234	369
23	28	467	-17	1343	1373	10	177	0	258
24	91	427	-13	883	913	10	274	0	135
25	429	476	-7	0	1627	10	207	0	316
26	210	276	-36	0	1868	10	532	0	443
27	58	39	12	0	1630	10	0	999	316
28	273	300	30	55	85	10	0	253	7
29	41	232	-19	0	1706	10	135	0	353
30	25	53	-11	1020	1050	10	402	0	21
31	52	18	28	857	887	10	0	938	145
32	27	444	-36	1080	1110	10	843	0	44
33	178	72	-28	757	787	10	680	0	30
34	406	460	2	719	749	10	0	191	121
35	250	328	24	249	279	10	0	851	50
36	492	34	-18	0	1591	10	49	0	302
37	412	100	-21	0	1695	10	149	0	345
38	233	87	18	0	1752	10	0	427	170
39	60	5	-8	1044	1074	10	225	0	81
40	406	408	15	0	1693	10	0	881	365
41	245	42	24	547	577	10	0	106	92
42	166	345	-10	1130	1160	10	3	0	205
43	440	294	-15	960	990	10	322	0	168
44	370	382	11	884	914	10	0	772	183
45	32	319	21	401	431	10	0	739	50
46	480	136	-21	0	1659	10	17	0	136
47	371	163	21	828	858	10	0	139	177
48	0	188	26	0	1658	10	0	382	238
49	438	5	18	0	1607	10	0	36	302
50	132	477	25	327	357	10	0	878	25
51	203	211	-22	0	1854	10	788	0	419
52	2	264	-19	0	1667	10	493	0	352
53	231	167	-44	0	1830	10	500	0	215
54	423	221	-21	0	1740	10	590	0	57
55	459	53	20	0	1628	10	0	64	332
56	386	154	31	1101	1131	10	0	633	241
57	130	494	-14	0	1644	10	873	0	7
58	31	175	24	0	1684	10	0	583	66
59	69	423	32	802	832	10	0	224	145
60	352	241	-18	792	822	10	530	0	173
61	261	201	-28	1514	1544	10	965	0	335
62	59	276	11	892	922	10	0	442	182
63	146	188	-25	1235	1265	10	498	0	247
64	451	62	-20	0	1640	10	55	0	332
65	299	285	-24	1254	1284	10	635	0	275
66	142	372	-31	0	1753	10	520	0	329
67	440	201	29	893	923	10	0	869	178
68	219	210	14	50	80	10	0	997	7
69	64	198	10	0	1722	10	0	966	374
70	390	249	-20	582	612	10	141	0	7
71	9	101	-3	666	696	10	393	0	100
72	424	288	-14	1057	1087	10	438	0	97
73	77	372	19	211	241	10	0	841	7
74	298	264	36	50	80	10	0	994	7
75	405	454	11	0	1659	10	0	132	348
76	407	35	11	0	1649	10	0	417	6
77	225	369	38	0	1794	10	0	522	392
78	347	459	-12	479	509	10	644	0	42
79	117	178	28	0	1764	10	0	528	395
80	132	479	-13	257	287	10	670	0	4
81	201	66	14	0	1725	10	0	147	363
82	245	176	-26	0	1841	10	516	0	433
83	470	138	16	1389	1419	10	0	168	293
84	115	296	-22	1529	1559	10	945	0	342
85	348	476	-7	1197	1227	10	445	0	241
86	43	210	20	210	240	10	0	345	7
87	327	139	-18	1257	1287	10	658	0	284
88	49	353	15	1446	1476	10	0	312	312
89	356	256	19	106	136	10	0	883	7
90	335	99	25	0	1742	10	0	13	266
91	363	34	19	272	302	10	0	936	9
92	33	278	-25	0	1697	10	424	0	203
93	366	288	-24	684	714	10	986	0	7
94	452	172	9	0	1699	10	0	568	362
95	86	189	21	227	257	10	0	731	20
96	262	369	15	0	1796	0	0	1036	419
97	218	403	-20	0	1759	10	619	0	365
98	218	12	3	0	1675	10	0	303	354
99	228	399	-21	0	1765	10	893	0	7
100	492	188	33	0	1666	0	0	1012	354
101	267	174	-25	1618	1648	10	396	0	349
102	274	441	-29	0	1723	10	272	0	300
103	210	113	-24	690	720	10	339	0	7
104	370	262	-13	1099	1129	10	204	0	189
105	303	186	-32	1354	1384	10	613	0	303
106	241	180	-24	1695	1725	10	41	0	92
107	100	85	14	0	1693	10	0	857	364
108	350	199	21	0	1803	0	0	1046	422
109	500	228	-12	0	1665	10	732	0	53
110	251	238	27	0	1903	0	0	1016	472
111	114	102	-19	0	1715	10	990	0	245
112	345	146	27	0	1775	0	0	1040	408
113	21	146	21	487	517	10	0	446	66
114	330	147	-23	848	878	10	773	0	183
115	476	61	36	0	1621	10	0	720	328
116	386	245	16	0	1779	10	0	278	403
117	201	278	-23	0	1859	10	770	0	174
118	421	499	-18	0	1613	10	229	0	319
119	426	231	24	1028	1058	10	0	826	220
120	105	137	32	452	482	10	0	980	74
121	64	437	11	918	948	10	0	659	171
122	181	260	-23	0	1846	10	606	0	7
123	413	391	8	0	1700	10	0	405	119
124	370	493	-32	571	601	10	533	0	76
125	447	267	19	980	1010	10	0	554	201
126	232	101	-19	0	1765	10	256	0	399
127	371	332	-17	530	560	10	618	0	96
128	447	383	-5	0	1678	10	622	0	74
129	325	147	14	0	1788	10	0	267	411
130	489	437	-9	707	737	10	266	0	102
131	415	95	-9	1177	1207	10	300	0	108
132	331	356	-11	0	1782	10	75	0	348
133	374	346	27	0	1759	10	0	833	199
134	108	37	23	549	579	10	0	279	80
135	5	224	19	0	1669	10	0	29	353
136	93	413	17	226	256	10	0	16	7
137	210	29	-22	0	1691	10	194	0	81
138	136	265	-5	0	1801	10	289	0	10
139	409	155	-21	0	1730	10	47	0	177
140	111	178	18	156	186	10	0	748	7
141	291	251	20	41	71	10	0	70	7
142	322	290	-18	0	1833	10	814	0	56
143	57	183	-15	0	1711	10	337	0	7
144	181	185	19	0	1821	10	0	800	171
145	7	382	-14	770	800	10	640	0	119
146	425	448	-23	794	824	10	578	0	135
147	174	41	-14	0	1693	10	81	0	363
148	161	276	8	133	163	0	0	1008	17
149	398	49	21	0	1666	10	0	37	345
150	210	379	12	709	739	10	0	641	150
151	60	231	-23	0	1725	10	409	0	362
152	453	360	13	230	260	10	0	954	7
153	367	97	17	0	1723	10	0	931	9
154	488	3	-20	0	1572	10	684	0	28
155	44	115	24	246	276	10	0	603	7
156	48	293	22	0	1709	10	0	336	372
157	64	135	11	0	1697	10	0	867	358
158	65	62	15	0	1652	10	0	275	121
159	404	207	-12	0	1756	10	510	0	192
160	68	303	-35	0	1726	10	932	0	7
161	263	418	25	278	308	10	0	776	34
162	147	30	26	1109	1139	10	0	993	224
163	384	149	18	0	1748	0	0	1020	395
164	340	416	36	0	1727	10	0	972	138
165	271	128	12	0	1792	10	0	172	327
166	89	358	23	0	1722	10	0	681	111
167	20	480	-6	0	1590	10	208	0	41
168	488	173	-16	0	1665	10	83	0	293
169	439	156	2	0	1704	10	0	195	343
170	389	156	-26	716	746	10	202	0	141
171	111	392	18	0	1717	10	0	888	376
172	267	162	-12	1449	1479	10	165	0	327
173	248	176	32	0	1841	10	0	845	402
174	413	476	34	1179	1209	10	0	682	232
175	352	481	-10	1285	1315	10	391	0	260
176	264	135	-1	0	1800	10	444	0	418
177	29	462	17	1310	1340	10	0	23	258
178	148	462	10	727	757	0	0	1014	130
179	44	140	11	868	898	10	0	638	166
180	414	378	23	495	525	10	0	806	79
181	392	95	-9	766	796	10	14	0	143
182	216	341	19	654	684	10	0	340	146
183	211	411	15	0	1750	10	0	905	382
184	317	45	-11	0	1700	10	368	0	365
185	178	150	33	632	662	10	0	634	134
186	428	302	27	1016	1046	10	0	485	215
187	450	45	-17	0	1629	10	709	0	332
188	453	318	30	0	1701	10	0	370	290
189	186	135	24	0	1784	0	0	1002	413
190	11	403	-7	343	373	10	544	0	17
191	433	447	-2	794	824	10	34	0	121
192	272	420	-3	1386	1416	10	850	0	273
193	429	59	-8	0	1654	10	904	0	345
194	200	27	22	525	555	10	0	137	81
195	498	171	-2	0	1655	10	169	0	343
196	487	320	21	858	888	10	0	219	160
197	45	166	-18	1013	1043	10	258	0	91
198	490	276	33	0	1674	10	0	512	352
199	126	391	-26	0	1728	10	937	0	55
200	92	18	8	0	1635	0	0	1013	338
201	293	228	19	0	1867	10	0	257	313
202	343	205	26	0	1812	10	0	170	141
203	182	480	-12	0	1676	10	462	0	353
204	385	285	13	868	898	10	0	104	189
205	44	344	12	1079	1109	10	0	664	220
206	170	347	-8	0	1790	10	923	0	263
207	457	492	7	0	1597	10	0	25	316
208	124	448	6	369	399	10	0	167	41
209	398	210	31	0	1762	10	0	812	109
210	75	118	21	409	439	10	0	556	54
211	105	474	-5	471	501	10	919	0	46
212	134	211	35	122	152	10	0	323	7
213	211	248	26	39	69	10	0	721	7
214	212	186	-27	1722	1752	10	448	0	7
215	492	335	-19	0	1659	10	861	0	245
216	497	483	-31	353	383	10	825	0	7
217	440	436	18	0	1650	10	0	6	247
218	311	203	15	723	753	10	0	970	168
219	491	369	-21	0	1647	10	196	0	160
220	67	378	26	470	500	10	0	380	69
221	383	17	-30	940	970	10	620	0	169
222	7	82	25	412	442	10	0	552	36
223	342	319	36	0	1800	10	0	283	298
224	78	406	-32	960	990	10	59	0	145
225	103	123	8	490	520	10	0	39	81
226	241	38	-14	0	1703	10	674	0	258
227	224	3	-18	690	720	10	245	0	100
228	436	467	-25	736	766	10	995	0	11
229	438	488	18	0	1612	10	0	118	319
230	351	60	-12	0	1700	10	624	0	65
231	13	214	-10	1354	1384	10	616	0	7
232	429	67	16	732	762	10	0	592	126
233	498	456	27	0	1593	10	0	822	52
234	135	400	-20	0	1726	10	22	0	369
235	215	293	13	55	85	10	0	504	7
236	354	416	-25	0	1720	10	550	0	341
237	294	421	-19	1575	1605	10	763	0	331
238	208	445	22	0	1716	10	0	840	371
239	230	320	8	1192	1222	10	0	704	287
240	157	38	3	0	1684	10	0	702	3
241	441	100	-14	0	1673	10	978	0	345
242	61	170	-23	1006	1036	10	807	0	205
243	79	467	22	351	381	10	0	379	26
244	365	190	-13	1477	1507	10	524	0	152
245	282	1	18	0	1664	10	0	227	100
246	124	111	15	0	1728	10	0	521	377
247	247	219	-19	0	1884	10	610	0	458
248	28	180	-21	0	1683	10	298	0	357
249	167	488	-20	252	282	10	369	0	3
250	442	289	-7	0	1720	10	734	0	146
251	136	430	-22	0	1702	10	517	0	11
252	38	15	3	0	1599	10	0	410	308
253	246	314	-30	1445	1475	10	28	0	7
254	176	200	-17	568	598	10	673	0	7
255	337	232	-10	1571	1601	10	924	0	333
256	257	133	19	0	1798	10	0	126	399
257	295	247	-19	1303	1333	10	201	0	313
258	39	162	18	565	595	10	0	197	91
259	79	257	-11	953	983	10	824	0	160
260	236	126	23	0	1791	10	0	914	407
261	259	498	33	1075	1105	10	0	12	214
262	180	162	9	0	1803	10	0	435	416
263	53	466	9	335	365	10	0	418	18
264	167	291	-12	1634	1664	10	737	0	27
265	89	185	-6	600	630	10	296	0	55
266	487	446	9	0	1608	10	0	130	102
267	308	199	-14	0	1838	10	129	0	411
268	481	84	17	506	536	10	0	974	62
269	495	227	20	0	1669	10	0	922	120
270	397	57	17	0	1673	10	0	414	304
271	372	39	10	0	1672	10	0	564	349
272	278	450	29	1375	1405	10	0	102	300
273	292	32	14	229	259	10	0	691	9
274	90	496	13	0	1622	10	0	24	135
275	68	53	-15	739	769	10	158	0	121
276	371	423	10	0	1704	10	0	783	370
277	273	149	-12	0	1812	10	971	0	423
278	297	283	-16	0	1858	10	116	0	403
279	120	37	-23	0	1666	10	134	0	80
280	371	488	-22	0	1649	10	749	0	108
281	206	174	-27	0	1828	10	433	0	382
282	174	347	3	0	1792	10	0	808	4
283	330	281	-36	1330	1360	10	223	0	298
284	67	451	-18	1216	1246	10	375	0	98
285	27	464	-8	0	1606	10	365	0	25
286	361	178	-9	0	1783	10	486	0	7
287	463	406	-9	857	887	10	848	0	153
288	456	157	-17	0	1689	10	797	0	90
289	153	244	5	108	138	10	0	138	10
290	153	192	-28	0	1802	10	829	0	122
291	352	63	6	1178	1208	10	0	465	248
292	371	71	-23	0	1699	10	348	0	361
293	163	472	9	653	683	10	0	545	111
294	448	495	40	384	414	10	0	490	24
295	282	10	30	0	1673	10	0	780	265
296	66	163	6	395	425	10	0	265	55
297	314	205	-14	1527	1557	10	372	0	22
298	83	169	21	0	1730	10	0	248	357
299	221	291	-2	0	1865	10	371	0	263
300	374	116	9	587	617	10	0	131	108
301	418	269	3	0	1746	10	0	736	78
302	178	302	-13	887	917	10	18	0	182
303	250	57	-3	0	1722	10	98	0	354
304	475	352	33	0	1668	10	0	347	345
305	1	252	-27	0	1666	10	401	0	21
306	286	356	-9	0	1804	10	799	0	21
307	65	82	13	740	770	10	0	492	130
308	154	392	9	171	201	10	0	582	4
309	196	56	15	0	1714	10	0	815	361
310	366	390	23	0	1734	10	0	5	173
311	436	25	-15	1282	1312	10	952	0	186
312	67	352	-15	0	1706	10	88	0	312
313	173	182	-7	102	132	10	667	0	4
314	390	34	7	1060	1090	10	0	317	208
315	18	225	8	0	1682	10	0	1000	359
316	57	43	15	0	1632	10	0	701	159
317	388	44	-7	1131	1161	10	314	0	208
318	269	112	-24	1263	1293	10	499	0	170
319	374	260	27	0	1791	0	0	1004	416
320	291	213	-15	1258	1288	10	941	0	247
321	178	420	18	1071	1101	10	0	460	229
322	389	255	15	785	815	10	0	43	168
323	134	194	-35	1652	1682	10	212	0	7
324	93	490	-14	379	409	10	688	0	28
325	64	294	-14	0	1724	10	9	0	380
326	493	111	26	541	571	10	0	975	72
327	150	484	16	0	1661	10	0	479	198
328	235	316	-26	656	686	10	751	0	147
329	239	15	2	0	1680	10	0	366	198
330	193	138	-21	0	1790	10	819	0	7
331	40	278	-18	0	1704	10	685	0	127
332	307	52	-11	0	1709	10	968	0	273
333	161	416	25	0	1727	10	0	946	80
334	381	457	-21	471	501	10	835	0	14
335	55	318	13	312	342	10	0	363	33
336	80	279	-22	0	1743	10	156	0	372
337	48	162	15	220	250	10	0	143	7
338	91	27	-4	1182	1212	10	491	0	138
339	288	70	24	183	213	10	0	103	7
340	177	404	-19	0	1745	10	182	0	146
341	10	237	19	616	646	10	0	637	101
342	493	493	20	856	886	10	0	750	135
343	440	292	-25	940	970	10	509	0	172
344	349	76	15	1031	1061	10	0	823	215
345	47	208	-20	226	256	10	86	0	7
346	283	454	-8	0	1709	10	425	0	116
347	486	324	-33	0	1668	10	304	0	345
348	392	87	23	0	1699	10	0	292	361
349	122	422	-23	1457	1487	10	597	0	7
350	37	281	17	493	523	10	0	585	76
351	413	127	28	831	861	10	0	584	164
352	222	499	7	845	875	10	0	432	156
353	211	446	-18	0	1716	10	901	0	27
354	30	7	-10	1189	1219	10	503	0	219
355	398	341	33	939	969	10	0	771	198
356	26	67	-8	1317	1347	10	364	0	249
357	461	186	16	0	1695	10	0	756	364
358	313	391	-18	0	1761	10	7	0	305
359	471	94	30	0	1645	10	0	535	336
360	341	72	9	805	835	10	0	458	158
361	130	186	16	136	166	10	0	553	7
362	257	57	18	0	1722	10	0	10	201
363	94	344	-13	0	1733	10	335	0	33
364	6	53	8	0	1602	10	0	356	249
365	146	376	8	234	264	10	0	285	25
366	244	13	-2	1013	1043	10	329	0	198
367	29	336	22	0	1678	10	0	518	350
368	306	42	11	0	1700	10	0	184	365
369	177	486	20	0	1668	10	0	249	3
370	489	338	-30	1397	1427	10	188	0	290
371	179	318	2	1121	1151	10	0	299	263
372	344	203	14	167	197	10	0	297	22
373	149	341	-21	404	434	10	651	0	23
374	307	412	-15	0	1744	10	790	0	390
375	68	450	18	633	663	10	0	284	98
376	420	80	-30	0	1675	10	467	0	346
377	144	220	35	0	1805	0	0	1030	423
378	497	54	14	978	1008	10	0	20	173
379	80	458	-22	371	401	10	243	0	26
380	84	377	-26	0	1706	10	220	0	69
381	332	382	-13	1010	1040	10	469	0	161
382	6	196	-26	1203	1233	10	48	0	238
383	104	28	-14	0	1650	10	387	0	341
384	224	320	-25	1284	1314	10	459	0	303
385	87	3	13	0	1620	0	0	1003	331
386	149	214	7	0	1808	10	0	609	235
387	98	29	14	0	1647	10	0	383	341
388	135	30	12	0	1667	10	0	628	7
389	287	397	-20	564	594	10	626	0	108
390	107	374	-16	914	944	10	608	0	38
391	355	485	10	0	1658	10	0	175	260
392	51	286	-28	1459	1489	10	525	0	224
393	49	118	3	0	1675	10	0	71	100
394	159	226	16	94	124	0	0	1042	7
395	185	431	15	0	1723	10	0	981	315
396	262	92	25	0	1757	10	0	101	349
397	475	198	-7	0	1685	10	725	0	23
398	142	30	-6	0	1670	10	846	0	353
399	481	207	34	0	1681	10	0	422	357
400	174	122	-21	593	623	10	699	0	115
401	35	263	27	270	300	10	0	305	21
402	24	71	11	346	376	10	0	30	21
403	173	65	12	448	478	0	0	1034	69
404	91	326	-21	0	1739	10	777	0	164
405	470	417	-8	737	767	10	123	0	119
406	397	153	-30	882	912	10	876	0	18
407	295	283	-14	0	1860	10	728	0	409
408	174	376	8	0	1768	0	0	1006	405
409	38	190	23	0	1695	10	0	151	362
410	16	68	-3	0	1619	10	252	0	308
411	179	286	8	0	1836	10	0	762	427
412	244	422	-14	538	568	10	925	0	94
413	250	441	-15	0	1724	10	700	0	13
414	497	18	-17	0	1577	10	270	0	304
415	195	111	-13	998	1028	10	724	0	145
416	26	221	28	996	1026	10	0	882	200
417	442	5	-11	320	350	10	76	0	6
418	44	496	-9	0	1595	10	263	0	18
419	448	404	15	0	1665	10	0	849	349
420	471	427	-10	0	1632	10	903	0	7
421	460	424	-20	1455	1485	10	950	0	60
422	461	195	-34	0	1697	10	399	0	357
423	146	313	22	0	1794	10	0	859	356
424	19	273	25	1017	1047	10	0	92	203
425	245	461	8	649	679	10	0	346	116
426	69	266	-25	0	1734	10	885	0	378
427	191	84	-18	867	897	10	38	0	170
428	68	160	21	0	1712	10	0	2	239
429	212	47	-18	801	831	10	473	0	33
430	80	337	28	0	1725	10	0	596	359
431	412	478	-26	0	1636	10	480	0	329
432	225	488	-7	0	1676	10	352	0	156
433	105	140	27	0	1733	10	0	281	382
434	389	43	-26	0	1666	10	752	0	7
435	177	156	-9	0	1796	10	262	0	416
436	179	497	-7	1411	1441	10	539	0	291
437	377	432	-10	831	861	10	951	0	127
438	497	296	14	613	643	10	0	72	97
439	152	476	45	523	553	10	0	738	76
440	277	428	7	490	520	10	0	669	84
441	64	5	14	1129	1159	10	0	976	212
442	44	311	-11	0	1701	10	62	0	182
443	165	59	-12	943	973	10	683	0	182
444	261	138	1	0	1803	10	0	176	418
445	268	351	7	0	1813	10	0	85	241
446	48	150	-21	0	1690	10	113	0	66
447	215	79	5	0	1741	10	0	599	388
448	109	56	27	239	269	10	0	214	7
449	171	188	-37	621	651	10	655	0	127
450	284	457	17	0	1706	10	0	451	371
451	274	442	-17	0	1722	10	450	0	371
452	33	286	11	0	1696	10	0	742	84
453	112	433	-23	0	1686	10	708	0	7
454	423	170	27	513	543	10	0	973	88
455	213	283	14	0	1866	10	0	461	352
456	240	34	-21	0	1699	10	1	0	235
457	283	438	3	231	261	10	0	920	17
458	324	99	-9	0	1747	10	360	0	158
459	259	301	25	0	1864	10	0	384	303
460	189	402	-18	0	1752	10	321	0	229
461	215	282	-14	1440	1470	10	455	0	352
462	166	440	12	0	1708	10	0	203	353
463	374	232	-21	125	155	10	916	0	4
464	339	113	-24	0	1752	10	766	0	371
465	335	46	-6	0	1694	10	291	0	248
466	313	493	-22	1193	1223	10	744	0	237
467	432	66	30	0	1657	10	0	376	346
468	76	462	-19	956	986	10	768	0	175
469	397	477	13	0	1645	10	0	381	161
470	196	489	23	1030	1060	10	0	926	203
471	354	156	20	0	1775	10	0	505	239
472	171	24	-18	1383	1413	10	577	0	141
473	187	73	18	292	322	10	0	429	33
474	243	408	15	0	1757	10	0	900	397
475	421	387	15	0	1696	10	0	862	365
476	141	426	23	531	561	10	0	860	88
477	415	118	-11	0	1704	10	987	0	366
478	240	255	-14	1611	1641	10	844	0	393
479	162	388	-16	1126	1156	10	327	0	198
480	413	493	26	0	1623	10	0	431	329
481	69	414	6	1263	1293	0	0	1005	262
482	273	70	-20	619	649	10	962	0	114
483	142	14	18	835	865	10	0	795	151
484	185	434	-25	0	1720	10	663	0	92
485	360	294	-27	0	1797	10	186	0	215
486	265	240	9	18	48	10	0	286	7
487	280	245	21	30	60	10	0	743	7
488	87	51	35	0	1658	10	0	942	204
489	195	273	22	59	89	10	0	718	7
490	422	498	-40	692	722	10	294	0	24
491	95	64	4	766	796	10	0	338	138
492	63	155	-13	0	1706	10	307	0	130
493	24	259	19	0	1689	10	0	52	352
494	376	92	10	0	1713	10	0	871	198
495	83	300	26	500	530	10	0	543	88
496	72	477	46	288	318	10	0	958	7
497	380	194	3	0	1774	0	0	1031	408
498	72	227	25	0	1736	10	0	63	247
499	238	123	24	781	811	10	0	318	170
500	188	119	44	975	1005	10	0	53	215
501	229	322	-23	0	1840	10	834	0	334
502	150	68	23	0	1708	10	0	514	368
503	67	24	10	0	1625	10	0	354	219
504	63	420	-13	0	1663	10	235	0	7
505	339	144	-20	1099	1129	10	471	0	239
506	454	201	-31	0	1706	10	991	0	78
507	158	24	18	0	1671	0	0	1035	356
508	365	119	30	382	412	10	0	778	59
509	440	284	25	852	882	10	0	343	172
510	417	212	12	910	940	10	0	159	192
511	404	439	-13	0	1672	10	705	0	354
512	472	248	-33	0	1693	10	198	0	352
513	235	108	12	0	1773	10	0	930	88
514	174	67	-23	0	1717	10	502	0	368
515	132	151	22	154	184	10	0	666	7
516	217	207	26	0	1861	10	0	82	433
517	162	306	22	119	149	10	0	251	11
518	48	366	-22	0	1683	10	367	0	350
519	209	68	27	0	1729	10	0	947	382
520	94	497	31	0	1623	10	0	66	329
521	110	122	-15	0	1726	10	246	0	377
522	274	403	-38	0	1761	10	77	0	392
523	421	386	-25	824	854	10	649	0	156
524	399	175	13	747	777	10	0	244	152
525	56	268	28	1064	1094	10	0	392	224
526	322	406	17	0	1744	10	0	983	386
527	244	277	-12	1301	1331	10	15	0	253
528	105	181	-28	0	1755	10	79	0	395
529	30	97	23	1210	1240	0	0	1007	243
530	359	246	18	0	1806	10	0	60	173
531	498	457	15	0	1592	10	0	969	302
532	190	267	36	0	1853	10	0	26	443
533	334	481	32	0	1670	10	0	124	76
534	18	24	32	628	658	10	0	786	83
535	482	104	-30	0	1641	10	359	0	336
536	460	328	-11	0	1691	10	570	0	364
537	320	211	16	993	1023	10	0	541	235
538	494	165	-14	0	1657	10	735	0	196
539	167	445	7	0	1704	10	0	436	291
540	340	291	22	470	500	10	0	713	100
541	272	234	-16	1590	1620	10	537	0	235
542	325	56	13	796	826	0	0	1037	154
543	71	304	-26	689	719	10	495	0	88
544	87	311	7	0	1741	10	0	190	17
545	207	487	-9	0	1675	10	293	0	111
546	332	5	-24	1033	1063	10	774	0	185
547	161	275	21	0	1823	0	0	1044	432
548	268	458	-34	523	553	10	908	0	82
549	175	352	12	0	1789	10	0	690	397
550	398	476	25	0	1645	10	0	236	341
551	51	360	13	1145	1175	10	0	944	236
552	21	70	-25	771	801	10	222	0	36
553	80	251	-16	304	334	10	361	0	7
554	457	280	-19	1000	1030	10	125	0	201
555	423	315	-11	0	1731	10	714	0	376
556	66	88	-21	0	1670	10	210	0	54
557	479	387	-22	0	1649	10	730	0	306
558	436	123	40	0	1690	10	0	818	353
559	286	244	-31	1284	1314	10	802	0	7
560	449	190	2	1140	1170	0	0	1017	240
561	456	113	-14	1227	1257	10	605	0	75
562	480	152	-5	0	1665	10	598	0	114
563	100	266	5	470	500	10	0	723	87
564	343	34	-10	0	1680	10	271	0	349
565	374	306	-15	994	1024	10	998	0	182
566	13	465	31	774	804	10	0	886	121
567	230	487	-22	1130	1160	10	779	0	221
568	442	153	-9	0	1700	10	94	0	362
569	240	362	23	0	1803	10	0	671	376
570	433	319	11	0	1720	10	0	536	364
571	0	422	-13	821	851	10	698	0	125
572	297	131	-35	0	1788	10	646	0	269
573	71	12	2	297	327	10	0	604	7
574	44	440	-23	0	1635	10	769	0	327
575	447	184	-23	0	1708	10	676	0	206
576	341	59	-36	790	820	10	889	0	149
577	132	32	18	784	814	10	0	472	141
578	411	396	23	0	1698	10	0	146	135
579	450	416	25	0	1656	10	0	929	322
580	323	34	13	0	1687	0	0	1011	364
581	244	368	25	414	444	10	0	856	81
582	90	477	-9	277	307	10	308	0	4
583	34	169	-24	484	514	10	58	0	66
584	351	128	-28	0	1757	10	351	0	164
585	71	282	-17	0	1734	10	350	0	76
586	157	269	-8	1576	1606	10	726	0	7
587	392	1	11	605	635	10	0	660	87
588	39	153	26	798	828	0	0	1022	148
589	306	229	-14	1320	1350	10	960	0	275
590	415	253	21	367	397	10	0	54	57
591	92	76	4	1139	1169	10	0	617	233
592	437	98	-16	1114	1144	10	232	0	126
593	12	367	27	0	1650	10	0	717	25
594	448	414	23	0	1658	10	0	949	318
595	128	113	-29	363	393	10	636	0	47
596	43	360	-28	0	1681	10	430	0	359
597	102	422	23	226	256	10	0	349	7
598	480	131	5	688	718	10	0	562	114
599	210	81	-5	0	1742	10	447	0	388
600	432	2	20	0	1608	10	0	892	71
601	396	83	-24	1586	1616	10	661	0	345
602	489	159	29	0	1660	10	0	648	345
603	56	75	-24	0	1654	10	155	0	7
604	66	31	-2	0	1629	10	573	0	7
605	460	117	14	520	550	10	0	561	75
606	175	239	23	75	105	10	0	122	7
607	217	333	-10	0	1826	10	630	0	121
608	62	375	16	349	379	10	0	390	38
609	82	183	-7	1102	1132	10	386	0	235
610	248	214	19	0	1879	10	0	247	458
611	385	239	21	786	816	10	0	712	170
612	371	315	-34	0	1778	10	656	0	393
613	333	163	32	0	1795	10	0	105	303
614	100	66	15	0	1678	10	0	813	352
615	311	422	-35	0	1733	10	631	0	43
616	153	235	10	98	128	10	0	231	7
617	168	109	-4	0	1752	10	591	0	233
618	284	319	17	0	1839	10	0	127	96
619	195	464	20	0	1695	10	0	97	365
620	382	9	30	0	1641	10	0	221	169
621	325	210	-15	0	1830	10	21	0	413
622	366	334	5	410	440	10	0	128	74
623	200	78	-13	0	1736	10	643	0	255
624	351	5	12	496	526	10	0	230	65
625	197	202	-28	1204	1234	10	703	0	278
626	270	337	20	0	1826	10	0	389	108
627	125	65	-26	788	818	10	740	0	144
628	120	17	-12	279	309	10	388	0	7
629	84	255	-10	0	1749	10	934	0	19
630	222	331	10	540	570	10	0	607	121
631	332	459	35	369	399	10	0	615	43
632	226	175	23	1694	1724	0	0	1009	411
633	404	140	-31	1259	1289	10	56	0	241
634	223	178	-33	1136	1166	10	185	0	134
635	330	308	24	1170	1200	10	0	65	275
636	140	108	29	0	1736	10	0	595	47
637	34	239	-19	0	1699	10	341	0	101
638	94	192	-11	1080	1110	10	179	0	166
639	458	213	-21	1128	1158	10	887	0	231
640	13	314	14	0	1670	10	0	145	119
641	202	391	-12	0	1767	10	150	0	150
642	339	41	6	456	486	10	0	689	64
643	224	56	13	1186	1216	10	0	623	255
644	345	431	12	345	375	10	0	78	42
645	292	104	26	304	334	10	0	785	45
646	318	99	35	1213	1243	10	0	572	269
647	46	248	9	814	844	10	0	959	159
648	482	184	-29	0	1674	10	602	0	345
649	411	379	25	0	1709	10	0	523	156
650	293	174	31	87	117	0	0	1023	7
651	169	305	21	162	192	10	0	373	23
652	394	47	5	313	343	10	0	653	23
653	323	29	-5	1137	1167	10	652	0	23
654	65	343	38	207	237	0	0	1021	7
655	158	179	37	0	1799	10	0	449	127
656	299	353	34	0	1801	10	0	612	393
657	9	233	31	0	1674	10	0	707	196
658	330	138	18	0	1778	10	0	87	284
659	48	412	-11	1032	1062	10	121	0	171
660	385	17	-11	809	839	10	587	0	87
661	382	110	24	0	1723	10	0	601	345
662	336	493	-21	0	1658	10	907	0	343
663	181	441	25	542	572	10	0	484	92
664	162	301	-12	1613	1643	10	205	0	220
665	1	101	8	1257	1287	10	0	940	249
666	80	117	-22	824	854	10	515	0	7
667	210	219	7	50	80	10	0	313	4
668	404	59	13	913	943	10	0	793	174
669	288	439	-7	0	1723	10	440	0	84
670	149	458	13	0	1684	10	0	80	4
671	257	391	-23	1633	1663	10	569	0	376
672	405	349	15	522	552	0	0	1028	92
673	191	215	17	68	98	10	0	254	7
674	231	29	14	1226	1256	10	0	226	258
675	253	50	27	226	256	0	0	1039	13
676	441	177	23	1001	1031	10	0	575	206
677	5	445	-15	0	1602	10	961	0	316
678	463	253	-13	0	1702	10	872	0	7
679	435	180	37	225	255	10	0	868	14
680	198	85	28	263	293	10	0	33	30
681	59	388	-23	663	693	10	166	0	111
682	373	418	-34	1259	1289	10	174	0	232
683	142	80	12	0	1714	10	0	443	182
684	441	7	20	392	422	10	0	154	28
685	33	268	18	696	726	10	0	331	127
686	355	174	33	0	1786	10	0	891	81
687	228	260	12	1606	1636	10	0	866	402
688	114	460	14	0	1665	10	0	324	28
689	337	41	-6	1002	1032	10	642	0	64
690	154	374	-12	0	1759	10	549	0	397
691	235	13	-14	359	389	10	273	0	9
692	303	78	12	179	209	10	0	864	7
693	103	464	22	0	1656	0	0	1027	349
694	325	311	22	0	1819	10	0	899	4
695	306	235	25	57	87	0	0	1024	7
696	382	360	26	178	208	10	0	831	9
697	235	288	18	0	1875	10	0	909	274
698	0	356	13	0	1644	10	0	571	125
699	178	135	21	0	1780	10	0	400	115
700	226	423	15	197	227	10	0	413	13
701	15	11	-15	952	982	10	316	0	159
702	144	35	-3	239	269	10	240	0	3
703	176	199	28	0	1826	10	0	625	278
704	247	306	-8	0	1859	10	239	0	287
705	396	417	13	0	1694	10	0	511	354
706	289	220	-35	0	1866	10	787	0	192
707	23	235	-31	1023	1053	10	657	0	196
708	137	377	23	169	199	10	0	453	7
709	400	71	17	0	1682	10	0	187	332
710	261	359	-26	0	1806	10	875	0	21
711	438	127	-32	941	971	10	953	0	148
712	318	280	-21	0	1841	10	611	0	170
713	333	293	-22	617	647	10	540	0	100
714	436	295	11	0	1724	10	0	555	376
715	62	94	16	0	1671	10	0	855	283
716	495	355	-16	1243	1273	10	910	0	247
717	13	394	-27	373	403	10	593	0	25
718	172	292	-22	0	1827	10	489	0	7
719	14	232	-4	0	1679	10	765	0	356
720	437	90	-36	0	1669	10	115	0	328
721	214	274	-26	0	1872	10	213	0	7
722	420	383	27	0	1700	10	0	828	292
723	120	261	-5	793	823	10	563	0	87
724	179	75	13	740	770	10	0	415	145
725	484	224	7	300	330	10	0	397	23
726	214	245	8	36	66	10	0	586	7
727	395	474	26	387	417	10	0	760	37
728	368	311	14	0	1783	10	0	407	409
729	199	203	20	1457	1487	10	0	796	354
730	485	428	22	1490	1520	10	0	557	306
731	86	199	-21	0	1744	10	95	0	20
732	447	272	12	384	414	10	0	109	53
733	40	304	-23	1145	1175	10	755	0	96
734	475	267	7	780	810	10	0	250	146
735	482	141	14	1011	1041	10	0	538	196
736	489	274	-3	534	564	10	301	0	78
737	26	342	12	321	351	10	0	264	27
738	139	438	-45	0	1697	10	439	0	76
739	12	358	-21	1224	1254	10	45	0	50
740	125	61	26	0	1689	10	0	627	144
741	360	284	-24	0	1800	10	967	0	417
742	29	358	-11	611	641	10	452	0	84
743	285	247	-21	0	1880	10	487	0	7
744	248	386	22	0	1779	10	0	466	237
745	415	207	18	900	930	10	0	782	189
746	130	247	17	0	1795	10	0	804	409
747	172	66	-22	1303	1333	10	798	0	214
748	92	259	-18	399	429	10	140	0	7
749	379	486	22	672	702	10	0	280	108
750	452	484	-20	0	1606	10	342	0	135
751	268	288	26	0	1873	10	0	328	147
752	349	43	26	229	259	10	0	434	7
753	225	269	-21	0	1884	10	775	0	7
754	50	383	20	260	290	0	0	1015	12
755	110	251	23	498	528	10	0	733	96
756	461	182	-16	0	1694	10	357	0	364
757	255	487	-17	0	1678	10	897	0	41
758	133	202	33	461	491	10	0	985	91
759	34	329	-12	1043	1073	10	915	0	207
760	368	452	-26	670	700	10	727	0	37
761	242	106	-18	1268	1298	10	842	0	283
762	171	303	-8	0	1820	10	411	0	427
763	329	456	19	0	1695	10	0	237	331
764	490	286	-12	0	1673	10	939	0	352
765	61	214	4	0	1723	10	0	719	356
766	365	74	24	0	1705	10	0	464	371
767	321	149	18	0	1792	10	0	921	186
768	84	453	19	0	1653	10	0	468	175
769	26	442	23	0	1620	10	0	574	327
770	180	283	23	744	774	10	0	117	174
771	394	322	-33	1025	1055	10	355	0	198
772	348	348	-11	935	965	10	44	0	183
773	309	161	23	0	1809	10	0	114	183
774	385	58	24	0	1681	10	0	546	185
775	228	287	21	43	73	10	0	753	7
776	312	453	-25	550	580	10	161	0	34
777	35	344	21	863	893	10	0	404	164
778	393	98	-30	0	1707	10	508	0	59
779	208	488	22	0	1674	10	0	567	221
780	235	33	-30	1337	1367	10	295	0	265
781	140	137	32	570	600	0	0	1019	110
782	405	187	-18	1251	1281	10	745	0	189
783	330	371	-10	0	1770	10	276	0	370
784	265	0	-1	0	1665	10	847	0	350
785	295	89	-26	742	772	10	645	0	45
786	3	23	-32	0	1580	10	534	0	83
787	363	225	35	856	886	10	0	706	192
788	148	208	22	0	1805	10	0	51	419
789	466	362	15	0	1672	10	0	906	337
790	267	290	15	0	1872	10	0	374	390
791	98	2	14	0	1625	10	0	895	295
792	131	246	17	832	862	10	0	820	185
793	418	75	-13	0	1673	10	668	0	174
794	366	260	-18	1520	1550	10	911	0	7
795	138	28	-18	1097	1127	10	483	0	151
796	209	212	-20	0	1860	10	729	0	354
797	443	167	17	543	573	10	0	288	90
798	156	65	22	1037	1067	10	0	747	214
799	279	355	9	166	196	10	0	306	21
800	206	172	-19	788	818	10	144	0	171
801	32	94	-31	930	960	10	979	0	7
802	301	239	31	52	82	10	0	559	7
803	471	368	19	0	1665	10	0	874	351
804	133	273	-17	0	1796	10	746	0	409
805	253	74	20	0	1739	0	0	1041	390
806	470	405	-23	0	1646	10	180	0	79
807	77	172	23	0	1726	10	0	242	205
808	77	465	-3	275	305	10	282	0	4
809	466	96	22	1383	1413	0	0	1010	286
810	402	277	5	0	1761	0	0	1045	401
811	267	374	23	601	631	0	0	1026	126
812	450	194	-31	625	655	10	209	0	109
813	89	65	-15	0	1670	10	614	0	352
814	429	389	18	424	454	10	0	142	56
815	202	28	-15	0	1688	10	309	0	361
816	46	389	-7	0	1669	10	977	0	45
817	246	407	12	0	1758	10	0	11	344
818	452	110	-40	0	1670	10	558	0	353
819	213	185	21	74	104	10	0	330	7
820	134	276	-17	0	1797	10	792	0	185
821	262	97	17	947	977	10	0	917	205
822	469	489	-27	555	585	10	233	0	52
823	364	71	-15	0	1703	10	344	0	215
824	68	240	11	794	824	10	0	259	160
825	494	468	31	352	382	10	0	216	7
826	439	222	-24	0	1724	10	119	0	220
827	386	225	13	919	949	0	0	1033	202
828	434	359	-27	1392	1422	10	722	0	292
829	103	177	28	626	656	10	0	290	122
830	89	322	-26	1021	1051	10	858	0	7
831	307	249	-26	1377	1407	10	696	0	9
832	30	155	-22	0	1676	10	896	0	119
833	401	314	-27	976	1006	10	133	0	199
834	217	357	23	1420	1450	10	0	501	334
835	373	421	21	237	267	10	0	334	14
836	5	281	16	1372	1402	0	0	1018	288
837	173	474	-13	0	1679	10	992	0	7
838	36	301	21	219	249	10	0	964	7
839	429	169	8	0	1719	10	0	8	241
840	195	450	-22	0	1708	10	238	0	371
841	95	382	-19	0	1712	10	73	0	7
842	225	121	18	0	1784	10	0	761	283
843	10	407	36	434	464	10	0	32	44
844	221	269	14	0	1881	10	0	478	393
845	264	180	-32	1681	1711	10	173	0	402
846	168	59	6	0	1708	10	0	398	353
847	281	96	1	0	1758	10	0	784	350
848	387	349	9	0	1746	10	0	287	153
849	398	329	-15	0	1748	10	419	0	349
850	239	486	3	0	1679	10	0	192	273
851	237	420	-24	0	1745	10	35	0	50
852	346	354	-8	0	1774	10	19	0	376
853	172	314	-19	545	575	10	918	0	106
854	233	230	20	26	56	10	0	927	7
855	79	80	-16	1382	1412	10	715	0	283
856	243	402	-25	0	1763	10	581	0	81
857	117	110	-14	0	1722	10	107	0	364
858	66	314	26	194	224	10	0	830	7
859	58	391	-22	0	1677	10	423	0	356
860	142	360	-23	1532	1562	10	476	0	88
861	492	326	19	1204	1234	10	0	215	245
862	381	328	-15	0	1763	10	475	0	365
863	62	236	-5	0	1727	10	902	0	97
864	344	70	-12	0	1712	10	692	0	7
865	151	81	28	1558	1588	10	0	948	348
866	240	240	-12	1700	1730	10	687	0	402
867	46	163	-11	0	1694	10	157	0	358
868	455	168	-37	867	897	10	679	0	14
869	428	202	-29	904	934	10	67	0	178
870	432	199	-25	0	1726	10	988	0	29
871	391	112	-10	1000	1030	10	494	0	198
872	451	305	13	208	238	10	0	678	7
873	214	311	14	70	100	10	0	57	7
874	465	367	-19	0	1671	10	803	0	351
875	164	473	26	296	326	10	0	710	21
876	364	173	30	180	210	10	0	406	18
877	274	261	-7	1707	1737	10	943	0	21
878	133	455	-25	808	838	10	50	0	25
879	351	481	10	322	352	10	0	913	24
880	115	395	11	815	845	0	0	1043	161
881	297	304	-15	0	1844	10	40	0	365
882	7	194	-28	0	1666	10	416	0	200
883	409	255	-19	0	1756	10	89	0	7
884	87	213	18	0	1748	0	0	1029	395
885	60	246	25	0	1725	10	0	426	378
886	3	471	-31	0	1584	10	566	0	121
887	418	251	21	0	1747	10	0	639	231
888	153	362	-18	0	1767	10	171	0	376
889	323	77	36	0	1728	10	0	576	149
890	143	158	12	0	1774	10	0	963	12
891	351	148	-33	461	491	10	686	0	81
892	426	38	-20	609	639	10	600	0	71
893	226	316	21	70	100	10	0	99	7
894	347	192	-12	1488	1518	10	935	0	198
895	102	6	-14	1458	1488	10	791	0	295
896	41	120	22	696	726	10	0	832	119
897	247	443	17	330	360	10	0	757	41
898	218	271	16	0	1877	0	0	1025	459
899	376	385	-22	184	214	10	694	0	4
900	241	402	-15	0	1763	10	474	0	397
901	213	399	18	234	264	10	0	353	27
902	32	191	5	586	616	10	0	863	97
903	441	374	10	227	257	10	0	420	7
904	376	113	8	0	1729	10	0	193	345
905	215	434	-15	0	1728	10	183	0	382
906	499	316	-15	0	1658	10	789	0	337
907	318	497	21	0	1659	10	0	662	343
908	256	441	34	0	1724	10	0	548	82
909	174	397	-18	1245	1275	10	697	0	274
910	468	360	16	0	1671	10	0	716	247
911	287	256	18	37	67	10	0	794	7
912	448	397	33	866	896	10	0	996	162
913	352	487	-10	902	932	10	879	0	24
914	253	118	-23	0	1783	10	260	0	407
915	159	299	12	0	1812	10	0	759	207
916	351	233	21	0	1813	10	0	463	4
917	268	113	-17	0	1777	10	821	0	205
918	164	332	19	0	1797	10	0	853	106
919	88	484	5	0	1631	10	0	211	46
920	360	488	-3	0	1653	10	457	0	17
921	343	166	-18	876	906	10	767	0	186
922	497	266	-20	748	778	10	269	0	120
923	138	406	8	1216	1246	10	0	206	263
924	420	224	10	0	1744	10	0	255	333
925	231	410	14	0	1754	10	0	412	94
926	199	438	-23	0	1721	10	470	0	203
927	219	215	-20	0	1869	10	854	0	7
928	365	274	14	117	147	10	0	4	7
929	481	454	-25	0	1607	10	579	0	322
930	187	61	-12	545	575	10	513	0	88
931	372	97	-17	214	244	10	153	0	9
932	187	263	35	64	94	10	0	160	7
933	371	427	23	0	1701	0	0	1038	371
934	74	215	10	229	259	10	0	629	19
935	375	145	12	929	959	10	0	894	198
936	365	28	-19	268	298	10	91	0	9
937	118	314	26	338	368	10	0	199	55
938	60	29	-28	1363	1393	10	31	0	145
939	478	300	12	0	1682	10	0	764	352
940	33	152	-8	0	1677	10	665	0	249
941	347	184	15	1079	1109	10	0	320	247
942	94	40	-35	1068	1098	10	488	0	204
943	290	328	7	144	174	10	0	877	21
944	96	346	-13	0	1734	10	551	0	236
945	97	288	22	0	1758	10	0	84	342
946	176	470	-25	547	577	10	333	0	80
947	206	97	-27	0	1756	10	519	0	382
948	210	133	-28	0	1792	10	865	0	348
949	489	457	-23	0	1599	10	594	0	318
950	418	399	20	438	468	10	0	421	60
951	392	491	10	0	1636	10	0	437	127
952	437	19	15	1014	1044	10	0	311	186
953	495	83	32	0	1619	10	0	711	148
954	468	352	-13	0	1675	10	152	0	7
955	390	120	24	0	1724	10	0	984	378
956	80	357	-4	0	1715	10	982	0	139
957	394	310	10	0	1759	0	0	1032	400
958	61	441	-46	544	574	10	496	0	7
959	52	303	-9	0	1711	10	647	0	159
960	391	202	14	0	1767	10	0	589	275
961	36	451	15	0	1622	10	0	677	316
962	276	84	20	0	1747	10	0	482	114
963	130	140	-12	194	224	10	890	0	12
964	16	287	-21	0	1679	10	838	0	7
965	292	136	28	0	1794	10	0	61	335
966	53	204	-10	0	1713	10	69	0	374
967	359	287	24	0	1800	10	0	741	417
968	309	29	11	1294	1324	10	0	332	273
969	473	491	-15	0	1587	10	531	0	302
970	273	255	-15	0	1892	10	218	0	168
971	263	153	12	0	1818	10	0	277	423
972	328	458	-36	768	798	10	164	0	138
973	401	164	-27	0	1742	10	454	0	88
974	480	119	-17	0	1651	10	268	0	62
975	488	96	-26	0	1632	10	326	0	72
976	149	98	-14	0	1733	10	441	0	212
977	49	437	7	427	457	10	0	816	45
978	440	77	14	0	1659	10	0	241	345
979	43	135	31	236	266	10	0	801	7
980	188	151	-32	1297	1327	10	120	0	74
981	175	422	-15	1446	1476	10	395	0	315
982	48	437	4	804	834	10	0	956	139
983	334	403	-17	0	1741	10	526	0	386
984	372	115	-24	0	1734	10	955	0	378
985	111	192	-33	1199	1229	10	758	0	91
986	357	290	24	114	144	10	0	93	7
987	331	134	11	0	1774	10	0	477	366
988	495	199	25	337	367	10	0	870	29
989	441	60	21	1459	1489	0	0	1001	304
990	51	89	19	1208	1238	10	0	111	245
991	452	206	31	492	522	10	0	506	78
992	195	386	13	146	176	10	0	837	7
993	172	24	-26	1452	1482	10	162	0	224
994	408	318	-36	0	1743	10	74	0	7
995	410	399	25	234	264	10	0	228	11
996	413	345	-33	1218	1248	10	912	0	162
997	215	129	-14	0	1790	10	68	0	7
998	380	350	15	866	896	10	0	565	182
999	19	38	-12	0	1602	10	27	0	316
1000	166	247	-8	0	1831	10	315	0	359
1001	441	60	-21	1459	1489	10	989	0	304
1002	186	135	-24	0	1784	10	189	0	413
1003	87	3	-13	0	1620	10	385	0	331
1004	374	260	-27	0	1791	10	319	0	416
1005	69	414	-6	1263	1293	10	481	0	262
1006	174	376	-8	0	1768	10	408	0	405
1007	30	97	-23	1210	1240	10	529	0	243
1008	161	276	-8	133	163	10	148	0	17
1009	226	175	-23	1694	1724	10	632	0	411
1010	466	96	-22	1383	1413	10	809	0	286
1011	323	34	-13	0	1687	10	580	0	364
1012	492	188	-33	0	1666	10	100	0	354
1013	92	18	-8	0	1635	10	200	0	338
1014	148	462	-10	727	757	10	178	0	130
1015	50	383	-20	260	290	10	754	0	12
1016	251	238	-27	0	1903	10	110	0	472
1017	449	190	-2	1140	1170	10	560	0	240
1018	5	281	-16	1372	1402	10	836	0	288
1019	140	137	-32	570	600	10	781	0	110
1020	384	149	-18	0	1748	10	163	0	395
1021	65	343	-38	207	237	10	654	0	7
1022	39	153	-26	798	828	10	588	0	148
1023	293	174	-31	87	117	10	650	0	7
1024	306	235	-25	57	87	10	695	0	7
1025	218	271	-16	0	1877	10	898	0	459
1026	267	374	-23	601	631	10	811	0	126
1027	103	464	-22	0	1656	10	693	0	349
1028	405	349	-15	522	552	10	672	0	92
1029	87	213	-18	0	1748	10	884	0	395
1030	144	220	-35	0	1805	10	377	0	423
1031	380	194	-3	0	1774	10	497	0	408
1032	394	310	-10	0	1759	10	957	0	400
1033	386	225	-13	919	949	10	827	0	202
1034	173	65	-12	448	478	10	403	0	69
1035	158	24	-18	0	1671	10	507	0	356
1036	262	369	-15	0	1796	10	96	0	419
1037	325	56	-13	796	826	10	542	0	154
1038	371	427	-23	0	1701	10	933	0	371
1039	253	50	-27	226	256	10	675	0	13
1040	345	146	-27	0	1775	10	112	0	408
1041	253	74	-20	0	1739	10	805	0	390
1042	159	226	-16	94	124	10	394	0	7
1043	115	395	-11	815	845	10	880	0	161
1044	161	275	-21	0	1823	10	547	0	432
1045	402	277	-5	0	1761	10	810	0	401
1046	350	199	-21	0	1803	10	108	0	422

