250	200	1
0	250	250	0	0	1925	0	0	0
1	171	34	-3	1101	1215	10	240	0	658
2	67	190	-32	1104	1272	10	151	0	670
3	80	400	-32	1425	1497	10	418	0	111
4	439	237	-29	881	1026	10	67	0	584
5	377	385	-12	804	958	10	899	0	56
6	449	428	-20	1193	1331	10	191	0	428
7	342	481	-15	1407	1503	10	175	0	850
8	466	149	-19	1157	1246	10	538	0	319
9	83	290	-26	573	673	10	495	0	300
10	251	63	14	923	1081	10	0	362	670
11	328	491	-25	609	777	10	550	0	153
12	260	472	-3	988	1113	10	457	0	65
13	290	145	5	1263	1331	10	0	101	913
14	266	221	9	33	123	10	0	541	67
15	164	320	-36	1070	1150	10	690	0	654
16	52	412	-16	1371	1471	10	859	0	552
17	485	104	21	759	859	10	0	975	436
18	144	331	-26	882	1011	10	220	0	253
19	387	394	-25	1044	1182	10	649	0	703
20	472	57	-10	1253	1366	10	414	0	655
21	343	276	15	96	204	10	0	967	80
22	104	349	20	943	1106	0	0	1034	697
23	28	467	34	1301	1415	10	0	177	783
24	91	427	-27	840	956	10	958	0	251
25	429	476	23	525	651	10	0	480	272
26	210	276	5	47	149	10	0	769	75
27	58	39	-28	1113	1242	10	31	0	452
28	273	300	30	55	183	10	0	459	71
29	41	232	-4	209	338	10	765	0	81
30	25	53	-11	974	1096	10	402	0	101
31	52	18	28	835	909	10	0	27	452
32	27	444	-18	1032	1158	10	190	0	98
33	178	72	23	698	846	10	0	214	490
34	406	460	2	698	771	10	0	682	382
35	250	328	24	199	328	10	0	856	187
36	492	34	-9	798	853	10	193	0	197
37	412	100	1	478	579	10	0	241	268
38	233	87	18	198	338	10	0	724	130
39	60	5	18	999	1118	10	0	383	605
40	406	408	-28	1411	1532	10	334	0	215
41	245	42	24	523	602	10	0	81	295
42	166	345	-11	1092	1197	10	479	0	735
43	440	294	-7	892	1059	10	725	0	114
44	370	382	-23	859	938	10	578	0	500
45	32	319	21	345	486	10	0	739	193
46	480	136	-14	256	404	10	818	0	82
47	371	163	21	781	905	10	0	56	566
48	0	188	-11	860	1035	10	583	0	225
49	438	5	18	490	638	10	0	131	246
50	132	477	25	264	421	10	0	211	123
51	203	211	20	1239	1404	10	0	625	896
52	2	264	40	586	754	10	0	92	379
53	231	167	15	85	245	10	0	415	119
54	423	221	9	200	347	10	0	94	128
55	459	53	20	1082	1193	10	0	311	679
56	386	154	-21	1053	1179	10	47	0	566
57	130	494	-9	692	855	10	308	0	57
58	31	175	24	231	314	0	0	1013	61
59	69	423	32	754	881	10	0	768	472
60	352	241	5	728	886	0	0	1035	587
61	261	201	-19	1482	1575	10	318	0	920
62	59	276	-12	844	970	10	426	0	470
63	146	188	-28	1189	1311	10	829	0	395
64	451	62	-15	275	403	10	230	0	58
65	299	285	-24	1208	1330	10	635	0	844
66	142	372	18	162	316	10	0	898	114
67	440	201	29	840	975	10	0	4	584
68	219	210	14	50	156	10	0	800	79
69	64	198	10	1044	1162	0	0	1027	726
70	390	249	21	529	665	10	0	887	393
71	9	101	16	605	758	10	0	556	355
72	424	288	-24	1025	1119	10	343	0	632
73	77	372	19	211	311	10	0	681	74
74	298	264	36	50	163	10	0	694	84
75	405	454	11	1281	1354	0	0	1006	823
76	407	35	11	1243	1363	10	0	989	822
77	225	369	38	121	248	10	0	663	94
78	347	459	-21	433	556	10	835	0	105
79	117	178	-23	1079	1186	10	807	0	499
80	132	479	-9	257	354	10	299	0	64
81	201	66	-24	1108	1256	10	41	0	295
82	245	176	-19	1174	1325	10	914	0	380
83	470	138	-12	1365	1443	10	195	0	815
84	115	296	-22	1472	1615	10	945	0	901
85	348	476	-35	1136	1288	10	631	0	168
86	43	210	20	210	305	10	0	452	70
87	327	139	13	1211	1333	10	0	767	898
88	49	353	-12	1421	1501	10	205	0	696
89	356	256	19	106	198	10	0	322	68
90	335	99	-14	1138	1329	10	464	0	511
91	363	34	19	243	372	10	0	270	96
92	33	278	-40	1456	1549	10	52	0	379
93	366	288	29	634	764	10	0	204	481
94	452	172	-9	551	696	10	54	0	128
95	86	189	21	195	288	10	0	985	84
96	262	369	15	119	286	10	0	522	124
97	218	403	15	1294	1374	10	0	834	913
98	218	12	3	492	625	10	0	784	288
99	228	399	14	547	656	10	0	527	379
100	492	188	33	669	792	10	0	512	406
101	267	174	-5	1570	1697	10	13	0	913
102	274	441	-24	639	781	10	548	0	258
103	210	113	-25	640	770	10	435	0	86
104	370	262	-24	1078	1151	10	986	0	98
105	303	186	-35	1302	1436	10	646	0	854
106	241	180	-23	1616	1803	10	632	0	1261
107	100	85	14	333	399	10	0	225	132
108	350	199	-32	1142	1291	10	613	0	840
109	500	228	-37	728	866	10	679	0	96
110	251	238	27	12	113	10	0	706	62
111	114	102	21	454	591	10	0	400	292
112	345	146	-18	1387	1521	10	658	0	770
113	21	146	21	441	562	10	0	242	232
114	330	147	-30	832	895	10	891	0	292
115	476	61	-24	395	532	10	187	0	153
116	386	245	16	434	553	10	0	883	312
117	201	278	13	56	211	10	0	651	95
118	421	499	-26	1301	1419	10	727	0	153
119	426	231	24	970	1117	10	0	506	704
120	105	137	-18	445	489	10	140	0	106
121	64	437	-7	900	966	10	977	0	194
122	181	260	23	69	210	10	0	753	105
123	413	391	8	215	351	10	0	814	101
124	370	493	22	533	640	10	0	749	276
125	447	267	-14	911	1078	10	438	0	325
126	232	101	24	290	432	10	0	785	211
127	371	332	-36	484	605	10	223	0	94
128	447	383	-10	237	359	10	903	0	82
129	325	147	-15	1158	1245	10	344	0	673
130	489	437	29	673	770	10	0	217	349
131	415	95	-18	1157	1226	10	49	0	246
132	331	356	-8	646	807	10	852	0	480
133	374	346	27	378	494	10	0	672	252
134	108	37	23	486	642	0	0	1009	289
135	5	224	-19	1027	1112	10	341	0	339
136	93	413	17	226	334	10	0	688	80
137	210	29	-20	1013	1118	10	429	0	498
138	136	265	12	114	220	10	0	748	78
139	409	155	19	185	365	0	0	1036	134
140	111	178	18	156	298	10	0	120	106
141	291	251	20	41	173	10	0	831	98
142	322	290	23	1440	1547	10	0	970	1078
143	57	183	-22	1049	1182	10	197	0	655
144	181	185	-13	1580	1678	10	290	0	620
145	7	382	-12	721	849	10	964	0	104
146	425	448	9	763	856	10	0	421	443
147	174	41	-12	1263	1374	10	403	0	211
148	161	276	8	92	211	10	0	543	88
149	398	49	21	743	870	10	0	709	465
150	210	379	-14	653	794	10	412	0	331
151	60	231	32	997	1085	10	0	2	670
152	453	360	13	230	397	10	0	557	103
153	367	97	-13	950	1056	10	668	0	541
154	488	3	-20	352	480	10	684	0	85
155	44	115	-31	246	407	10	979	0	80
156	48	293	22	234	347	10	0	737	89
157	64	135	-22	820	947	10	595	0	179
158	65	62	-10	936	1047	10	617	0	78
159	404	207	6	862	989	10	0	639	621
160	68	303	-7	189	323	10	544	0	77
161	263	418	25	242	345	10	0	272	132
162	147	30	-23	1055	1192	10	795	0	693
163	384	149	-12	1145	1279	10	935	0	625
164	340	416	-26	300	372	10	983	0	81
165	271	128	12	284	437	10	0	458	146
166	89	358	-13	1183	1341	10	698	0	679
167	20	480	25	505	666	10	0	886	255
168	488	173	25	1169	1282	10	0	602	773
169	439	156	2	470	611	10	0	244	299
170	389	156	-13	711	750	10	973	0	389
171	111	392	-11	1140	1229	10	880	0	529
172	267	162	-25	1399	1529	10	572	0	825
173	248	176	-1	1344	1488	10	847	0	788
174	413	476	-7	1135	1254	10	431	0	573
175	352	481	15	1213	1387	10	0	7	850
176	264	135	-19	848	940	10	256	0	604
177	29	462	-34	1279	1370	10	23	0	783
178	148	462	10	658	826	10	0	474	443
179	44	140	-13	829	938	10	307	0	434
180	414	378	23	467	552	10	0	381	257
181	392	95	-13	715	847	10	984	0	195
182	216	341	-25	594	744	10	581	0	291
183	211	411	15	1116	1208	10	0	253	781
184	317	45	-24	589	757	10	339	0	120
185	178	150	33	589	704	10	0	948	435
186	428	302	-33	989	1072	10	198	0	111
187	450	45	24	456	581	10	0	115	153
188	453	318	30	333	444	10	0	570	172
189	186	135	24	671	795	10	0	842	440
190	11	403	18	301	415	10	0	32	98
191	433	447	20	779	840	10	0	6	428
192	272	420	-34	1367	1435	10	908	0	91
193	429	59	9	423	525	10	0	36	197
194	200	27	22	458	621	10	0	993	294
195	498	171	12	1196	1347	10	0	83	815
196	487	320	-28	811	935	10	219	0	386
197	45	166	22	960	1096	10	0	143	655
198	490	276	33	241	390	10	0	186	111
199	126	391	19	233	343	10	0	923	116
200	92	18	8	1072	1206	10	0	895	693
201	293	228	-21	48	201	10	487	0	93
202	343	205	26	716	848	10	0	267	558
203	182	480	-15	302	458	10	395	0	154
204	385	285	-29	822	944	10	93	0	481
205	44	344	12	1033	1155	10	0	88	696
206	170	347	15	389	513	10	0	664	290
207	457	492	7	450	596	10	0	266	208
208	124	448	6	308	459	10	0	263	66
209	398	210	31	153	293	10	0	756	104
210	75	118	21	366	483	10	0	528	197
211	105	474	-25	434	538	10	50	0	123
212	134	211	-35	122	255	10	377	0	83
213	211	248	26	39	154	10	0	302	86
214	212	186	-23	1687	1787	10	33	0	490
215	492	335	-13	800	886	10	872	0	103
216	497	483	-31	339	450	10	825	0	73
217	440	436	-29	826	988	10	130	0	349
218	311	203	15	672	804	10	0	621	545
219	491	369	28	706	784	10	0	196	386
220	67	378	26	409	561	10	0	18	253
221	383	17	-9	913	997	10	936	0	99
222	7	82	25	368	486	10	0	855	142
223	342	319	36	115	241	10	0	127	94
224	78	406	15	903	1048	10	0	481	611
225	103	123	-14	435	574	10	107	0	132
226	241	38	16	468	625	10	0	514	309
227	224	3	-27	640	771	10	691	0	148
228	436	467	12	700	802	10	0	490	328
229	438	488	18	303	402	10	0	294	74
230	351	60	15	215	354	10	0	64	58
231	13	214	-29	1292	1446	10	882	0	600
232	429	67	16	676	818	10	0	711	421
233	498	456	-13	1352	1489	10	949	0	111
234	135	400	20	220	407	10	0	461	163
235	215	293	13	55	147	10	0	423	68
236	354	416	10	618	771	10	0	615	431
237	294	421	-23	1515	1666	10	933	0	624
238	208	445	22	1265	1429	10	0	926	922
239	230	320	8	1141	1274	0	0	1030	900
240	157	38	3	1016	1109	10	0	1	658
241	441	100	-1	833	944	10	37	0	268
242	61	170	-21	959	1082	10	113	0	232
243	79	467	22	294	438	10	0	408	121
244	365	190	-2	1451	1534	10	169	0	299
245	282	1	-27	1012	1103	10	675	0	75
246	124	111	15	737	871	10	0	323	512
247	247	219	17	31	155	10	0	599	92
248	28	180	34	342	459	10	0	382	169
249	167	488	17	252	358	10	0	327	79
250	442	289	25	195	313	10	0	714	87
251	136	430	14	663	788	10	0	333	431
252	38	15	-15	1041	1172	10	999	0	469
253	246	314	-15	1394	1527	10	183	0	781
254	176	200	-7	531	635	10	667	0	76
255	337	232	-14	1526	1645	10	960	0	80
256	257	133	19	802	952	10	0	176	604
257	295	247	-31	1258	1378	10	802	0	121
258	39	162	-6	518	642	10	296	0	199
259	79	257	26	916	1021	10	0	687	637
260	236	126	23	124	201	10	0	917	57
261	259	498	-7	1035	1144	10	352	0	513
262	180	162	9	112	302	0	0	1038	142
263	53	466	-6	294	407	10	208	0	66
264	167	291	27	1601	1697	0	0	1020	1203
265	89	185	-16	576	653	10	394	0	75
266	487	446	-7	1309	1401	10	207	0	208
267	308	199	-26	1455	1592	10	202	0	558
268	481	84	17	447	595	10	0	974	232
269	495	227	20	308	409	10	0	734	122
270	397	57	-19	1439	1543	10	91	0	96
271	372	39	10	645	832	10	0	465	441
272	278	450	-25	1335	1445	10	161	0	132
273	292	32	14	222	326	10	0	368	77
274	90	496	13	1356	1465	10	0	369	878
275	68	53	16	685	823	10	0	942	416
276	371	423	10	211	349	10	0	437	103
277	273	149	-28	1461	1575	10	965	0	561
278	297	283	-17	1324	1404	10	618	0	609
279	120	37	-6	700	881	10	846	0	175
280	371	488	10	546	649	10	0	951	286
281	206	174	14	779	850	10	0	634	571
282	174	347	-21	958	1101	10	775	0	100
283	330	281	-22	1300	1390	10	540	0	332
284	67	451	5	1185	1276	10	0	693	753
285	27	464	-31	1258	1354	10	566	0	384
286	361	178	5	931	1044	10	0	941	683
287	463	406	-17	771	973	10	806	0	515
288	456	157	-14	1412	1528	10	605	0	253
289	153	244	5	97	254	10	0	885	80
290	153	192	13	821	940	10	0	144	620
291	352	63	-27	1132	1254	10	576	0	490
292	371	71	21	267	336	10	0	720	89
293	163	472	-14	626	710	10	946	0	284
294	448	495	-18	327	471	10	229	0	74
295	282	10	-2	1200	1354	10	329	0	340
296	66	163	6	351	469	10	0	258	199
297	314	205	-18	1464	1619	10	894	0	1093
298	83	169	-22	722	862	10	788	0	365
299	221	291	9	50	172	10	0	80	64
300	374	116	9	561	643	10	0	494	345
301	418	269	3	1170	1270	10	0	810	825
302	178	302	-26	818	986	10	213	0	86
303	250	57	26	735	791	10	0	805	448
304	475	352	33	263	386	10	0	954	104
305	1	252	5	249	345	10	0	424	71
306	286	356	30	111	231	10	0	900	89
307	65	82	13	680	829	10	0	179	434
308	154	392	9	171	248	10	0	57	57
309	196	56	-5	586	663	10	447	0	80
310	366	390	-29	1286	1380	10	523	0	522
311	436	25	-20	1247	1348	10	55	0	679
312	67	352	-26	315	462	10	944	0	92
313	173	182	25	102	209	0	0	1016	79
314	390	34	-40	1038	1112	10	660	0	482
315	18	225	-8	633	780	10	726	0	105
316	57	43	15	966	1111	10	0	441	620
317	388	44	-30	1089	1203	10	620	0	91
318	269	112	19	1189	1367	10	0	61	920
319	374	260	-13	1668	1791	10	827	0	653
320	291	213	-10	1202	1343	10	589	0	938
321	178	420	-19	1034	1139	10	841	0	76
322	389	255	-19	741	860	10	89	0	68
323	134	194	-15	1607	1727	10	246	0	512
324	93	490	2	369	420	10	0	919	99
325	64	294	12	1054	1179	0	0	1024	740
326	493	111	26	494	619	10	0	359	254
327	150	484	-17	567	713	10	249	0	79
328	235	316	2	598	744	10	0	877	507
329	239	15	2	549	689	10	0	295	340
330	193	138	30	632	720	10	0	499	445
331	40	278	-17	1065	1174	10	350	0	263
332	307	52	-13	885	986	10	542	0	482
333	161	416	-14	971	1081	10	251	0	431
334	381	457	28	439	532	10	0	40	215
335	55	318	13	303	350	10	0	959	107
336	80	279	-15	1134	1212	10	820	0	90
337	48	162	15	220	335	10	0	588	85
338	91	27	-10	1151	1242	10	503	0	597
339	288	70	24	183	345	10	0	184	120
340	177	404	-18	1189	1366	10	468	0	557
341	10	237	19	569	693	10	0	135	339
342	493	493	-3	815	928	10	511	0	102
343	440	292	24	872	1038	10	0	72	632
344	349	76	15	993	1098	10	0	129	673
345	47	208	30	207	372	10	0	637	40
346	283	454	-6	1216	1345	10	776	0	287
347	486	324	15	743	826	10	0	861	434
348	392	87	23	1120	1275	10	0	823	794
349	122	422	3	1404	1539	0	0	1005	993
350	37	281	17	451	566	10	0	331	263
351	413	127	28	791	900	10	0	955	521
352	222	499	7	785	935	10	0	261	513
353	211	446	15	1068	1208	10	0	851	756
354	30	7	-15	1161	1247	10	701	0	524
355	398	341	33	889	1019	10	0	833	630
356	26	67	-15	1277	1387	10	552	0	403
357	461	186	-26	1481	1573	10	422	0	950
358	313	391	5	154	238	10	0	526	62
359	471	94	-26	954	1074	10	326	0	254
360	341	72	-12	781	858	10	692	0	69
361	130	186	16	136	199	10	0	699	47
362	257	57	-14	1186	1295	10	10	0	670
363	94	344	-22	640	754	10	489	0	50
364	6	53	8	547	657	10	0	385	257
365	146	376	8	166	332	10	0	476	126
366	244	13	24	965	1091	10	0	747	640
367	29	336	-27	297	397	10	401	0	73
368	306	42	-14	428	556	10	273	0	77
369	177	486	-13	1551	1668	10	274	0	878
370	489	338	-13	1355	1470	10	536	0	96
371	179	318	2	1093	1179	10	0	455	810
372	344	203	14	113	251	10	0	686	109
373	149	341	6	365	472	10	0	549	252
374	307	412	-7	339	499	10	440	0	206
375	68	450	-19	604	692	10	504	0	247
376	420	80	-11	1017	1206	10	587	0	298
377	144	220	35	110	221	10	0	212	83
378	497	54	-11	915	1071	10	793	0	215
379	80	458	30	347	424	10	0	909	116
380	84	377	-38	844	1038	10	654	0	76
381	332	382	-23	936	1115	10	180	0	257
382	6	196	-34	1160	1277	10	248	0	169
383	104	28	-18	1450	1526	10	39	0	605
384	224	320	-23	1223	1375	10	811	0	425
385	87	3	-8	1392	1504	10	364	0	257
386	149	214	7	421	573	10	0	758	295
387	98	29	-16	1003	1121	10	813	0	416
388	135	30	12	385	593	10	0	577	258
389	287	397	-34	512	646	10	656	0	72
390	107	374	8	861	997	10	0	915	589
391	355	485	-27	1450	1539	10	913	0	537
392	51	286	-16	1401	1546	10	733	0	737
393	49	118	3	1027	1145	0	0	1004	678
394	159	226	16	94	195	10	0	265	75
395	185	431	15	356	448	10	0	203	154
396	262	92	25	566	725	10	0	482	384
397	475	198	20	805	895	10	0	399	498
398	142	30	-18	1165	1356	10	483	0	507
399	481	207	-20	793	950	10	397	0	498
400	174	122	-21	540	676	10	111	0	292
401	35	263	27	235	336	10	0	367	73
402	24	71	11	298	424	10	0	30	101
403	173	65	12	445	482	10	0	147	211
404	91	326	-26	902	1055	10	937	0	196
405	470	417	11	696	808	10	0	420	398
406	397	153	-27	832	962	10	454	0	301
407	295	283	-26	832	985	10	607	0	313
408	174	376	-22	1332	1537	10	243	0	121
409	38	190	23	245	354	10	0	902	100
410	16	68	11	296	430	10	0	786	83
411	179	286	8	290	422	0	0	1026	256
412	244	422	14	492	614	10	0	150	331
413	250	441	5	694	848	10	0	451	492
414	497	18	10	1077	1213	10	0	20	655
415	195	111	-15	973	1053	10	53	0	119
416	26	221	-31	947	1075	10	657	0	108
417	442	5	-5	311	406	10	652	0	62
418	44	496	32	364	470	10	0	3	111
419	448	404	15	549	678	10	0	579	305
420	471	427	-11	748	915	10	405	0	398
421	460	424	-9	1393	1546	10	146	0	443
422	461	195	26	1336	1485	10	0	357	950
423	146	313	-13	1151	1269	10	235	0	68
424	19	273	-5	959	1105	10	305	0	71
425	245	461	-19	628	701	10	757	0	156
426	69	266	12	738	809	10	0	62	470
427	191	84	13	815	950	10	0	980	580
428	68	160	21	1090	1212	10	0	609	730
429	212	47	20	761	871	10	0	137	498
430	80	337	-21	1071	1198	10	830	0	687
431	412	478	7	905	1045	10	0	174	573
432	225	488	-15	590	712	10	700	0	100
433	105	140	27	182	305	10	0	857	92
434	389	43	-13	370	451	10	931	0	104
435	177	156	25	130	234	10	0	103	86
436	179	497	1	1381	1471	10	0	619	910
437	377	432	-10	787	906	10	276	0	103
438	497	296	14	571	685	10	0	125	325
439	152	476	-26	486	590	10	875	0	96
440	277	428	7	449	562	10	0	374	206
441	64	5	-15	1098	1190	10	316	0	620
442	44	311	27	378	466	0	0	1019	188
443	165	59	-17	909	1007	10	627	0	491
444	261	138	-12	574	692	10	971	0	291
445	268	351	7	1664	1717	0	0	1018	1210
446	48	150	15	618	723	0	0	1014	373
447	215	79	5	196	282	10	0	309	80
448	109	56	27	239	341	10	0	491	75
449	171	188	-28	563	708	10	703	0	83
450	284	457	-20	1447	1581	10	662	0	937
451	274	442	-5	992	1171	10	413	0	492
452	33	286	-20	1513	1609	10	86	0	70
453	112	433	29	229	358	10	0	520	96
454	423	170	27	463	593	10	0	406	301
455	213	283	-2	1421	1550	10	371	0	810
456	240	34	-14	1517	1632	10	674	0	785
457	283	438	3	215	278	10	0	12	65
458	324	99	-12	316	390	10	165	0	146
459	259	301	-30	52	175	10	28	0	71
460	189	402	10	506	596	10	0	484	324
461	215	282	-20	1391	1520	10	234	0	163
462	166	440	-21	207	354	10	893	0	95
463	374	232	33	125	240	10	0	676	86
464	339	113	14	707	845	10	0	90	511
465	335	46	-10	1276	1437	10	271	0	441
466	313	493	-21	1141	1276	10	907	0	518
467	432	66	-15	1016	1157	10	952	0	576
468	76	462	18	925	1017	10	0	340	557
469	397	477	-10	1169	1292	10	879	0	90
470	196	489	-33	986	1105	10	704	0	107
471	354	156	20	783	911	10	0	505	578
472	171	24	-26	1324	1473	10	702	0	108
473	187	73	18	219	396	10	0	930	156
474	243	408	-10	1387	1510	10	178	0	443
475	421	387	15	752	880	10	0	722	495
476	141	426	-8	483	609	10	365	0	126
477	415	118	19	211	289	10	0	598	58
478	240	255	-7	1580	1672	10	539	0	934
479	162	388	11	1069	1213	10	0	42	735
480	413	493	-23	1185	1281	10	25	0	272
481	69	414	-15	1237	1320	10	224	0	611
482	273	70	-25	563	706	10	396	0	384
483	142	14	18	764	936	10	0	398	507
484	185	434	-10	537	640	10	460	0	324
485	360	294	-33	1354	1512	10	912	0	526
486	265	240	9	18	114	10	0	743	71
487	280	245	21	30	155	10	0	201	93
488	87	51	35	493	565	10	0	614	230
489	195	273	22	59	127	10	0	363	50
490	422	498	-12	646	768	10	228	0	328
491	95	64	-27	733	829	10	448	0	75
492	63	155	7	915	1044	10	0	529	625
493	24	259	19	306	465	10	0	836	179
494	376	92	-9	966	1046	10	300	0	345
495	83	300	26	454	575	10	0	9	300
496	72	477	46	288	405	10	0	582	87
497	380	194	-13	658	799	10	524	0	446
498	72	227	25	534	624	10	0	638	333
499	238	123	-30	737	856	10	330	0	445
500	188	119	-32	921	1059	10	781	0	375
501	229	322	11	1628	1723	0	0	1031	1236
502	150	68	-12	395	481	10	890	0	108
503	67	24	10	978	1088	10	0	338	597
504	63	420	19	487	583	10	0	375	247
505	339	144	-20	1058	1169	10	471	0	578
506	454	201	-24	1286	1353	10	119	0	704
507	158	24	-28	569	684	10	680	0	136
508	365	119	30	351	442	10	0	778	200
509	440	284	-25	805	928	10	922	0	431
510	417	212	-18	885	965	10	745	0	584
511	404	439	3	243	381	10	0	342	102
512	472	248	-33	776	923	10	100	0	406
513	235	108	-17	1040	1150	10	821	0	643
514	174	67	-16	1233	1317	10	226	0	309
515	132	151	22	154	332	10	0	963	107
516	217	207	26	1328	1466	10	0	796	1058
517	162	306	22	104	222	10	0	956	88
518	48	366	29	675	841	10	0	777	456
519	209	68	27	1533	1633	0	0	1017	1084
520	94	497	-29	734	860	10	453	0	96
521	110	122	-24	1464	1584	10	666	0	505
522	274	403	-15	828	976	10	96	0	124
523	421	386	29	764	915	10	0	310	522
524	399	175	13	715	808	10	0	497	446
525	56	268	-29	1032	1125	10	585	0	392
526	322	406	-5	803	886	10	358	0	62
527	244	277	-14	1252	1380	10	99	0	379
528	105	181	-21	1473	1620	10	210	0	197
529	30	97	-7	1168	1283	10	492	0	625
530	359	246	-14	1338	1538	10	928	0	79
531	498	457	15	871	985	10	0	730	496
532	190	267	-31	1734	1804	10	586	0	1176
533	334	481	32	258	432	10	0	920	66
534	18	24	32	588	698	10	0	604	280
535	482	104	-32	787	857	10	953	0	163
536	460	328	13	224	353	10	0	370	96
537	320	211	-35	967	1048	10	787	0	627
538	494	165	19	553	685	10	0	8	319
539	167	445	7	1356	1499	10	0	478	934
540	340	291	22	429	542	10	0	283	332
541	272	234	-9	1581	1630	10	14	0	67
542	325	56	13	771	851	10	0	332	482
543	71	304	-8	633	776	10	148	0	88
544	87	311	7	174	277	10	0	160	77
545	207	487	4	597	812	10	0	850	428
546	332	5	-24	993	1103	10	774	0	195
547	161	275	-9	1311	1413	10	647	0	501
548	268	458	24	522	554	10	0	102	258
549	175	352	-6	1624	1736	10	373	0	252
550	398	476	25	391	475	10	0	11	153
551	51	360	-1	1101	1219	10	1000	0	55
552	21	70	15	744	829	10	0	356	403
553	80	251	-17	274	363	10	746	0	73
554	457	280	-18	946	1084	10	906	0	329
555	423	315	12	184	318	10	0	764	99
556	66	88	-16	756	933	10	71	0	355
557	479	387	-13	408	417	10	152	0	103
558	436	123	40	225	312	0	0	1033	65
559	286	244	-25	1229	1369	10	695	0	61
560	449	190	-7	1120	1190	10	870	0	381
561	456	113	17	1200	1284	10	0	568	745
562	480	152	-14	978	1095	10	735	0	612
563	100	266	-13	421	548	10	629	0	131
564	343	34	7	686	793	10	0	889	418
565	374	306	4	931	1087	10	0	612	713
566	13	465	31	745	833	10	0	285	384
567	230	487	-22	1096	1193	10	779	0	254
568	442	153	-17	1113	1294	10	561	0	745
569	240	362	23	1342	1516	0	0	1023	1052
570	433	319	-30	1316	1467	10	188	0	172
571	0	422	8	757	915	0	0	1029	458
572	297	131	25	1132	1229	10	0	172	825
573	71	12	-30	297	437	10	628	0	82
574	44	440	-30	752	855	10	677	0	77
575	447	184	-31	366	513	10	991	0	205
576	341	59	27	743	866	10	0	291	490
577	132	32	-12	744	855	10	388	0	258
578	411	396	23	862	1009	10	0	44	500
579	450	416	-15	504	680	10	419	0	305
580	323	34	-6	1276	1384	10	642	0	225
581	244	368	25	352	507	10	0	182	291
582	90	477	-46	277	462	10	496	0	87
583	34	169	11	467	532	10	0	48	225
584	351	128	-24	1199	1337	10	661	0	720
585	71	282	29	609	705	10	0	525	392
586	157	269	31	1520	1663	10	0	532	1176
587	392	1	11	555	685	10	0	376	298
588	39	153	-15	743	882	10	337	0	85
589	306	229	10	1269	1402	10	0	320	938
590	415	253	21	287	476	10	0	957	233
591	92	76	4	1076	1231	10	0	603	746
592	437	98	-14	1041	1216	10	978	0	541
593	12	367	27	289	393	10	0	759	95
594	448	414	-1	1194	1282	10	783	0	363
595	128	113	22	333	423	10	0	157	179
596	43	360	-23	797	904	10	742	0	357
597	102	422	23	226	324	10	0	808	32
598	480	131	-19	648	758	10	477	0	58
599	210	81	-17	321	508	10	247	0	92
600	432	2	20	427	536	10	0	892	171
601	396	83	-26	1517	1685	10	752	0	66
602	489	159	-25	1371	1514	10	168	0	773
603	56	75	-4	1385	1521	10	591	0	746
604	66	31	-32	1001	1126	10	534	0	280
605	460	117	14	484	586	10	0	288	253
606	175	239	23	75	157	10	0	824	60
607	217	333	26	346	507	10	0	407	313
608	62	375	16	308	420	10	0	754	105
609	82	183	-21	1020	1214	10	428	0	730
610	248	214	-20	1436	1552	10	729	0	1066
611	385	239	-18	752	850	10	911	0	110
612	371	315	-4	1113	1249	10	565	0	713
613	333	163	32	1166	1344	10	0	108	840
614	100	66	-35	1339	1490	10	488	0	230
615	311	422	-10	933	1072	10	236	0	431
616	153	235	10	98	190	10	0	884	68
617	168	109	10	170	268	10	0	158	78
618	284	319	17	774	890	10	0	278	609
619	195	464	-1	1492	1620	10	436	0	910
620	382	9	30	274	397	10	0	317	91
621	325	210	-15	891	1005	10	218	0	545
622	366	334	5	365	486	10	0	998	257
623	200	78	-33	972	1043	10	947	0	278
624	351	5	12	455	567	10	0	968	226
625	197	202	-20	1161	1277	10	51	0	896
626	270	337	-12	1652	1826	10	817	0	173
627	125	65	17	728	878	10	0	443	491
628	120	17	30	266	377	10	0	573	82
629	84	255	13	252	341	10	0	563	131
630	222	331	-15	488	621	10	790	0	96
631	332	459	35	318	449	10	0	85	168
632	226	175	23	1656	1761	10	0	106	1261
633	404	140	-24	1203	1344	10	871	0	650
634	223	178	-14	1090	1212	10	281	0	571
635	330	308	24	1145	1225	10	0	65	844
636	140	108	-22	1022	1151	10	798	0	665
637	34	239	-30	216	305	10	345	0	40
638	94	192	-25	1038	1152	10	498	0	333
639	458	213	-6	1069	1217	10	159	0	621
640	13	314	-21	245	338	10	838	0	61
641	202	391	-22	579	698	10	744	0	234
642	339	41	6	413	528	10	0	580	225
643	224	56	-22	1122	1280	10	815	0	575
644	345	431	-9	275	445	10	799	0	101
645	292	104	26	276	361	10	0	766	156
646	318	99	35	1151	1305	10	0	105	854
647	46	248	9	784	873	10	0	547	501
648	482	184	14	1079	1165	0	0	1011	692
649	411	379	25	1138	1279	10	0	19	703
650	293	174	31	87	187	10	0	773	74
651	169	305	-13	119	235	10	117	0	95
652	394	47	5	248	425	10	0	417	62
653	323	29	-8	1113	1191	10	689	0	635
654	65	343	38	207	309	10	0	380	76
655	158	179	-17	116	210	10	673	0	61
656	299	353	34	114	211	10	0	389	72
657	9	233	31	257	386	10	0	416	108
658	330	138	18	1085	1165	10	0	112	770
659	48	412	-17	996	1098	10	718	0	52
660	385	17	40	735	913	10	0	314	482
661	382	110	24	1101	1153	10	0	584	720
662	336	493	20	1435	1580	10	0	450	937
663	181	441	-38	496	618	10	77	0	94
664	162	301	-15	1585	1672	10	206	0	290
665	1	101	-14	1207	1337	10	801	0	569
666	80	117	24	789	890	10	0	521	505
667	210	219	7	50	153	10	0	254	76
668	404	59	13	889	967	10	0	153	541
669	288	439	16	237	340	10	0	897	102
670	149	458	-13	1116	1242	10	992	0	90
671	257	391	-10	1585	1711	10	710	0	121
672	405	349	-27	463	612	10	133	0	252
673	191	215	17	68	158	10	0	655	61
674	231	29	14	1214	1269	10	0	456	785
675	253	50	27	200	301	10	0	245	75
676	441	177	-33	950	1082	10	463	0	86
677	5	445	30	313	417	10	0	574	77
678	463	253	-25	1017	1107	10	988	0	102
679	435	180	37	197	327	10	0	109	96
680	198	85	28	200	355	10	0	507	136
681	59	388	-19	653	703	10	73	0	74
682	373	418	-2	1203	1345	10	34	0	382
683	142	80	12	461	553	10	0	740	263
684	441	7	20	356	458	10	0	154	85
685	33	268	-26	647	774	10	858	0	78
686	355	174	-14	673	787	10	372	0	109
687	228	260	-26	1562	1680	10	259	0	637
688	114	460	-17	1032	1169	10	136	0	80
689	337	41	8	960	1074	10	0	653	635
690	154	374	36	873	1030	10	0	15	654
691	235	13	27	311	436	10	0	227	148
692	303	78	12	179	272	10	0	360	69
693	103	464	-5	1236	1339	10	284	0	753
694	325	311	-36	1289	1386	10	74	0	84
695	306	235	25	57	140	10	0	559	61
696	382	360	-17	171	323	10	849	0	71
697	235	288	18	40	115	10	0	873	55
698	0	356	13	1025	1177	10	0	166	679
699	178	135	-16	1477	1581	10	361	0	47
700	226	423	15	174	308	10	0	432	100
701	15	11	15	899	1035	10	0	354	524
702	144	35	26	239	385	10	0	472	108
703	176	199	28	89	201	10	0	449	83
704	247	306	33	56	200	10	0	470	107
705	396	417	13	776	875	0	0	1008	489
706	289	220	-27	49	147	10	110	0	62
707	23	235	-18	982	1095	10	719	0	153
708	137	377	23	169	274	10	0	888	78
709	400	71	-21	1342	1433	10	149	0	465
710	261	359	10	109	272	10	0	671	121
711	438	127	-16	901	1011	10	232	0	421
712	318	280	21	74	193	10	0	713	89
713	333	293	-21	562	703	10	712	0	89
714	436	295	-25	482	604	10	250	0	87
715	62	94	16	911	1020	10	0	990	581
716	495	355	3	1192	1325	10	0	828	793
717	13	394	15	321	455	10	0	843	133
718	172	292	17	88	158	10	0	659	52
719	14	232	18	236	442	10	0	707	153
720	437	90	-21	542	657	10	292	0	89
721	214	274	-19	1330	1438	10	918	0	901
722	420	383	-15	925	1068	10	475	0	495
723	120	261	5	758	858	10	0	792	545
724	179	75	-18	684	826	10	38	0	130
725	484	224	7	242	388	10	0	43	114
726	214	245	8	36	177	10	0	315	105
727	395	474	26	333	471	10	0	118	153
728	368	311	14	885	997	10	0	751	648
729	199	203	20	1410	1535	10	0	610	1066
730	485	428	-15	1443	1567	10	531	0	496
731	86	199	23	221	365	10	0	966	144
732	447	272	12	349	449	10	0	736	188
733	40	304	16	1119	1200	10	0	392	737
734	475	267	-20	741	849	10	269	0	122
735	482	141	14	979	1073	10	0	562	612
736	489	274	-12	496	601	10	732	0	188
737	26	342	-22	281	390	10	156	0	89
738	139	438	24	218	335	10	0	981	87
739	12	358	-21	1160	1318	10	45	0	193
740	125	61	-12	584	670	10	683	0	263
741	360	284	19	617	746	10	0	916	473
742	29	358	23	530	722	10	0	596	357
743	285	247	-9	1235	1344	10	486	0	71
744	248	386	22	337	449	10	0	641	234
745	415	207	18	862	968	10	0	510	584
746	130	247	17	120	218	10	0	553	73
747	172	66	-24	1260	1376	10	366	0	640
748	92	259	-12	361	467	10	138	0	78
749	379	486	-22	631	742	10	124	0	276
750	452	484	26	1239	1348	0	0	1003	779
751	268	288	-14	1204	1360	10	728	0	648
752	349	43	26	229	318	10	0	601	66
753	225	269	-23	1255	1317	10	122	0	105
754	50	383	-16	240	391	10	608	0	105
755	110	251	-20	444	582	10	804	0	105
756	461	182	-31	589	699	10	209	0	104
757	255	487	19	380	446	10	0	425	156
758	133	202	-7	420	531	10	386	0	295
759	34	329	-27	1009	1107	10	593	0	95
760	368	452	-4	621	748	10	881	0	82
761	242	106	-20	1218	1348	10	962	0	450
762	171	303	18	1501	1708	10	0	866	1201
763	329	456	19	220	334	10	0	972	85
764	490	286	-12	495	579	10	555	0	99
765	61	214	4	270	443	10	0	29	81
766	365	74	-26	788	939	10	645	0	156
767	321	149	-13	1364	1515	10	87	0	898
768	84	453	-32	1194	1281	10	59	0	472
769	26	442	-5	1290	1428	10	26	0	75
770	180	283	23	664	854	10	0	844	582
771	394	322	12	978	1101	10	0	996	705
772	348	348	-12	893	1006	10	862	0	482
773	309	161	-31	560	637	10	650	0	74
774	385	58	24	344	496	10	0	546	195
775	228	287	21	43	177	10	0	282	100
776	312	453	6	534	595	10	0	346	287
777	35	344	-29	804	952	10	518	0	456
778	393	98	-30	710	826	10	508	0	200
779	208	488	22	404	581	10	0	567	254
780	235	33	30	1265	1439	0	0	1010	916
781	140	137	32	511	659	10	0	500	375
782	405	187	-8	1196	1335	10	839	0	593
783	330	371	1	518	630	10	0	594	363
784	265	0	-3	839	984	10	98	0	288
785	295	89	-24	708	806	10	126	0	211
786	3	23	-11	348	464	10	410	0	83
787	363	225	35	789	952	10	0	537	627
788	148	208	22	485	598	10	0	298	365
789	466	362	-16	1105	1230	10	910	0	87
790	267	290	15	43	172	10	0	630	96
791	98	2	14	542	672	10	0	938	285
792	131	246	-5	793	902	10	723	0	545
793	418	75	11	395	530	10	0	378	215
794	366	260	-15	1474	1596	10	994	0	407
795	138	28	23	1048	1176	10	0	162	693
796	209	212	-26	1489	1597	10	516	0	1058
797	443	167	-10	503	613	10	924	0	256
798	156	65	22	966	1138	10	0	636	665
799	279	355	9	119	244	10	0	644	101
800	206	172	-14	738	867	10	68	0	79
801	32	94	14	862	1028	10	0	665	569
802	301	239	31	52	214	10	0	257	121
803	471	368	19	385	502	10	0	874	188
804	133	273	20	119	260	10	0	755	105
805	253	74	-26	1285	1446	10	303	0	448
806	470	405	17	869	1012	10	0	287	515
807	77	172	23	745	856	10	0	79	499
808	77	465	-23	275	330	10	597	0	32
809	466	96	22	1316	1481	0	0	1022	911
810	402	277	-3	1376	1530	10	301	0	825
811	267	374	23	540	692	10	0	384	425
812	450	194	27	586	693	10	0	868	363
813	89	65	16	669	801	10	0	387	416
814	429	389	-8	382	496	10	123	0	101
815	202	28	22	903	995	10	0	643	575
816	46	389	22	246	376	10	0	860	96
817	246	407	12	264	389	10	0	626	173
818	452	110	14	315	395	10	0	46	82
819	213	185	21	74	184	10	0	997	81
820	134	276	15	118	240	10	0	336	90
821	262	97	17	913	1011	10	0	513	643
822	469	489	4	484	656	0	0	1001	248
823	364	71	-23	1300	1427	10	348	0	794
824	68	240	-23	731	887	10	606	0	60
825	494	468	31	327	443	10	0	216	73
826	439	222	-24	932	1058	10	869	0	580
827	386	225	13	859	1009	10	0	319	653
828	434	359	-3	1352	1462	10	716	0	793
829	103	177	28	592	691	10	0	63	395
830	89	322	21	978	1093	10	0	430	687
831	307	249	-20	1359	1425	10	141	0	98
832	30	155	-17	1237	1353	10	940	0	825
833	401	314	-33	930	1052	10	355	0	630
834	217	357	-15	1388	1481	10	97	0	913
835	373	421	21	210	351	10	0	78	105
836	5	281	-19	1305	1468	10	493	0	179
837	173	474	14	1216	1384	10	0	840	860
838	36	301	21	219	376	10	0	640	61
839	429	169	8	848	988	10	0	782	593
840	195	450	-14	1434	1567	10	837	0	860
841	95	382	19	203	305	10	0	321	76
842	225	121	-24	726	770	10	189	0	440
843	10	407	-15	363	535	10	717	0	133
844	221	269	-23	1204	1356	10	770	0	582
845	264	180	33	1652	1739	0	0	1032	1250
846	168	59	6	320	442	10	0	279	175
847	281	96	1	1073	1208	10	0	173	788
848	387	349	9	169	252	10	0	995	62
849	398	329	17	167	263	10	0	696	71
850	239	486	-4	1407	1588	10	545	0	428
851	237	420	-15	1295	1403	10	353	0	756
852	346	354	8	773	892	10	0	132	480
853	172	314	-35	499	621	10	932	0	65
854	233	230	20	26	134	10	0	927	80
855	79	80	-25	1351	1444	10	222	0	142
856	243	402	-24	359	481	10	35	0	187
857	117	110	-27	933	1055	10	433	0	92
858	66	314	26	194	300	10	0	685	78
859	58	391	16	819	975	10	0	16	552
860	142	360	-22	1483	1610	10	816	0	96
861	492	326	-15	1135	1304	10	347	0	434
862	381	328	12	668	796	10	0	772	482
863	62	236	-10	519	626	10	934	0	88
864	344	70	24	1116	1205	0	0	1021	751
865	151	81	-4	1498	1647	10	976	0	808
866	240	240	-18	1629	1800	10	762	0	1201
867	46	163	-22	877	1005	10	896	0	412
868	455	168	-27	808	956	10	812	0	363
869	428	202	24	879	958	10	0	826	580
870	432	199	7	610	698	10	0	560	381
871	391	112	24	965	1065	10	0	633	650
872	451	305	13	208	346	10	0	215	103
873	214	311	-18	70	158	10	697	0	55
874	465	367	-19	970	1113	10	803	0	188
875	164	473	26	255	368	10	0	439	96
876	364	173	30	137	278	10	0	921	105
877	274	261	-2	1692	1752	10	328	0	507
878	133	455	25	759	886	0	0	1007	487
879	351	481	10	300	373	10	0	469	90
880	115	395	11	756	904	10	0	171	529
881	297	304	4	71	181	10	0	760	82
882	7	194	29	882	1050	10	0	231	600
883	409	255	-16	1491	1584	10	116	0	312
884	87	213	-10	603	679	10	616	0	68
885	60	246	-5	190	307	10	289	0	80
886	3	471	-25	652	799	10	167	0	255
887	418	251	-21	1173	1250	10	70	0	393
888	153	362	-23	1112	1240	10	708	0	78
889	323	77	-7	1356	1484	10	564	0	418
890	143	158	12	141	286	10	0	502	108
891	351	148	30	419	534	10	0	114	292
892	426	38	-20	572	675	10	600	0	171
893	226	316	21	70	197	10	0	462	95
894	347	192	18	1435	1571	10	0	297	1093
895	102	6	-8	1423	1524	10	200	0	693
896	41	120	22	625	796	10	0	867	412
897	247	443	-16	309	381	10	669	0	102
898	218	271	-18	1513	1665	10	66	0	114
899	376	385	12	184	260	10	0	5	56
900	241	402	-30	987	1092	10	306	0	89
901	213	399	18	169	328	0	0	1037	130
902	32	191	-23	539	663	10	409	0	100
903	441	374	10	227	344	10	0	128	82
904	376	113	8	475	583	0	0	1025	297
905	215	434	9	187	286	0	0	1015	74
906	499	316	18	576	697	10	0	554	329
907	318	497	21	790	948	10	0	466	518
908	256	441	34	191	313	10	0	192	91
909	174	397	-30	1203	1317	10	379	0	116
910	468	360	16	244	361	10	0	789	87
911	287	256	18	37	185	10	0	611	110
912	448	397	33	813	949	10	0	485	526
913	352	487	27	858	975	10	0	391	537
914	253	118	19	485	640	10	0	82	380
915	159	299	-8	984	1077	10	390	0	589
916	351	233	-19	1354	1522	10	741	0	473
917	268	113	-23	623	767	10	260	0	57
918	164	332	19	1269	1321	10	0	721	901
919	88	484	-2	1454	1558	10	324	0	99
920	360	488	-32	290	372	10	533	0	66
921	343	166	-30	823	959	10	876	0	105
922	497	266	25	703	823	10	0	509	431
923	138	406	-19	1181	1281	10	199	0	116
924	420	224	10	374	514	10	0	797	256
925	231	410	-7	1192	1311	10	943	0	102
926	199	438	-22	1295	1455	10	238	0	922
927	219	215	-20	46	164	10	854	0	80
928	365	274	14	117	223	10	0	530	79
929	481	454	14	308	380	10	0	969	53
930	187	61	-18	501	618	10	473	0	156
931	372	97	13	195	335	10	0	434	104
932	187	263	35	64	151	10	0	853	65
933	371	427	23	899	1047	10	0	237	624
934	74	215	10	191	297	10	0	863	88
935	375	145	12	891	997	10	0	163	625
936	365	28	9	250	383	10	0	221	99
937	118	314	26	297	409	10	0	404	196
938	60	29	-14	1319	1437	10	791	0	285
939	478	300	12	829	981	0	0	1012	560
940	33	152	17	1254	1416	10	0	832	825
941	347	184	-5	1015	1172	10	286	0	683
942	94	40	-16	1010	1156	10	275	0	416
943	290	328	7	94	224	10	0	925	102
944	96	346	26	181	305	10	0	312	92
945	97	288	22	1239	1360	10	0	84	901
946	176	470	14	512	612	10	0	293	284
947	206	97	33	395	531	10	0	623	278
948	210	133	-33	637	770	10	185	0	435
949	489	457	13	316	465	10	0	233	111
950	418	399	20	382	523	0	0	1002	223
951	392	491	-10	1077	1218	10	280	0	286
952	437	19	15	991	1066	10	0	467	576
953	495	83	32	397	515	10	0	535	163
954	468	352	-33	733	834	10	304	0	104
955	390	120	-28	951	1088	10	351	0	521
956	80	357	-22	495	596	10	517	0	88
957	394	310	-21	1066	1161	10	590	0	233
958	61	441	27	514	604	10	0	24	251
959	52	303	-13	395	518	10	335	0	107
960	391	202	14	148	256	10	0	255	80
961	36	451	-4	866	942	10	982	0	475
962	276	84	20	624	769	10	0	761	450
963	130	140	-22	162	318	10	515	0	107
964	16	287	12	236	376	10	0	145	104
965	292	136	28	722	870	10	0	277	561
966	53	204	-23	1028	1112	10	731	0	144
967	359	287	-15	115	266	10	21	0	80
968	309	29	-12	1236	1382	10	624	0	226
969	473	491	-14	382	474	10	929	0	53
970	273	255	-23	1425	1590	10	142	0	1078
971	263	153	12	368	487	10	0	444	291
972	328	458	-19	747	819	10	763	0	85
973	401	164	13	579	693	10	0	170	389
974	480	119	-17	552	734	10	268	0	232
975	488	96	-21	1022	1141	10	17	0	436
976	149	98	4	1101	1260	10	0	865	808
977	49	437	7	351	534	10	0	121	194
978	440	77	14	877	979	10	0	592	541
979	43	135	31	236	344	10	0	155	80
980	188	151	-13	1255	1369	10	427	0	580
981	175	422	-24	1390	1533	10	738	0	87
982	48	437	4	728	909	10	0	961	475
983	334	403	26	174	283	10	0	164	81
984	372	115	13	315	443	10	0	181	195
985	111	192	-21	1152	1277	10	95	0	84
986	357	290	24	114	246	10	0	104	98
987	331	134	11	1059	1219	0	0	1028	808
988	495	199	25	317	387	10	0	678	102
989	441	60	-11	1426	1521	10	76	0	822
990	51	89	-16	1156	1291	10	715	0	581
991	452	206	31	457	558	10	0	575	205
992	195	386	13	146	268	10	0	670	90
993	172	24	-22	1416	1519	10	194	0	294
994	408	318	15	600	716	10	0	794	407
995	410	399	-9	218	342	10	848	0	62
996	413	345	-12	1178	1288	10	771	0	705
997	215	129	-21	1076	1192	10	819	0	81
998	380	350	-5	796	967	10	622	0	257
999	19	38	15	786	939	10	0	252	469
1000	166	247	1	84	158	10	0	551	55
1001	469	489	-4	484	656	10	822	0	248
1002	418	399	-20	382	523	10	950	0	223
1003	452	484	-26	1239	1348	10	750	0	779
1004	49	118	-3	1027	1145	10	393	0	678
1005	122	422	-3	1404	1539	10	349	0	993
1006	405	454	-11	1281	1354	10	75	0	823
1007	133	455	-25	759	886	10	878	0	487
1008	396	417	-13	776	875	10	705	0	489
1009	108	37	-23	486	642	10	134	0	289
1010	235	33	-30	1265	1439	10	780	0	916
1011	482	184	-14	1079	1165	10	648	0	692
1012	478	300	-12	829	981	10	939	0	560
1013	31	175	-24	231	314	10	58	0	61
1014	48	150	-15	618	723	10	446	0	373
1015	215	434	-9	187	286	10	905	0	74
1016	173	182	-25	102	209	10	313	0	79
1017	209	68	-27	1533	1633	10	519	0	1084
1018	268	351	-7	1664	1717	10	445	0	1210
1019	44	311	-27	378	466	10	442	0	188
1020	167	291	-27	1601	1697	10	264	0	1203
1021	344	70	-24	1116	1205	10	864	0	751
1022	466	96	-22	1316	1481	10	809	0	911
1023	240	362	-23	1342	1516	10	569	0	1052
1024	64	294	-12	1054	1179	10	325	0	740
1025	376	113	-8	475	583	10	904	0	297
1026	179	286	-8	290	422	10	411	0	256
1027	64	198	-10	1044	1162	10	69	0	726
1028	331	134	-11	1059	1219	10	987	0	808
1029	0	422	-8	757	915	10	571	0	458
1030	230	320	-8	1141	1274	10	239	0	900
1031	229	322	-11	1628	1723	10	501	0	1236
1032	264	180	-33	1652	1739	10	845	0	1250
1033	436	123	-40	225	312	10	558	0	65
1034	104	349	-20	943	1106	10	22	0	697
1035	352	241	-5	728	886	10	60	0	587
1036	409	155	-19	185	365	10	139	0	134
1037	213	399	-18	169	328	10	901	0	130
1038	180	162	-9	112	302	10	262	0	142

