250	200	1
0	250	250	0	0	1925	0	0	0
1	171	34	-3	1153	1163	10	240	0	209
2	67	190	-14	1183	1193	10	553	0	38
3	80	400	-15	1456	1466	10	717	0	28
4	439	237	11	949	959	10	0	125	192
5	377	385	-23	876	886	10	933	0	154
6	449	428	25	1257	1267	10	0	421	250
7	342	481	18	1450	1460	10	0	920	302
8	466	149	-5	1196	1206	10	598	0	112
9	83	290	14	0	1744	10	0	586	334
10	251	63	14	997	1007	10	0	780	204
11	328	491	21	0	1662	10	0	466	233
12	260	472	-33	0	1693	10	261	0	211
13	290	145	-28	1292	1302	10	965	0	169
14	266	221	9	33	43	10	0	668	2
15	164	320	-23	1105	1115	10	122	0	243
16	52	412	-16	0	1660	10	859	0	165
17	485	104	-31	804	814	10	241	0	129
18	144	331	-36	941	951	10	690	0	185
19	387	394	-23	1108	1118	10	287	0	153
20	472	57	17	1305	1315	10	0	477	255
21	343	276	15	96	106	10	0	255	2
22	104	349	-26	1019	1029	10	220	0	66
23	28	467	34	1353	1363	10	0	961	263
24	91	427	-32	893	903	10	59	0	142
25	429	476	-26	0	1627	10	727	0	35
26	210	276	5	47	57	10	0	190	2
27	58	39	-25	0	1630	10	604	0	330
28	273	300	30	55	65	10	0	995	2
29	41	232	16	215	225	10	0	719	3
30	25	53	-15	1030	1040	10	999	0	138
31	52	18	-11	867	877	10	786	0	120
32	27	444	22	1090	1100	10	0	177	201
33	178	72	-13	767	777	10	724	0	142
34	406	460	-13	729	739	10	469	0	109
35	250	328	24	259	269	10	0	374	47
36	492	34	5	821	831	10	0	414	126
37	412	100	1	523	533	10	0	378	78
38	233	87	18	263	273	10	0	400	27
39	60	5	-8	1054	1064	10	364	0	167
40	406	408	-13	1466	1476	10	705	0	307
41	245	42	24	557	567	10	0	444	89
42	166	345	-8	1140	1150	10	365	0	22
43	440	294	-25	970	980	10	922	0	130
44	370	382	-28	894	904	10	334	0	61
45	32	319	-21	411	421	10	838	0	2
46	480	136	-20	0	1659	10	141	0	2
47	371	163	-26	838	848	10	202	0	170
48	0	188	26	942	952	10	0	231	173
49	438	5	18	559	569	10	0	221	65
50	132	477	25	337	347	10	0	476	22
51	203	211	-16	1316	1326	10	361	0	3
52	2	264	-27	0	1667	10	401	0	18
53	231	167	15	0	1830	10	0	632	402
54	423	221	9	268	278	10	0	988	24
55	459	53	-19	0	1628	10	706	0	2
56	386	154	31	1111	1121	10	0	244	238
57	130	494	-45	769	779	10	439	0	74
58	31	175	24	0	1684	10	0	258	82
59	69	423	32	812	822	10	0	24	142
60	352	241	-14	802	812	10	127	0	100
61	261	201	-22	1524	1534	10	815	0	278
62	59	276	11	902	912	10	0	525	179
63	146	188	-21	1245	1255	10	210	0	52
64	451	62	5	292	302	10	0	633	6
65	299	285	-4	1264	1274	10	881	0	2
66	142	372	18	162	172	10	0	206	2
67	440	201	29	903	913	10	0	530	179
68	219	210	14	50	60	10	0	415	2
69	64	198	-28	1098	1108	10	416	0	197
70	390	249	-16	592	602	10	116	0	90
71	9	101	-15	676	686	10	337	0	4
72	424	288	-7	1067	1077	10	734	0	143
73	77	372	19	211	221	10	0	816	2
74	298	264	36	50	60	10	0	713	2
75	405	454	-25	0	1659	10	550	0	338
76	407	35	-16	0	1649	10	417	0	7
77	225	369	38	121	131	10	0	581	2
78	347	459	-9	489	499	10	799	0	19
79	117	178	-23	1127	1137	10	606	0	2
80	132	479	11	257	267	10	0	453	2
81	201	66	14	1177	1187	10	0	247	249
82	245	176	-1	0	1841	10	176	0	195
83	470	138	-17	1399	1409	10	561	0	249
84	115	296	-10	1539	1549	10	331	0	228
85	348	476	-20	1207	1217	10	437	0	157
86	43	210	20	210	220	10	0	248	2
87	327	139	-28	1267	1277	10	114	0	184
88	49	353	-7	1456	1466	10	739	0	245
89	356	256	19	106	116	10	0	883	2
90	335	99	-6	1228	1238	10	291	0	243
91	363	34	19	282	292	10	0	793	12
92	33	278	18	1497	1507	10	0	452	322
93	366	288	29	694	704	10	0	970	145
94	452	172	-15	618	628	10	230	0	63
95	86	189	21	237	247	10	0	528	18
96	262	369	15	0	1796	10	0	132	133
97	218	403	-18	0	1759	10	468	0	175
98	218	12	3	554	564	10	0	362	80
99	228	399	-13	0	1765	10	992	0	2
100	492	188	-31	725	735	10	991	0	76
101	267	174	34	1628	1638	10	0	845	390
102	274	441	12	705	715	10	0	272	130
103	210	113	28	700	710	10	0	947	141
104	370	262	-3	1109	1119	10	301	0	222
105	303	186	10	1364	1374	0	0	1006	322
106	241	180	-28	1705	1715	10	761	0	285
107	100	85	14	361	371	10	0	993	37
108	350	199	-21	1211	1221	10	868	0	166
109	500	228	8	0	1665	10	0	648	341
110	251	238	27	12	22	10	0	260	2
111	114	102	-17	517	527	10	963	0	12
112	345	146	27	0	1775	10	0	987	243
113	21	146	21	497	507	10	0	895	63
114	330	147	28	858	868	10	0	87	184
115	476	61	36	459	469	10	0	558	43
116	386	245	16	489	499	10	0	70	90
117	201	278	13	56	66	10	0	681	2
118	421	499	-22	1355	1365	10	124	0	79
119	426	231	-13	1038	1048	10	756	0	106
120	105	137	32	462	472	10	0	666	72
121	64	437	11	928	938	10	0	539	168
122	181	260	23	0	1846	10	0	15	243
123	413	391	-10	0	1700	10	276	0	2
124	370	493	22	581	591	10	0	118	79
125	447	267	-11	990	1000	10	4	0	192
126	232	101	24	356	366	10	0	281	53
127	371	332	14	540	550	10	0	60	100
128	447	383	-15	0	1678	10	531	0	313
129	325	147	-19	1197	1207	10	201	0	2
130	489	437	-17	717	727	10	849	0	2
131	415	95	-13	1187	1197	10	524	0	150
132	331	356	-15	722	732	10	96	0	133
133	374	346	27	0	1759	10	0	833	196
134	108	37	23	559	569	10	0	443	78
135	5	224	-23	0	1669	10	409	0	21
136	93	413	17	226	236	10	0	677	0
137	210	29	-15	0	1691	10	309	0	362
138	136	265	12	114	124	10	0	205	2
139	409	155	19	0	1730	10	0	359	184
140	111	178	18	156	166	10	0	701	2
141	291	251	20	41	51	10	0	46	2
142	322	290	-13	0	1833	10	557	0	37
143	57	183	-35	0	1711	10	377	0	2
144	181	185	-14	1624	1634	10	521	0	334
145	7	382	27	780	790	10	0	659	128
146	425	448	9	804	814	10	0	174	137
147	174	41	-25	0	1693	10	435	0	16
148	161	276	8	143	153	10	0	755	15
149	398	49	-20	802	812	10	600	0	109
150	210	379	12	719	729	10	0	408	148
151	60	231	-5	1036	1046	10	902	0	95
152	453	360	13	230	240	10	0	579	2
153	367	97	-16	998	1008	10	181	0	143
154	488	3	3	411	421	10	0	952	19
155	44	115	24	246	256	10	0	614	2
156	48	293	22	286	296	10	0	392	22
157	64	135	-27	0	1697	10	433	0	365
158	65	62	15	0	1652	10	0	801	157
159	404	207	-31	0	1756	10	209	0	2
160	68	303	-25	0	1726	10	959	0	64
161	263	418	25	288	298	10	0	440	32
162	147	30	26	1119	1129	0	0	1012	221
163	384	149	18	1207	1217	0	0	1026	262
164	340	416	36	331	341	10	0	310	38
165	271	128	12	356	366	10	0	914	60
166	89	358	-13	1257	1267	10	335	0	31
167	20	480	25	0	1590	0	0	1010	316
168	488	173	-20	1220	1230	10	269	0	229
169	439	156	-7	0	1704	10	974	0	95
170	389	156	27	726	736	0	0	1033	142
171	111	392	18	0	1717	10	0	923	249
172	267	162	-26	1459	1469	10	752	0	2
173	248	176	-17	1411	1421	10	821	0	203
174	413	476	-9	1189	1199	10	146	0	137
175	352	481	15	1295	1305	10	0	391	263
176	264	135	1	889	899	10	0	82	195
177	29	462	-22	1320	1330	10	32	0	201
178	148	462	10	737	747	10	0	474	127
179	44	140	11	878	888	10	0	638	163
180	414	378	23	505	515	10	0	954	76
181	392	95	16	776	786	10	0	153	143
182	216	341	19	664	674	10	0	239	144
183	211	411	-3	0	1750	10	926	0	378
184	317	45	8	0	1700	0	0	1005	371
185	178	150	-21	642	652	10	699	0	122
186	428	302	-21	1026	1036	10	835	0	11
187	450	45	24	514	524	10	0	311	59
188	453	318	-16	384	394	10	910	0	12
189	186	135	24	0	1784	0	0	1029	413
190	11	403	-5	353	363	10	26	0	2
191	433	447	-5	804	814	10	490	0	102
192	272	420	-19	1396	1406	10	763	0	276
193	429	59	-21	0	1654	10	989	0	302
194	200	27	-21	535	545	10	819	0	2
195	498	171	-25	1266	1276	10	250	0	3
196	487	320	-14	868	878	10	438	0	95
197	45	166	-8	1023	1033	10	867	0	181
198	490	276	33	248	258	10	0	736	4
199	126	391	19	283	293	0	0	1039	26
200	92	18	8	1134	1144	10	0	519	215
201	293	228	19	48	58	10	0	129	2
202	343	205	26	777	787	10	0	47	170
203	182	480	-20	0	1676	10	369	0	352
204	385	285	13	878	888	10	0	794	187
205	44	344	-12	1089	1099	10	138	0	2
206	170	347	-18	0	1790	10	66	0	2
207	457	492	-40	0	1597	10	294	0	22
208	124	448	6	379	389	10	0	880	38
209	398	210	31	153	163	10	0	159	2
210	75	118	21	419	429	10	0	63	52
211	105	474	-18	481	491	10	582	0	2
212	134	211	35	130	140	10	0	426	4
213	211	248	26	39	49	10	0	547	2
214	212	186	-12	1732	1742	10	513	0	376
215	492	335	-12	0	1659	10	939	0	344
216	497	483	-12	363	373	10	899	0	2
217	440	436	-3	902	912	10	511	0	3
218	311	203	15	733	743	10	0	613	166
219	491	369	-13	0	1647	10	872	0	2
220	67	378	26	480	490	10	0	22	66
221	383	17	-18	950	960	10	49	0	65
222	7	82	25	422	432	10	0	393	34
223	342	319	36	115	125	10	0	672	2
224	78	406	15	970	980	10	0	455	186
225	103	123	8	500	510	10	0	591	78
226	241	38	-26	0	1703	10	303	0	143
227	224	3	-18	700	710	10	245	0	97
228	436	467	-4	746	756	10	822	0	62
229	438	488	18	337	347	10	0	722	10
230	351	60	15	0	1700	10	0	94	63
231	13	214	-26	1364	1374	10	48	0	173
232	429	67	-21	742	752	10	292	0	22
233	498	456	27	1416	1426	10	0	806	275
234	135	400	20	0	1726	10	0	888	381
235	215	293	13	55	65	0	0	1023	2
236	354	416	-7	0	1720	10	431	0	336
237	294	421	-16	1585	1595	10	669	0	343
238	208	445	22	1342	1352	0	0	1015	288
239	230	320	-19	1202	1212	10	182	0	144
240	157	38	3	1058	1068	10	0	1	209
241	441	100	31	0	1673	10	0	17	129
242	61	170	20	1016	1026	10	0	609	205
243	79	467	22	361	371	10	0	375	23
244	365	190	-31	1487	1497	10	56	0	238
245	282	1	18	0	1664	10	0	227	97
246	124	111	15	0	1728	0	0	1024	385
247	247	219	-14	0	1884	10	81	0	249
248	28	180	-20	396	406	10	86	0	2
249	167	488	17	260	270	10	0	875	4
250	442	289	25	201	211	10	0	195	3
251	136	430	-24	720	730	10	738	0	123
252	38	15	3	0	1599	10	0	938	257
253	246	314	-21	1455	1465	10	651	0	21
254	176	200	17	578	588	10	0	290	124
255	337	232	-15	1581	1591	10	21	0	2
256	257	133	-32	872	882	10	781	0	108
257	295	247	12	1313	1323	0	0	1001	319
258	39	162	-24	575	585	10	58	0	82
259	79	257	-11	963	973	10	824	0	157
260	236	126	-27	0	1791	10	110	0	2
261	259	498	33	1085	1095	10	0	12	211
262	180	162	9	0	1803	10	0	502	371
263	53	466	9	345	355	10	0	769	15
264	167	291	-12	1644	1654	10	915	0	233
265	89	185	-6	610	620	10	296	0	52
266	487	446	9	1350	1360	10	0	730	263
267	308	199	-15	1518	1528	10	584	0	278
268	481	84	17	516	526	10	0	953	60
269	495	227	20	0	1669	10	0	168	229
270	397	57	17	1486	1496	10	0	368	313
271	372	39	-23	734	744	10	892	0	88
272	278	450	-12	1385	1395	10	102	0	130
273	292	32	14	239	249	10	0	295	6
274	90	496	-22	1405	1415	10	693	0	258
275	68	53	-10	749	759	10	503	0	107
276	371	423	10	211	221	10	0	123	2
277	273	149	-21	1513	1523	10	917	0	334
278	297	283	-26	0	1858	10	407	0	447
279	120	37	-30	0	1666	10	628	0	8
280	371	488	-35	0	1649	10	631	0	41
281	206	174	-24	810	820	10	126	0	53
282	174	347	-6	1025	1035	10	373	0	72
283	330	281	-25	1340	1350	10	649	0	251
284	67	451	-4	1226	1236	10	982	0	137
285	27	464	-8	1301	1311	10	571	0	134
286	361	178	5	0	1783	10	0	955	204
287	463	406	23	867	877	10	0	19	153
288	456	157	-19	1465	1475	10	535	0	138
289	153	244	5	118	128	10	0	583	7
290	153	192	-17	876	886	10	254	0	124
291	352	63	6	1188	1198	10	0	90	243
292	371	71	21	297	307	10	0	232	22
293	163	472	-14	663	673	10	925	0	102
294	448	495	40	394	404	10	0	207	22
295	282	10	-14	0	1673	10	273	0	6
296	66	163	6	405	415	10	0	265	52
297	314	205	-23	1537	1547	10	676	0	204
298	83	169	-2	0	1730	10	556	0	151
299	221	291	9	56	66	10	0	429	3
300	374	116	9	597	607	10	0	864	106
301	418	269	3	0	1746	10	0	104	222
302	178	302	-9	897	907	10	853	0	116
303	250	57	26	758	768	10	0	226	143
304	475	352	33	0	1668	10	0	714	55
305	1	252	-10	0	1666	10	616	0	2
306	286	356	-33	0	1804	10	704	0	2
307	65	82	-35	750	760	10	488	0	69
308	154	392	9	171	181	10	0	850	2
309	196	56	15	0	1714	10	0	137	362
310	366	390	-36	0	1734	10	164	0	38
311	436	25	-24	1292	1302	10	187	0	59
312	67	352	20	383	393	10	0	430	45
313	173	182	25	102	112	10	0	499	2
314	390	34	7	1070	1080	10	0	774	205
315	18	225	-30	701	711	10	345	0	9
316	57	43	-14	0	1632	10	791	0	80
317	388	44	-21	1141	1151	10	434	0	222
318	269	112	19	1273	1283	0	0	1031	285
319	374	260	-15	1781	1791	10	994	0	385
320	291	213	23	1268	1278	10	0	541	305
321	178	420	-16	1081	1091	10	327	0	97
322	389	255	15	795	805	10	0	827	166
323	134	194	-23	1662	1672	10	807	0	154
324	93	490	2	389	399	10	0	878	28
325	64	294	12	1111	1121	10	0	945	232
326	493	111	26	551	561	10	0	497	70
327	150	484	16	635	645	10	0	321	97
328	235	316	-10	666	676	10	630	0	118
329	239	15	2	0	1680	10	0	366	195
330	193	138	30	671	681	10	0	842	138
331	40	278	10	1114	1124	10	0	84	228
332	307	52	-12	930	940	10	624	0	62
333	161	416	25	0	1727	10	0	981	313
334	381	457	28	481	491	10	0	44	61
335	55	318	13	322	332	10	0	166	31
336	80	279	19	0	1743	10	0	687	323
337	48	162	15	227	237	10	0	71	4
338	91	27	-11	1192	1202	10	410	0	202
339	288	70	-12	189	199	10	971	0	1
340	177	404	17	1272	1282	10	0	501	277
341	10	237	19	626	636	10	0	707	98
342	493	493	20	866	876	10	0	862	133
343	440	292	-25	950	960	10	509	0	169
344	349	76	-21	1041	1051	10	487	0	2
345	47	208	30	236	246	10	0	315	9
346	283	454	-10	0	1709	10	710	0	2
347	486	324	15	0	1668	10	0	370	286
348	392	87	-31	0	1699	10	802	0	2
349	122	422	-31	1467	1477	10	566	0	118
350	37	281	-26	503	513	10	858	0	2
351	413	127	28	841	851	10	0	467	161
352	222	499	-25	855	865	10	663	0	89
353	211	446	-14	1133	1143	10	946	0	83
354	30	7	-15	1199	1209	10	552	0	124
355	398	341	-15	949	959	10	998	0	180
356	26	67	-22	1327	1337	10	515	0	2
357	461	186	-10	0	1695	10	924	0	69
358	313	391	-6	0	1761	10	776	0	89
359	471	94	-19	1009	1019	10	139	0	184
360	341	72	-36	815	825	10	889	0	152
361	130	186	16	141	151	10	0	51	3
362	257	57	-3	1236	1246	10	98	0	80
363	94	344	-13	0	1733	10	551	0	234
364	6	53	8	0	1602	10	0	39	167
365	146	376	8	244	254	10	0	42	22
366	244	13	-2	1023	1033	10	329	0	195
367	29	336	-12	342	352	10	737	0	23
368	306	42	-17	0	1700	10	270	0	313
369	177	486	20	0	1668	10	0	203	352
370	489	338	-15	1407	1417	10	347	0	286
371	179	318	-5	1131	1141	10	563	0	84
372	344	203	14	177	187	10	0	592	20
373	149	341	6	414	424	10	0	282	72
374	307	412	-24	414	424	10	35	0	47
375	68	450	-22	643	653	10	243	0	23
376	420	80	-2	0	1675	10	560	0	238
377	144	220	35	110	120	10	0	143	2
378	497	54	-1	988	998	10	37	0	78
379	80	458	30	381	391	10	0	837	30
380	84	377	10	0	1706	10	0	843	38
381	332	382	2	1020	1030	10	0	751	218
382	6	196	-26	1213	1223	10	588	0	146
383	104	28	-14	1483	1493	10	441	0	210
384	224	320	-26	1294	1304	10	607	0	85
385	87	3	13	0	1620	0	0	1002	331
386	149	214	-8	0	1808	10	966	0	218
387	98	29	14	0	1647	10	0	599	335
388	135	30	12	484	494	10	0	795	61
389	287	397	-20	574	584	10	626	0	105
390	107	374	8	924	934	10	0	860	186
391	355	485	-15	1489	1499	10	175	0	263
392	51	286	-22	1469	1479	10	156	0	22
393	49	118	-25	1081	1091	10	222	0	34
394	159	226	16	94	104	10	0	884	2
395	185	431	15	397	407	10	0	567	53
396	262	92	25	640	650	10	0	456	122
397	475	198	-12	0	1685	10	732	0	51
398	142	30	-13	1256	1266	10	857	0	244
399	481	207	-16	866	876	10	506	0	157
400	174	122	-18	603	613	10	38	0	27
401	35	263	27	280	290	10	0	52	18
402	24	71	11	356	366	10	0	534	19
403	173	65	12	458	468	0	0	1036	66
404	91	326	-14	0	1739	10	640	0	4
405	470	417	-10	747	757	10	903	0	3
406	397	153	-13	892	902	10	973	0	176
407	295	283	26	0	1860	10	0	278	447
408	174	376	-12	0	1768	10	150	0	148
409	38	190	23	295	305	10	0	135	21
410	16	68	11	0	1619	10	0	338	202
411	179	286	-36	351	361	10	532	0	66
412	244	422	14	548	558	10	0	671	96
413	250	441	-12	766	776	10	817	0	43
414	497	18	-5	1140	1150	10	36	0	126
415	195	111	-14	1008	1018	10	68	0	2
416	26	221	28	1006	1016	10	0	69	197
417	442	5	16	330	340	10	0	76	7
418	44	496	32	412	422	10	0	549	25
419	448	404	15	0	1665	10	0	578	160
420	471	427	8	826	836	10	0	682	138
421	460	424	-25	1465	1475	10	6	0	250
422	461	195	-17	1405	1415	10	554	0	202
423	146	313	22	0	1794	10	0	937	49
424	19	273	-18	1027	1037	10	685	0	124
425	245	461	-18	659	669	10	901	0	25
426	69	266	-35	768	778	10	212	0	4
427	191	84	-15	877	887	10	514	0	163
428	68	160	-31	0	1712	10	979	0	2
429	212	47	-9	811	821	10	299	0	3
430	80	337	-20	0	1725	10	312	0	45
431	412	478	7	0	1636	10	0	236	336
432	225	488	28	646	656	10	0	900	104
433	105	140	27	0	1733	10	0	157	365
434	389	43	21	0	1666	10	0	317	222
435	177	156	25	177	187	10	0	147	16
436	179	497	-23	1421	1431	10	470	0	201
437	377	432	20	841	851	10	0	85	157
438	497	296	14	623	633	10	0	196	95
439	152	476	45	533	543	10	0	57	74
440	277	428	-25	500	510	10	161	0	32
441	64	5	14	1139	1149	10	0	383	210
442	44	311	-16	0	1701	10	733	0	237
443	165	59	-23	953	963	10	134	0	78
444	261	138	-24	0	1803	10	41	0	89
445	268	351	-29	0	1813	10	615	0	384
446	48	150	-8	0	1690	10	726	0	2
447	215	79	-31	0	1741	10	623	0	208
448	109	56	27	239	249	10	0	573	1
449	171	188	-28	631	641	10	703	0	2
450	284	457	-3	0	1706	10	457	0	15
451	274	442	-21	0	1722	10	893	0	2
452	33	286	-18	1556	1566	10	92	0	322
453	112	433	-11	0	1686	10	80	0	2
454	423	170	-25	523	533	10	695	0	2
455	213	283	-15	0	1866	10	224	0	186
456	240	34	-25	1570	1580	10	396	0	122
457	283	438	3	241	251	10	0	450	15
458	324	99	-26	348	358	10	645	0	40
459	259	301	25	109	119	10	0	526	16
460	189	402	-12	0	1752	10	462	0	2
461	215	282	21	1450	1460	10	0	478	353
462	166	440	12	207	217	10	0	460	2
463	374	232	33	125	135	10	0	512	2
464	339	113	-18	771	781	10	767	0	151
465	335	46	18	0	1694	10	0	572	215
466	313	493	-21	1203	1213	10	11	0	233
467	432	66	-28	1081	1091	10	351	0	161
468	76	462	18	966	976	10	0	97	175
469	397	477	13	0	1645	10	0	34	109
470	196	489	23	1040	1050	10	0	436	201
471	354	156	20	842	852	10	0	621	177
472	171	24	-17	1393	1403	10	673	0	2
473	187	73	-28	302	312	10	680	0	27
474	243	408	-10	1444	1454	10	178	0	127
475	421	387	15	811	821	0	0	1028	150
476	141	426	-25	541	551	10	50	0	22
477	415	118	-17	0	1704	10	20	0	255
478	240	255	-21	1621	1631	10	461	0	353
479	162	388	11	1136	1146	10	0	909	245
480	413	493	-22	1228	1238	10	749	0	105
481	69	414	6	1273	1283	10	0	841	259
482	273	70	36	629	639	10	0	785	114
483	142	14	18	845	855	0	0	1022	148
484	185	434	9	0	1720	10	0	545	111
485	360	294	9	0	1797	10	0	559	271
486	265	240	9	18	28	10	0	711	2
487	280	245	21	30	40	10	0	344	2
488	87	51	35	524	534	10	0	307	69
489	195	273	22	59	69	10	0	585	2
490	422	498	5	702	712	10	0	191	102
491	95	64	-16	776	786	10	813	0	123
492	63	155	-9	0	1706	10	832	0	265
493	24	259	19	0	1689	0	0	1025	365
494	376	92	10	0	1713	0	0	1018	377
495	83	300	-17	510	520	10	718	0	83
496	72	477	46	288	298	10	0	504	2
497	380	194	-26	0	1774	10	326	0	70
498	72	227	25	574	584	10	0	844	101
499	238	123	-25	791	801	10	313	0	2
500	188	119	44	985	995	10	0	634	212
501	229	322	-17	0	1840	10	340	0	277
502	150	68	-9	0	1708	10	262	0	371
503	67	24	10	0	1625	10	0	275	107
504	63	420	-46	0	1663	10	496	0	2
505	339	144	13	1109	1119	10	0	658	245
506	454	201	16	0	1706	10	0	399	157
507	158	24	18	621	631	10	0	747	96
508	365	119	-13	392	402	10	984	0	50
509	440	284	25	862	872	10	0	343	169
510	417	212	-27	920	930	10	812	0	109
511	404	439	3	249	259	10	0	217	3
512	472	248	-33	0	1693	10	463	0	2
513	235	108	12	0	1773	10	0	214	376
514	174	67	15	0	1717	10	0	427	163
515	132	151	22	154	164	10	0	356	2
516	217	207	-28	1392	1402	10	829	0	120
517	162	306	22	129	139	10	0	723	8
518	48	366	-20	753	763	10	754	0	9
519	209	68	-8	1578	1588	10	200	0	215
520	94	497	-11	792	802	10	808	0	2
521	110	122	14	1519	1529	10	0	144	334
522	274	403	-13	897	907	10	856	0	68
523	421	386	-18	834	844	10	814	0	54
524	399	175	13	757	767	10	0	131	150
525	56	268	-11	1074	1084	10	62	0	179
526	322	406	-25	839	849	10	459	0	16
527	244	277	18	1311	1321	0	0	1013	323
528	105	181	-21	1541	1551	10	95	0	18
529	30	97	23	1220	1230	10	0	665	240
530	359	246	-29	0	1806	10	67	0	179
531	498	457	15	0	1592	10	0	128	313
532	190	267	36	0	1853	10	0	411	66
533	334	481	-17	340	350	10	618	0	23
534	18	24	-11	638	648	10	402	0	19
535	482	104	19	817	827	10	0	288	138
536	460	328	13	229	239	0	0	1007	3
537	320	211	16	1003	1013	0	0	1037	233
538	494	165	19	0	1657	10	0	735	183
539	167	445	-11	0	1704	10	121	0	168
540	340	291	22	480	490	10	0	787	97
541	272	234	-23	1600	1610	10	320	0	305
542	325	56	13	806	816	10	0	580	152
543	71	304	19	699	709	10	0	830	130
544	87	311	7	0	1741	10	0	956	79
545	207	487	-9	699	709	10	484	0	111
546	332	5	-20	1043	1053	10	684	0	25
547	161	275	-26	0	1823	10	213	0	2
548	268	458	24	533	543	10	0	790	83
549	175	352	-32	0	1789	10	418	0	25
550	398	476	25	0	1645	10	0	75	338
551	51	360	13	1155	1165	10	0	363	234
552	21	70	15	781	791	10	0	354	124
553	80	251	14	314	324	10	0	2	38
554	457	280	17	1010	1020	10	0	422	202
555	423	315	-11	0	1731	10	570	0	378
556	66	88	2	840	850	10	0	298	151
557	479	387	13	407	417	10	0	142	37
558	436	123	-36	0	1690	10	115	0	43
559	286	244	-9	1294	1304	10	485	0	271
560	449	190	2	1150	1160	10	0	376	238
561	456	113	17	1237	1247	10	0	83	249
562	480	152	-29	0	1665	10	602	0	346
563	100	266	5	480	490	10	0	371	84
564	343	34	7	735	745	10	0	766	127
565	374	306	-14	1004	1014	10	728	0	203
566	13	465	31	784	794	10	0	349	118
567	230	487	-15	1140	1150	10	395	0	53
568	442	153	-24	1199	1209	10	869	0	184
569	240	362	-22	0	1803	10	744	0	65
570	433	319	11	0	1720	10	0	555	378
571	0	422	8	831	841	10	0	285	134
572	297	131	-18	1175	1185	10	465	0	215
573	71	12	-27	303	313	10	448	0	1
574	44	440	24	0	1635	0	0	1038	338
575	447	184	27	434	444	0	0	1003	59
576	341	59	27	800	810	0	0	1011	149
577	132	32	18	794	804	10	0	798	139
578	411	396	-15	930	940	10	419	0	160
579	450	416	-13	587	597	10	152	0	2
580	323	34	-13	0	1687	10	542	0	152
581	244	368	-38	424	434	10	77	0	2
582	90	477	18	277	287	10	0	211	2
583	34	169	-5	494	504	10	289	0	7
584	351	128	15	1263	1273	10	0	267	278
585	71	282	-22	0	1734	10	489	0	2
586	157	269	-14	1586	1596	10	9	0	334
587	392	1	11	615	625	10	0	847	84
588	39	153	26	808	818	10	0	382	146
589	306	229	-33	1330	1340	10	686	0	281
590	415	253	21	377	387	10	0	941	55
591	92	76	-8	1149	1159	10	225	0	78
592	437	98	-14	1124	1134	10	372	0	20
593	12	367	27	336	346	10	0	759	20
594	448	414	-33	1233	1243	10	912	0	159
595	128	113	-7	373	383	10	667	0	2
596	43	360	-23	0	1681	10	742	0	96
597	102	422	23	236	246	10	0	670	4
598	480	131	5	698	708	10	0	8	112
599	210	81	-14	0	1742	10	387	0	335
600	432	2	20	0	1608	10	0	149	109
601	396	83	-22	1596	1606	10	809	0	284
602	489	159	29	0	1660	10	0	562	346
603	56	75	-19	0	1654	10	990	0	243
604	66	31	25	0	1629	10	0	27	330
605	460	117	-31	530	540	10	650	0	2
606	175	239	23	75	85	10	0	79	2
607	217	333	26	421	431	10	0	384	85
608	62	375	-38	359	369	10	654	0	4
609	82	183	-20	1112	1122	10	242	0	205
610	248	214	-29	1489	1499	10	800	0	179
611	385	239	21	796	806	10	0	870	167
612	371	315	-16	1176	1186	10	760	0	114
613	333	163	-15	0	1795	10	218	0	166
614	100	66	-24	0	1678	10	155	0	2
615	311	422	29	0	1733	10	0	445	384
616	153	235	10	98	108	10	0	305	2
617	168	109	10	214	224	10	0	997	15
618	284	319	17	0	1839	10	0	533	23
619	195	464	-14	0	1695	10	688	0	338
620	382	9	30	282	292	10	0	653	4
621	325	210	-20	943	953	10	471	0	177
622	366	334	5	420	430	10	0	957	71
623	200	78	31	1003	1013	10	0	447	208
624	351	5	12	506	516	10	0	332	62
625	197	202	29	1214	1224	10	0	796	288
626	270	337	20	0	1826	10	0	389	105
627	125	65	17	798	808	10	0	636	146
628	120	17	30	289	299	10	0	279	8
629	84	255	13	292	302	10	0	731	33
630	222	331	10	550	560	10	0	328	118
631	332	459	35	379	389	10	0	280	41
632	226	175	-15	1704	1714	10	53	0	402
633	404	140	-5	1269	1279	10	64	0	6
634	223	178	-44	1146	1156	10	500	0	212
635	330	308	24	1180	1190	0	0	1017	272
636	140	108	-17	1081	1091	10	627	0	146
637	34	239	16	0	1699	10	0	647	148
638	94	192	-11	1090	1100	10	179	0	163
639	458	213	-23	1138	1148	10	678	0	213
640	13	314	14	254	264	10	0	404	4
641	202	391	30	0	1767	10	0	908	372
642	339	41	-9	466	476	10	936	0	9
643	224	56	13	1196	1206	10	0	674	252
644	345	431	-26	355	365	10	983	0	2
645	292	104	26	314	324	10	0	458	40
646	318	99	-23	1223	1233	10	773	0	124
647	46	248	-16	824	834	10	637	0	148
648	482	184	-8	0	1674	10	109	0	341
649	411	379	25	0	1709	10	0	283	251
650	293	174	31	87	97	10	0	605	2
651	169	305	21	172	182	10	0	253	21
652	394	47	5	323	333	10	0	839	21
653	323	29	-30	1147	1157	10	620	0	4
654	65	343	38	217	227	10	0	608	4
655	158	179	37	0	1799	0	0	1016	420
656	299	353	-23	0	1801	10	811	0	123
657	9	233	31	316	326	0	0	1035	21
658	330	138	-13	0	1778	10	505	0	245
659	48	412	-27	1042	1052	10	145	0	128
660	385	17	40	819	829	10	0	968	139
661	382	110	-24	1122	1132	10	871	0	205
662	336	493	20	0	1658	10	0	907	343
663	181	441	25	552	562	10	0	352	89
664	162	301	-26	1623	1633	10	944	0	340
665	1	101	-23	1267	1277	10	529	0	240
666	80	117	-32	834	844	10	120	0	72
667	210	219	7	50	60	10	0	595	2
668	404	59	-9	923	933	10	14	0	2
669	288	439	16	0	1723	10	0	237	343
670	149	458	-23	0	1684	10	597	0	4
671	257	391	-14	1643	1653	10	412	0	96
672	405	349	-36	532	542	10	223	0	2
673	191	215	17	68	78	10	0	472	2
674	231	29	-13	1236	1246	10	643	0	252
675	253	50	-20	236	246	10	805	0	8
676	441	177	23	1011	1021	10	0	297	204
677	5	445	-17	321	331	10	136	0	0
678	463	253	23	1057	1067	10	0	639	213
679	435	180	37	235	245	10	0	797	11
680	198	85	28	273	283	10	0	473	27
681	59	388	-13	673	683	10	117	0	2
682	373	418	-8	1269	1279	10	420	0	138
683	142	80	-26	0	1714	10	740	0	101
684	441	7	20	402	412	10	0	546	25
685	33	268	18	706	716	10	0	424	124
686	355	174	33	0	1786	10	0	589	281
687	228	260	-19	1616	1626	10	336	0	323
688	114	460	14	0	1665	10	0	619	338
689	337	41	-12	1012	1022	10	692	0	2
690	154	374	36	0	1759	10	0	18	185
691	235	13	-10	369	379	10	784	0	21
692	303	78	12	179	189	10	0	689	2
693	103	464	22	1283	1293	10	0	274	258
694	325	311	22	1332	1342	10	0	877	311
695	306	235	25	57	67	10	0	454	2
696	382	360	26	188	198	10	0	828	6
697	235	288	18	40	50	10	0	779	2
698	0	356	-21	0	1644	10	777	0	162
699	178	135	21	0	1780	10	0	185	122
700	226	423	15	207	217	10	0	897	10
701	15	11	-18	962	972	10	140	0	2
702	144	35	26	239	249	10	0	980	2
703	176	199	28	89	99	10	0	449	2
704	247	306	33	56	66	10	0	306	2
705	396	417	13	0	1694	10	0	40	307
706	289	220	19	49	59	10	0	55	2
707	23	235	-19	1033	1043	10	341	0	98
708	137	377	23	169	179	10	0	958	2
709	400	71	17	1382	1392	10	0	962	289
710	261	359	10	109	119	10	0	346	2
711	438	127	-9	951	961	10	486	0	2
712	318	280	-12	0	1841	10	771	0	221
713	333	293	-36	627	637	10	74	0	2
714	436	295	-33	538	548	10	304	0	55
715	62	94	16	0	1671	10	0	940	255
716	495	355	-19	1253	1263	10	861	0	242
717	13	394	15	383	393	10	0	3	28
718	172	292	17	0	1827	10	0	495	83
719	14	232	-16	0	1679	10	29	0	3
720	437	90	-13	595	605	10	931	0	9
721	214	274	24	0	1872	0	0	1009	457
722	420	383	-18	992	1002	10	229	0	10
723	120	261	-22	803	813	10	517	0	8
724	179	75	13	750	760	10	0	33	142
725	484	224	-14	310	320	10	928	0	2
726	214	245	8	36	46	10	0	446	2
727	395	474	26	397	407	10	0	25	35
728	368	311	14	936	946	10	0	565	203
729	199	203	20	1467	1477	10	0	866	351
730	485	428	-9	1500	1510	10	266	0	263
731	86	199	-13	0	1744	10	629	0	33
732	447	272	12	394	404	10	0	397	51
733	40	304	16	1155	1165	10	0	442	237
734	475	267	7	790	800	10	0	72	143
735	482	141	-19	1021	1031	10	538	0	183
736	489	274	-33	544	554	10	198	0	4
737	26	342	12	331	341	10	0	367	23
738	139	438	24	0	1697	10	0	251	123
739	12	358	7	1234	1244	10	0	88	245
740	125	61	26	622	632	10	0	683	101
741	360	284	-24	0	1800	10	967	0	417
742	29	358	23	621	631	10	0	596	96
743	285	247	-14	0	1880	10	873	0	2
744	248	386	22	388	398	10	0	569	65
745	415	207	18	910	920	10	0	916	187
746	130	247	17	120	130	0	0	1019	2
747	172	66	-18	1313	1323	10	507	0	96
748	92	259	4	409	419	10	0	792	65
749	379	486	22	682	692	10	0	480	105
750	452	484	26	0	1606	10	0	848	319
751	268	288	-2	1277	1287	10	381	0	218
752	349	43	26	229	239	10	0	172	2
753	225	269	-35	0	1884	10	932	0	2
754	50	383	20	270	280	10	0	518	9
755	110	251	-8	508	518	10	148	0	15
756	461	182	13	639	649	10	0	119	106
757	255	487	19	408	418	10	0	840	45
758	133	202	-22	471	481	10	788	0	86
759	34	329	-27	1053	1063	10	593	0	20
760	368	452	16	680	690	10	0	612	114
761	242	106	28	1278	1288	10	0	106	285
762	171	303	18	0	1820	10	0	770	159
763	329	456	19	0	1695	10	0	192	276
764	490	286	29	0	1673	10	0	906	343
765	61	214	-29	0	1723	10	882	0	351
766	365	74	-7	858	868	10	564	0	127
767	321	149	18	0	1792	10	0	464	151
768	84	453	-7	0	1653	10	977	0	43
769	26	442	-9	1354	1364	10	263	0	15
770	180	283	-18	754	764	10	762	0	159
771	394	322	12	1035	1045	10	0	712	221
772	348	348	-21	945	955	10	775	0	2
773	309	161	23	593	603	10	0	646	124
774	385	58	-7	0	1681	10	314	0	205
775	228	287	21	43	53	10	0	772	2
776	312	453	6	560	570	10	0	358	89
777	35	344	21	873	883	10	0	698	162
778	393	98	-8	763	773	10	904	0	138
779	208	488	-18	488	498	10	697	0	2
780	235	33	-14	1347	1357	10	10	0	204
781	140	137	32	580	590	10	0	256	108
782	405	187	-12	1261	1271	10	935	0	196
783	330	371	-10	0	1770	10	951	0	336
784	265	0	10	0	1665	10	0	691	21
785	295	89	-36	752	762	10	482	0	114
786	3	23	11	0	1580	10	0	31	120
787	363	225	-22	866	876	10	540	0	97
788	148	208	22	0	1805	10	0	758	86
789	466	362	-24	0	1672	10	986	0	2
790	267	290	-24	0	1872	10	548	0	83
791	98	2	14	602	612	10	0	316	80
792	131	246	-4	842	852	10	748	0	65
793	418	75	-19	458	468	10	91	0	12
794	366	260	-13	1530	1540	10	204	0	187
795	138	28	-12	1107	1117	10	388	0	61
796	209	212	-29	0	1860	10	625	0	288
797	443	167	-37	553	563	10	679	0	11
798	156	65	-18	1047	1057	10	577	0	139
799	279	355	9	176	186	10	0	78	19
800	206	172	29	798	808	10	0	610	179
801	32	94	-15	940	950	10	158	0	157
802	301	239	31	52	62	10	0	348	2
803	471	368	-14	0	1665	10	874	0	351
804	133	273	20	119	129	10	0	820	2
805	253	74	20	0	1739	10	0	675	8
806	470	405	-27	0	1646	10	233	0	275
807	77	172	23	796	806	10	0	323	154
808	77	465	11	275	285	10	0	520	2
809	466	96	22	1393	1403	10	0	601	284
810	402	277	5	1448	1458	0	0	1014	325
811	267	374	23	611	621	10	0	656	123
812	450	194	27	635	645	10	0	510	109
813	89	65	16	730	740	10	0	491	123
814	429	389	18	434	444	10	0	523	54
815	202	28	22	0	1688	10	0	61	278
816	46	389	-19	0	1669	10	73	0	2
817	246	407	12	322	332	10	0	413	43
818	452	110	14	0	1670	10	0	823	253
819	213	185	21	74	84	10	0	194	2
820	134	276	-20	143	153	10	804	0	2
821	262	97	17	957	967	10	0	173	203
822	469	489	4	565	575	10	0	228	62
823	364	71	-14	1358	1368	10	818	0	253
824	68	240	11	804	814	10	0	259	157
825	494	468	-13	362	372	10	949	0	8
826	439	222	22	990	1000	0	0	1030	202
827	386	225	-15	929	939	10	322	0	166
828	434	359	-26	1402	1412	10	696	0	6
829	103	177	28	636	646	10	0	516	120
830	89	322	-19	1031	1041	10	543	0	130
831	307	249	-21	1387	1397	10	887	0	262
832	30	155	9	1290	1300	10	0	492	265
833	401	314	-27	986	996	10	133	0	196
834	217	357	23	1430	1440	10	0	898	332
835	373	421	21	247	257	10	0	186	11
836	5	281	16	1382	1392	10	0	964	286
837	173	474	-30	1295	1305	10	379	0	30
838	36	301	21	219	229	10	0	45	2
839	429	169	-5	913	923	10	652	0	21
840	195	450	-19	0	1708	10	757	0	45
841	95	382	-6	0	1712	10	481	0	259
842	225	121	-30	0	1784	10	330	0	138
843	10	407	-10	444	454	10	380	0	38
844	221	269	-25	1275	1285	10	498	0	101
845	264	180	-34	1691	1701	10	101	0	390
846	168	59	6	376	386	10	0	930	44
847	281	96	-11	0	1758	10	587	0	84
848	387	349	-26	0	1746	10	750	0	319
849	398	329	17	167	177	10	0	130	2
850	239	486	-9	1492	1502	10	308	0	2
851	237	420	15	1344	1354	0	0	1020	295
852	346	354	8	0	1774	0	0	1032	408
853	172	314	9	555	565	10	0	302	116
854	233	230	20	26	36	10	0	927	2
855	79	80	19	1392	1402	0	0	1008	290
856	243	402	13	415	425	10	0	522	68
857	117	110	13	0	1722	10	0	398	244
858	66	314	26	194	204	10	0	350	2
859	58	391	16	892	902	10	0	16	165
860	142	360	-8	1542	1552	10	390	0	186
861	492	326	19	1214	1224	10	0	716	242
862	381	328	-20	0	1763	10	342	0	133
863	62	236	-25	568	578	10	885	0	91
864	344	70	-9	1156	1166	10	300	0	106
865	151	81	-4	1568	1578	10	976	0	250
866	240	240	-20	1710	1720	10	729	0	351
867	46	163	8	936	946	10	0	197	181
868	455	168	21	877	887	10	0	108	166
869	428	202	24	914	924	10	0	568	184
870	432	199	-21	0	1726	10	611	0	167
871	391	112	24	1010	1020	10	0	661	205
872	451	305	13	208	218	10	0	219	2
873	214	311	14	70	80	10	0	743	2
874	465	367	14	0	1671	10	0	803	351
875	164	473	-17	306	316	10	249	0	4
876	364	173	30	190	200	10	0	921	15
877	274	261	-22	1717	1727	10	694	0	311
878	133	455	-2	818	828	10	324	0	28
879	351	481	-7	332	342	10	943	0	19
880	115	395	-6	825	835	10	208	0	38
881	297	304	4	71	81	10	0	65	2
882	7	194	29	0	1666	10	0	765	351
883	409	255	-19	0	1756	10	89	0	2
884	87	213	-16	636	646	10	394	0	2
885	60	246	25	0	1725	10	0	863	91
886	3	471	13	0	1584	0	0	1004	313
887	418	251	21	1207	1217	10	0	831	262
888	153	362	-20	0	1767	10	234	0	381
889	323	77	36	0	1728	10	0	360	152
890	143	158	12	148	158	10	0	948	4
891	351	148	-18	471	481	10	911	0	2
892	426	38	23	619	629	10	0	271	88
893	226	316	21	70	80	10	0	451	2
894	347	192	-14	1498	1508	10	978	0	273
895	102	6	-21	1468	1478	10	113	0	63
896	41	120	22	706	716	10	0	985	117
897	247	443	-15	340	350	10	700	0	10
898	218	271	-23	1584	1594	10	834	0	332
899	376	385	12	184	194	10	0	216	2
900	241	402	-28	0	1763	10	432	0	104
901	213	399	18	244	254	10	0	425	25
902	32	191	5	596	606	10	0	151	95
903	441	374	10	233	243	10	0	405	3
904	376	113	8	0	1729	10	0	778	138
905	215	434	-5	0	1728	10	919	0	324
906	499	316	-29	0	1658	10	764	0	343
907	318	497	-20	0	1659	10	662	0	343
908	256	441	-30	0	1724	10	641	0	372
909	174	397	-11	1255	1265	10	479	0	245
910	468	360	16	284	294	10	0	188	12
911	287	256	18	37	47	10	0	891	2
912	448	397	33	876	886	10	0	594	159
913	352	487	-17	912	922	10	972	0	141
914	253	118	-12	557	567	10	165	0	60
915	159	299	12	1026	1036	10	0	264	233
916	351	233	-18	1433	1443	10	745	0	187
917	268	113	21	0	1777	10	0	277	334
918	164	332	19	1290	1300	0	0	1021	295
919	88	484	5	0	1631	10	0	905	324
920	360	488	-18	0	1653	10	7	0	302
921	343	166	-30	886	896	10	876	0	15
922	497	266	25	758	768	10	0	43	130
923	138	406	-18	1226	1236	10	171	0	249
924	420	224	10	439	449	10	0	357	69
925	231	410	14	0	1754	10	0	293	102
926	199	438	3	0	1721	10	0	183	378
927	219	215	-20	0	1869	10	854	0	2
928	365	274	14	117	127	10	0	725	2
929	481	454	-23	0	1607	10	969	0	307
930	187	61	-6	555	565	10	846	0	44
931	372	97	13	224	234	10	0	720	9
932	187	263	35	64	74	10	0	753	2
933	371	427	23	0	1701	10	0	5	154
934	74	215	-1	239	249	10	1000	0	2
935	375	145	12	939	949	10	0	782	196
936	365	28	9	278	288	10	0	642	9
937	118	314	-22	348	358	10	423	0	49
938	60	29	-3	1373	1383	10	252	0	257
939	478	300	12	0	1682	10	0	215	344
940	33	152	-16	1330	1340	10	715	0	255
941	347	184	-21	1089	1099	10	590	0	55
942	94	40	24	1078	1088	0	0	1034	206
943	290	328	7	154	164	10	0	879	19
944	96	346	26	0	1734	10	0	664	340
945	97	288	-12	1294	1304	10	325	0	232
946	176	470	14	557	567	10	0	353	83
947	206	97	-28	0	1756	10	103	0	141
948	210	133	-12	699	709	10	890	0	4
949	489	457	13	0	1599	10	0	825	8
950	418	399	20	448	458	10	0	996	58
951	392	491	10	0	1636	10	0	783	336
952	437	19	-3	1024	1034	10	154	0	19
953	495	83	-17	0	1619	10	268	0	60
954	468	352	-23	778	788	10	180	0	76
955	390	120	-5	1014	1024	10	286	0	204
956	80	357	-7	540	550	10	544	0	79
957	394	310	-5	0	1759	10	622	0	71
958	61	441	-23	554	564	10	708	0	2
959	52	303	25	451	461	10	0	160	64
960	391	202	14	0	1767	0	0	1040	404
961	36	451	-34	0	1622	10	23	0	263
962	276	84	-17	0	1747	10	709	0	289
963	130	140	17	204	214	10	0	111	12
964	16	287	-16	0	1679	10	836	0	286
965	292	136	28	791	801	10	0	13	169
966	53	204	8	1065	1075	10	0	386	218
967	359	287	24	0	1800	10	0	741	417
968	309	29	-40	1304	1314	10	660	0	139
969	473	491	23	0	1587	10	0	929	307
970	273	255	-29	1502	1512	10	93	0	145
971	263	153	12	0	1818	10	0	339	1
972	328	458	17	778	788	10	0	913	141
973	401	164	13	0	1742	10	0	406	176
974	480	119	7	638	648	10	0	169	95
975	488	96	22	1076	1086	0	0	1027	200
976	149	98	4	1175	1185	10	0	865	250
977	49	437	7	437	447	10	0	768	43
978	440	77	14	0	1659	10	0	894	273
979	43	135	31	236	246	10	0	428	2
980	188	151	-26	1307	1317	10	702	0	2
981	175	422	-25	1456	1466	10	333	0	313
982	48	437	4	814	824	10	0	284	137
983	334	403	26	174	184	10	0	644	2
984	372	115	13	374	384	10	0	508	50
985	111	192	-22	1209	1219	10	896	0	117
986	357	290	24	114	124	10	0	789	2
987	331	134	-27	1134	1144	10	112	0	243
988	495	199	-9	347	357	10	54	0	24
989	441	60	21	1469	1479	10	0	193	302
990	51	89	19	1218	1228	10	0	603	243
991	452	206	31	502	512	10	0	100	76
992	195	386	13	146	156	10	0	99	2
993	172	24	-14	1462	1472	10	107	0	37
994	408	318	15	0	1743	10	0	319	385
995	410	399	-30	244	254	10	28	0	2
996	413	345	-20	1228	1238	10	950	0	58
997	215	129	-10	1129	1139	10	617	0	15
998	380	350	15	876	886	10	0	355	180
999	19	38	15	857	867	10	0	30	138
1000	166	247	1	84	94	10	0	934	2
1001	295	247	-12	1313	1323	10	257	0	319
1002	87	3	-13	0	1620	10	385	0	331
1003	447	184	-27	434	444	10	575	0	59
1004	3	471	-13	0	1584	10	886	0	313
1005	317	45	-8	0	1700	10	184	0	371
1006	303	186	-10	1364	1374	10	105	0	322
1007	460	328	-13	229	239	10	536	0	3
1008	79	80	-19	1392	1402	10	855	0	290
1009	214	274	-24	0	1872	10	721	0	457
1010	20	480	-25	0	1590	10	167	0	316
1011	341	59	-27	800	810	10	576	0	149
1012	147	30	-26	1119	1129	10	162	0	221
1013	244	277	-18	1311	1321	10	527	0	323
1014	402	277	-5	1448	1458	10	810	0	325
1015	208	445	-22	1342	1352	10	238	0	288
1016	158	179	-37	0	1799	10	655	0	420
1017	330	308	-24	1180	1190	10	635	0	272
1018	376	92	-10	0	1713	10	494	0	377
1019	130	247	-17	120	130	10	746	0	2
1020	237	420	-15	1344	1354	10	851	0	295
1021	164	332	-19	1290	1300	10	918	0	295
1022	142	14	-18	845	855	10	483	0	148
1023	215	293	-13	55	65	10	235	0	2
1024	124	111	-15	0	1728	10	246	0	385
1025	24	259	-19	0	1689	10	493	0	365
1026	384	149	-18	1207	1217	10	163	0	262
1027	488	96	-22	1076	1086	10	975	0	200
1028	421	387	-15	811	821	10	475	0	150
1029	186	135	-24	0	1784	10	189	0	413
1030	439	222	-22	990	1000	10	826	0	202
1031	269	112	-19	1273	1283	10	318	0	285
1032	346	354	-8	0	1774	10	852	0	408
1033	389	156	-27	726	736	10	170	0	142
1034	94	40	-24	1078	1088	10	942	0	206
1035	9	233	-31	316	326	10	657	0	21
1036	173	65	-12	458	468	10	403	0	66
1037	320	211	-16	1003	1013	10	537	0	233
1038	44	440	-24	0	1635	10	574	0	338
1039	126	391	-19	283	293	10	199	0	26
1040	391	202	-14	0	1767	10	960	0	404

