250	1000	1
0	250	250	0	0	7697	0	0	0
1	228	399	-1	2285	2525	10	747	0	1132
2	325	56	-28	3126	3366	10	325	0	528
3	290	145	-17	5066	5306	10	670	0	2264
4	340	291	22	1822	2062	10	0	134	981
5	370	382	11	0	7509	10	0	250	3653
6	273	255	18	0	7664	10	0	61	401
7	36	301	21	760	1000	10	0	345	390
8	117	178	-28	4409	4649	10	398	0	1970
9	295	283	-23	3513	3753	10	286	0	1228
10	57	43	-32	4034	4274	10	737	0	1184
11	436	123	40	781	1021	10	0	450	397
12	48	162	15	809	1049	10	0	925	414
13	222	499	7	0	7437	10	0	849	3581
14	376	92	-31	3902	4142	10	798	0	1929
15	437	90	-18	2280	2520	10	311	0	1131
16	3	23	11	1506	1746	10	0	841	705
17	94	40	-15	4212	4452	10	883	0	1911
18	398	476	25	1612	1852	10	0	641	790
19	307	249	10	0	7630	10	0	82	1183
20	179	286	-5	1305	1545	10	316	0	131
21	0	356	13	4285	4525	10	0	735	2126
22	143	158	-9	490	730	10	986	0	285
23	413	476	34	4656	4896	10	0	897	2308
24	371	488	10	2271	2511	10	0	109	1122
25	415	118	-21	0	7476	10	215	0	756
26	440	77	-14	3592	3832	10	449	0	437
27	261	201	-18	5996	6236	10	324	0	2663
28	490	286	29	2029	2269	10	0	542	1013
29	309	161	23	2273	2513	10	0	167	1203
30	39	162	18	2201	2441	10	0	595	1106
31	361	178	-13	3830	4070	10	761	0	1500
32	261	138	1	0	7575	10	0	477	1965
33	447	383	17	831	1071	10	0	722	416
34	346	354	-19	3210	3450	10	172	0	589
35	461	195	-18	5520	5760	10	353	0	1204
36	187	263	-24	0	7623	10	625	0	3076
37	130	247	17	360	600	10	0	130	239
38	328	491	-21	2653	2893	10	197	0	459
39	161	276	8	474	714	10	0	277	310
40	365	74	-14	3334	3574	10	366	0	1604
41	168	109	-17	757	997	10	295	0	387
42	111	192	11	0	7537	0	0	1011	3693
43	87	213	-35	0	7520	10	368	0	269
44	45	166	-15	0	7466	10	696	0	1486
45	62	94	16	3742	3982	10	0	318	1868
46	348	476	19	4727	4967	10	0	819	2360
47	64	437	-7	0	7424	10	514	0	3562
48	56	75	-14	5691	5931	10	461	0	2316
49	24	259	-31	1420	1660	10	866	0	581
50	295	247	-12	5154	5394	10	374	0	2059
51	6	53	8	2288	2528	10	0	706	1107
52	15	11	15	0	7352	10	0	887	3269
53	179	497	1	0	7430	0	0	1004	3586
54	67	352	20	1433	1673	10	0	611	731
55	317	45	-18	2573	2813	10	672	0	580
56	40	278	10	0	7476	10	0	689	3617
57	33	278	-19	5889	6129	10	995	0	2733
58	322	290	-5	0	7605	10	382	0	3618
59	159	226	-8	256	496	10	547	0	195
60	208	445	-11	5270	5510	10	895	0	2260
61	453	360	-18	804	1044	10	6	0	401
62	34	169	11	1878	2118	10	0	147	943
63	436	25	-28	5069	5309	10	158	0	2406
64	393	98	-20	2950	3190	10	538	0	718
65	466	96	-21	5473	5713	10	344	0	2694
66	366	390	23	5213	5453	10	0	682	2635
67	303	78	12	600	840	10	0	217	330
68	374	116	-35	0	7505	10	254	0	1743
69	424	288	13	4169	4409	10	0	207	2115
70	191	84	13	3408	3648	10	0	299	1735
71	59	276	-12	0	7495	10	855	0	2196
72	215	293	13	102	342	10	0	111	143
73	343	276	15	266	506	10	0	864	204
74	488	173	25	4781	5021	10	0	441	2385
75	452	110	-14	1301	1541	10	793	0	371
76	153	244	5	371	611	10	0	255	256
77	176	200	17	2210	2450	10	0	913	1180
78	498	171	-17	4966	5206	10	829	0	1071
79	492	188	-19	2801	3041	10	825	0	337
80	177	156	25	609	849	10	0	460	364
81	398	49	-20	3107	3347	10	357	0	869
82	497	296	-10	2390	2630	10	19	0	1183
83	276	84	-12	0	7519	10	631	0	949
84	128	113	-23	0	7504	10	938	0	3613
85	422	498	-23	2708	2948	10	592	0	1092
86	460	424	-13	5758	5998	10	359	0	2386
87	246	314	-18	5721	5961	10	896	0	2678
88	0	422	-30	3224	3464	10	633	0	696
89	166	247	1	216	456	10	0	983	185
90	311	422	-22	3892	4132	10	957	0	778
91	392	95	16	3005	3245	10	0	775	1517
92	460	117	-5	2019	2259	10	673	0	591
93	28	467	34	0	7377	10	0	687	3527
94	375	145	12	3657	3897	10	0	926	1866
95	240	255	-14	6384	6624	10	234	0	1983
96	440	436	-20	3508	3748	10	791	0	1544
97	454	201	-13	5160	5400	10	408	0	2575
98	407	35	-15	5093	5333	10	923	0	1836
99	420	383	-7	3868	4108	10	977	0	333
100	264	180	-15	6663	6903	10	526	0	1405
101	440	294	16	3781	4021	10	0	772	1912
102	500	228	-25	3067	3307	10	704	0	147
103	144	331	13	3665	3905	10	0	168	1885
104	98	2	14	2307	2547	10	0	651	1128
105	461	186	-16	0	7467	10	162	0	3519
106	68	450	-46	0	7417	10	599	0	3545
107	153	192	-17	0	7574	10	394	0	2610
108	34	239	-10	816	1056	10	279	0	207
109	465	367	-10	4047	4287	10	24	0	1122
110	208	488	22	1850	2090	10	0	154	924
111	93	413	-13	785	1025	10	72	0	143
112	371	332	-18	0	7541	10	773	0	1804
113	231	167	15	221	461	10	0	661	187
114	179	75	-19	2900	3140	10	609	0	1080
115	196	489	23	4061	4301	10	0	997	2027
116	280	245	21	30	270	10	0	261	119
117	108	37	-33	2138	2378	10	339	0	906
118	1	101	-17	4969	5209	10	591	0	1555
119	420	80	24	0	7447	10	0	430	3125
120	38	190	23	1079	1319	10	0	182	549
121	470	405	-8	3643	3883	10	123	0	1581
122	448	397	33	0	7441	10	0	751	2067
123	471	427	8	3206	3446	10	0	121	1581
124	146	376	8	877	1117	10	0	306	476
125	12	358	7	4837	5077	0	0	1003	2407
126	175	422	24	5726	5966	10	0	494	2889
127	297	131	25	4602	4842	10	0	606	2357
128	457	492	7	1972	2212	10	0	211	946
129	69	423	-31	3150	3390	10	440	0	1477
130	97	288	-17	5076	5316	10	37	0	239
131	172	314	-22	0	7587	10	978	0	2419
132	170	347	15	1683	1923	10	0	685	898
133	103	123	8	1899	2139	10	0	795	972
134	154	374	-22	3688	3928	10	4	0	981
135	318	497	21	0	7431	0	0	1009	3587
136	330	147	-26	3334	3574	10	323	0	1628
137	241	180	13	6718	6958	10	0	503	3443
138	174	67	15	4979	5219	10	0	275	2510
139	235	288	18	43	283	10	0	377	121
140	94	192	-26	0	7521	10	476	0	691
141	232	101	24	1324	1564	10	0	981	706
142	28	180	34	1482	1722	10	0	588	744
143	64	135	-25	3413	3653	10	293	0	1127
144	174	376	8	0	7540	10	0	149	2532
145	293	174	31	229	469	10	0	776	190
146	218	12	3	2116	2356	10	0	475	1057
147	110	122	-11	0	7498	10	62	0	943
148	459	53	-14	4429	4669	10	659	0	1888
149	173	474	-8	5080	5320	10	144	0	2532
150	135	400	20	1134	1374	10	0	317	592
151	497	266	25	2930	3170	10	0	552	1461
152	380	194	-12	2794	3034	10	741	0	1337
153	495	227	-21	1316	1556	10	219	0	648
154	268	351	-22	6640	6880	10	110	0	924
155	213	399	18	876	1116	10	0	332	481
156	448	414	-21	0	7430	10	227	0	3552
157	327	139	-12	4969	5209	10	525	0	2177
158	151	81	28	0	7492	10	0	63	2406
159	425	448	-31	3118	3358	10	341	0	631
160	92	259	4	1538	1778	10	0	174	809
161	59	388	-26	2591	2831	10	417	0	1002
162	468	360	16	0	7443	10	0	105	3519
163	332	459	35	1415	1655	10	0	195	715
164	469	489	-18	2162	2402	10	543	0	592
165	248	176	-24	5546	5786	10	432	0	2739
166	174	41	-18	0	7465	10	446	0	513
167	343	205	-23	3009	3249	10	29	0	1203
168	154	392	-13	0	7516	10	103	0	1885
169	92	18	-3	4437	4677	10	518	0	2069
170	250	328	24	0	7609	10	0	766	3623
171	88	484	5	0	7403	10	0	728	3509
172	360	488	19	1202	1442	10	0	34	589
173	156	65	-32	4089	4329	10	497	0	2018
174	18	225	-4	2705	2945	10	160	0	809
175	152	476	45	2030	2270	10	0	333	1011
176	176	470	14	2127	2367	10	0	516	1067
177	195	450	-10	5884	6124	10	315	0	1080
178	466	149	-15	4684	4924	10	245	0	2306
179	221	269	-21	5002	5242	10	805	0	2536
180	105	137	32	1749	1989	10	0	521	902
181	284	319	-4	3207	3447	10	657	0	1505
182	41	120	-23	2724	2964	10	120	0	549
183	263	418	25	1054	1294	10	0	954	562
184	218	271	-11	6235	6475	10	949	0	2266
185	365	119	-28	0	7513	10	570	0	3497
186	89	322	-12	4023	4263	10	212	0	1988
187	180	283	23	2915	3155	10	0	284	1538
188	385	17	40	3175	3415	10	0	838	1572
189	401	314	25	3846	4086	10	0	380	1960
190	245	176	-10	4879	5119	10	298	0	1415
191	251	238	27	12	252	10	0	545	119
192	139	438	24	796	1036	10	0	501	408
193	236	126	23	379	619	10	0	309	247
194	61	441	27	2115	2355	10	0	916	1043
195	405	454	-35	0	7431	10	163	0	715
196	111	392	-31	4616	4856	10	875	0	1508
197	373	421	21	890	1130	10	0	38	459
198	247	443	-19	0	7494	10	282	0	767
199	322	406	17	0	7516	10	0	453	2744
200	412	478	7	3779	4019	10	0	935	1869
201	374	346	-33	0	7531	10	893	0	3572
202	122	422	3	5767	6007	10	0	484	2896
203	261	359	-25	318	558	10	880	0	219
204	173	182	25	291	531	10	0	608	214
205	398	341	-24	3697	3937	10	511	0	1833
206	413	127	28	3263	3503	10	0	727	1649
207	325	311	-13	5229	5469	10	69	0	2115
208	80	357	-25	2062	2302	10	610	0	870
209	67	378	26	0	7464	10	0	955	1779
210	216	341	19	0	7590	10	0	852	3655
211	498	457	-7	0	7364	10	128	0	946
212	44	344	12	0	7461	10	0	186	1988
213	352	481	15	5079	5319	10	0	550	2533
214	237	420	15	0	7517	10	0	662	3633
215	389	43	21	1522	1762	10	0	25	756
216	292	136	-32	3062	3302	10	711	0	1150
217	426	38	-12	0	7412	10	67	0	330
218	245	461	-15	0	7476	10	288	0	767
219	415	253	21	1406	1646	10	0	153	648
220	298	264	36	80	320	10	0	594	135
221	307	412	8	1555	1795	10	0	660	811
222	53	204	-17	4160	4400	10	471	0	1694
223	480	152	-30	4026	4266	10	847	0	496
224	262	97	-28	3728	3968	10	712	0	1895
225	83	169	21	3046	3286	10	0	267	1550
226	377	432	-22	0	7466	10	982	0	3561
227	390	249	21	0	7547	10	0	156	3552
228	132	479	11	910	1150	10	0	762	446
229	359	246	-23	5631	5871	10	836	0	975
230	314	205	22	6047	6287	10	0	580	3104
231	124	448	-9	1414	1654	10	548	0	156
232	0	188	26	0	7430	10	0	302	2648
233	343	166	-21	3444	3684	10	404	0	1593
234	482	141	14	3983	4223	10	0	95	1983
235	162	306	22	417	657	10	0	626	276
236	24	71	-14	1324	1564	10	381	0	135
237	188	119	-1	3839	4079	10	605	0	1791
238	100	85	-19	1344	1584	10	911	0	658
239	103	177	28	2446	2686	10	0	804	1260
240	26	67	-3	5207	5447	10	918	0	2533
241	164	332	-38	5059	5299	10	386	0	242
242	385	285	-19	3412	3652	10	517	0	477
243	209	68	-13	6212	6452	10	300	0	3113
244	149	341	6	1556	1796	10	0	367	830
245	415	95	15	4647	4887	10	0	178	2306
246	167	488	17	940	1180	10	0	618	463
247	413	493	-25	4813	5053	10	968	0	448
248	439	222	22	3858	4098	10	0	862	1953
249	150	484	-23	2441	2681	10	732	0	1049
250	299	353	-11	0	7573	10	5	0	3653
251	273	300	30	100	340	10	0	468	142
252	402	277	-11	5694	5934	10	472	0	2744
253	239	15	2	0	7452	10	0	774	2202
254	363	225	35	3363	3603	10	0	68	1743
255	65	343	-5	769	1009	10	76	0	256
256	351	60	-14	0	7472	10	753	0	2026
257	60	246	25	640	880	10	0	395	344
258	144	35	26	0	7448	10	0	422	1979
259	463	253	-15	4128	4368	10	509	0	1505
260	332	382	2	3982	4222	10	0	714	2033
261	408	318	-21	2512	2752	10	116	0	119
262	452	206	31	1909	2149	10	0	287	971
263	471	368	-27	1652	1892	10	519	0	806
264	93	490	-9	1457	1697	10	924	0	613
265	241	402	-15	4039	4279	10	435	0	396
266	60	231	-19	4044	4284	10	530	0	1956
267	172	66	-21	5151	5391	10	225	0	1550
268	404	207	-8	3582	3822	10	643	0	1785
269	286	356	30	328	568	10	0	959	228
270	489	338	-6	5529	5769	10	999	0	2504
271	334	481	32	1262	1502	10	0	560	628
272	26	442	-22	0	7392	10	549	0	654
273	226	175	-13	6715	6955	10	305	0	2808
274	488	3	3	1542	1782	10	0	488	719
275	178	150	-15	0	7564	10	138	0	2510
276	371	423	-12	724	964	10	564	0	337
277	5	224	-8	0	7441	10	39	0	310
278	94	344	-17	2669	2909	10	835	0	968
279	153	235	10	273	513	10	0	108	207
280	12	367	-22	1243	1483	10	327	0	600
281	217	357	23	0	7576	10	0	596	2262
282	255	487	19	1532	1772	10	0	198	767
283	149	214	7	0	7580	10	0	709	670
284	169	305	-23	0	7590	10	187	0	1538
285	487	446	9	5301	5541	10	0	821	2616
286	267	374	23	2343	2583	10	0	9	1228
287	360	294	-31	0	7569	10	262	0	971
288	185	431	15	1488	1728	10	0	218	767
289	325	210	15	3674	3914	10	0	534	1914
290	175	352	-20	6600	6840	10	506	0	3076
291	76	462	-13	3764	4004	10	729	0	1345
292	19	273	-26	0	7455	10	705	0	352
293	72	227	25	2195	2435	10	0	143	1127
294	213	283	-11	5824	6064	10	800	0	1157
295	130	140	17	716	956	10	0	41	387
296	274	442	-14	4205	4445	10	585	0	2110
297	337	41	8	3949	4189	10	0	683	1981
298	372	39	10	2834	3074	10	0	190	1415
299	269	112	-13	4991	5231	10	70	0	1735
300	224	56	13	0	7492	10	0	243	3113
301	340	416	36	1224	1464	10	0	464	637
302	13	214	-26	5354	5594	10	232	0	2648
303	230	320	8	4708	4948	10	0	671	2437
304	6	196	-15	4753	4993	10	734	0	2188
305	87	3	13	5672	5912	10	0	273	2808
306	133	202	-8	1782	2022	10	124	0	476
307	235	316	2	2563	2803	10	0	858	1367
308	435	180	-7	0	7490	10	719	0	3589
309	173	65	-23	1734	1974	10	193	0	247
310	245	42	-6	2129	2369	10	378	0	1018
311	384	149	18	0	7520	10	0	15	1131
312	51	286	14	5776	6016	10	0	397	2906
313	267	290	15	54	294	10	0	335	125
314	453	318	-15	1435	1675	10	744	0	718
315	189	402	10	2084	2324	10	0	177	1080
316	210	276	5	71	311	10	0	20	131
317	120	261	-20	3113	3353	10	150	0	592
318	35	263	-16	0	7472	10	45	0	1868
319	429	59	9	1775	2015	10	0	416	876
320	330	308	-22	4622	4862	10	749	0	2240
321	58	391	16	3469	3709	10	0	699	1619
322	260	472	33	4084	4324	10	0	874	2050
323	217	333	26	0	7598	10	0	136	1628
324	335	46	18	5307	5547	10	0	27	2663
325	198	85	28	990	1230	10	0	2	528
326	138	28	23	4326	4566	10	0	328	2158
327	29	336	22	1266	1506	10	0	280	600
328	200	27	-23	0	7459	10	326	0	2158
329	157	269	31	6245	6485	0	0	1002	3195
330	177	404	17	0	7517	10	0	827	1396
331	202	28	-2	3677	3917	10	648	0	1839
332	366	334	-18	1581	1821	10	155	0	481
333	149	458	-45	0	7456	10	175	0	1011
334	481	454	-25	1222	1462	10	513	0	374
335	377	385	-15	3405	3645	10	313	0	125
336	217	207	-27	5470	5710	10	929	0	1277
337	96	346	26	681	921	10	0	393	369
338	224	320	-28	5075	5315	10	520	0	2582
339	206	97	33	1732	1972	10	0	117	906
340	438	127	-26	3704	3944	10	571	0	404
341	494	468	31	1350	1590	10	0	159	631
342	494	165	-31	2357	2597	10	894	0	1130
343	5	281	16	0	7441	10	0	736	554
344	441	60	21	0	7418	10	0	65	2694
345	14	232	-21	1160	1400	10	7	0	390
346	288	439	16	1034	1274	10	0	780	540
347	420	224	10	1656	1896	10	0	884	862
348	267	162	6	0	7598	10	0	502	930
349	195	273	22	118	358	10	0	767	149
350	233	230	20	0	7661	10	0	666	793
351	382	360	26	652	892	10	0	555	360
352	406	460	-40	2817	3057	10	439	0	1338
353	499	316	18	2427	2667	10	0	35	1204
354	246	407	12	1186	1426	10	0	533	634
355	283	454	-17	5000	5240	10	681	0	1787
356	426	231	-20	4054	4294	10	904	0	853
357	432	2	20	1806	2046	10	0	81	869
358	404	439	3	895	1135	10	0	808	445
359	397	477	13	4803	5043	10	0	86	2386
360	44	140	11	3413	3653	10	0	781	1709
361	330	138	-15	4378	4618	10	942	0	2188
362	39	153	26	3131	3371	10	0	656	1569
363	397	153	29	3470	3710	10	0	998	1766
364	226	316	21	161	401	10	0	489	165
365	354	156	-15	3270	3510	10	442	0	1496
366	201	66	14	0	7497	10	0	40	1604
367	389	156	-6	2802	3042	10	244	0	830
368	134	211	35	422	662	10	0	43	269
369	386	154	31	0	7521	10	0	508	1539
370	335	99	-23	4814	5054	10	903	0	1827
371	356	256	19	305	545	10	0	745	219
372	240	362	23	0	7575	10	0	848	3328
373	412	100	1	1993	2233	10	0	396	1006
374	394	322	12	4039	4279	10	0	50	2059
375	48	150	-20	2560	2800	10	640	0	1259
376	225	121	-16	0	7556	10	899	0	284
377	102	422	-18	0	7461	10	139	0	121
378	339	41	6	0	7460	10	0	310	1018
379	440	201	-25	0	7491	10	428	0	3587
380	411	379	-25	4713	4953	10	189	0	1960
381	219	210	14	82	322	10	0	236	135
382	250	441	5	0	7496	10	0	58	3618
383	210	29	13	4143	4383	10	0	860	2079
384	178	302	19	3486	3726	10	0	710	1818
385	148	208	22	0	7577	10	0	915	3601
386	225	369	38	366	606	10	0	241	242
387	16	287	-30	0	7451	10	754	0	439
388	450	416	25	2247	2487	10	0	688	1113
389	287	397	-7	2197	2437	10	976	0	980
390	285	247	13	0	7652	0	0	1010	3808
391	351	481	10	1227	1467	0	0	1006	607
392	243	408	-14	5675	5915	10	890	0	1079
393	137	377	-26	0	7518	10	337	0	369
394	33	152	17	5220	5460	10	0	107	2610
395	68	303	-25	825	1065	10	257	0	344
396	456	113	-1	4849	5089	10	373	0	1006
397	134	276	-14	0	7569	10	312	0	2906
398	26	221	28	3926	4166	10	0	8	1970
399	79	257	-40	3752	3992	10	931	0	1274
400	181	185	-8	6395	6635	10	721	0	1831
401	104	349	20	3977	4217	10	0	980	2020
402	267	174	-14	6413	6653	10	692	0	3043
403	475	267	-9	3058	3298	10	871	0	518
404	385	239	21	3082	3322	10	0	233	1593
405	95	382	19	865	1105	10	0	654	450
406	67	190	-5	4633	4873	10	556	0	2314
407	32	94	-2	3661	3901	10	777	0	527
408	401	164	13	0	7514	10	0	97	2575
409	376	113	-13	0	7501	10	623	0	1857
410	409	255	23	0	7528	10	0	956	1604
411	228	260	-24	6362	6602	10	557	0	2806
412	363	34	19	0	7444	10	0	620	3513
413	274	441	-33	2718	2958	10	974	0	1320
414	146	188	6	0	7566	10	0	536	289
415	212	186	-21	6826	7066	10	966	0	937
416	432	66	-9	0	7429	10	319	0	876
417	83	300	26	1939	2179	10	0	161	1002
418	51	89	19	4773	5013	10	0	505	2378
419	379	486	22	2627	2867	10	0	483	1299
420	440	284	25	0	7494	10	0	927	3613
421	175	239	23	183	423	10	0	587	173
422	282	1	-26	4110	4350	10	258	0	1979
423	268	113	-15	2659	2899	10	842	0	1278
424	480	131	5	2690	2930	10	0	496	1335
425	429	67	-21	2869	3109	10	769	0	1412
426	162	301	-15	6392	6632	10	438	0	2869
427	281	96	-32	4443	4683	10	951	0	130
428	495	199	25	0	7437	10	0	379	3587
429	372	115	-16	0	7506	10	694	0	3614
430	396	83	-24	6286	6526	10	119	0	3125
431	239	486	-26	0	7451	10	481	0	321
432	288	70	24	0	7504	10	0	165	2739
433	66	163	6	1522	1762	10	0	743	779
434	470	417	-3	0	7411	10	730	0	3537
435	226	423	15	728	968	10	0	265	396
436	342	319	36	340	580	10	0	614	232
437	174	122	14	2313	2553	10	0	922	1202
438	49	353	15	5724	5964	10	0	426	2869
439	448	495	40	0	7372	10	0	352	1338
440	13	465	31	3034	3274	10	0	129	1477
441	489	159	-25	5651	5891	10	74	0	2385
442	311	203	15	2830	3070	10	0	365	1496
443	480	119	7	2454	2694	10	0	885	1161
444	442	153	-10	4695	4935	10	636	0	2180
445	148	462	-11	2847	3087	10	914	0	474
446	233	87	18	950	1190	10	0	166	513
447	323	34	-11	0	7459	10	650	0	3602
448	84	377	10	3645	3885	10	0	750	1837
449	292	32	14	857	1097	10	0	26	437
450	418	75	-40	1732	1972	10	11	0	397
451	451	305	13	714	954	10	0	459	372
452	225	269	-5	5023	5263	10	676	0	1548
453	272	420	-17	5483	5723	10	199	0	2744
454	318	280	21	177	417	10	0	713	171
455	250	57	-7	0	7494	10	540	0	2248
456	77	372	19	0	7476	10	0	919	2200
457	385	58	24	1559	1799	10	0	537	782
458	44	496	32	1547	1787	10	0	876	733
459	460	328	-13	816	1056	10	451	0	372
460	67	24	-25	4014	4254	10	80	0	364
461	91	27	14	4667	4907	10	0	48	2316
462	360	284	-24	2606	2846	10	917	0	1357
463	82	183	-19	4347	4587	10	748	0	2123
464	153	362	-36	4585	4825	10	301	0	637
465	52	412	22	5563	5803	10	0	665	2773
466	32	191	-23	2285	2525	10	991	0	559
467	325	147	-31	0	7560	10	541	0	1985
468	328	458	-30	0	7465	10	251	0	142
469	133	273	20	357	597	10	0	920	238
470	147	30	26	4375	4615	10	0	796	2178
471	131	246	17	3268	3508	10	0	222	1694
472	433	319	11	5445	5685	10	0	252	2744
473	168	59	-18	0	7480	10	480	0	3588
474	218	403	15	5217	5457	10	0	944	2650
475	295	89	-3	0	7520	10	146	0	1057
476	118	314	26	1290	1530	10	0	140	691
477	251	63	-1	3890	4130	10	32	0	1965
478	388	44	-36	4463	4703	10	546	0	1237
479	381	328	12	0	7535	10	0	837	3590
480	132	32	18	0	7440	10	0	473	3588
481	334	403	26	578	818	10	0	431	321
482	83	290	14	2370	2610	10	0	667	1219
483	411	396	-22	3621	3861	10	419	0	1299
484	243	402	-3	0	7535	10	202	0	2896
485	52	18	-35	3368	3608	10	939	0	1646
486	265	0	-12	3524	3764	10	718	0	719
487	268	288	-32	5008	5248	10	589	0	2488
488	476	61	-3	1735	1975	10	274	0	719
489	283	438	-21	866	1106	10	364	0	165
490	191	215	17	154	394	10	0	668	162
491	253	50	-9	843	1083	10	850	0	119
492	71	282	29	2507	2747	10	0	698	1282
493	297	304	4	166	406	10	0	578	167
494	244	368	-24	0	7569	10	126	0	2889
495	80	279	-21	4571	4811	10	790	0	1698
496	488	96	-5	4205	4445	10	424	0	1335
497	142	30	32	0	7442	10	0	173	2018
498	68	240	-18	3118	3358	10	678	0	1516
499	193	138	30	0	7562	10	0	967	2294
500	451	62	-27	0	7412	10	794	0	1020
501	138	406	-24	4804	5044	10	192	0	408
502	306	42	-6	1847	2087	10	348	0	930
503	247	219	-13	0	7656	10	137	0	3443
504	98	29	14	4126	4366	10	0	789	2048
505	102	6	-19	5774	6014	10	418	0	2378
506	142	360	20	6068	6308	10	0	290	3076
507	172	24	-25	5749	5989	10	906	0	2793
508	352	241	-31	3109	3349	10	369	0	1539
509	486	324	15	3018	3258	10	0	259	1505
510	133	455	25	3172	3412	10	0	865	1587
511	440	292	24	3700	3940	10	0	205	1833
512	364	173	-16	661	901	10	582	0	376
513	442	289	25	704	944	10	0	334	374
514	48	412	7	0	7429	10	0	47	3562
515	344	70	24	4523	4763	10	0	965	2279
516	78	406	-14	3782	4022	10	176	0	1067
517	329	456	19	936	1176	10	0	242	477
518	157	38	3	4131	4371	10	0	169	2069
519	374	260	27	0	7563	10	0	263	806
520	297	283	28	0	7630	10	0	338	2582
521	210	113	-32	2701	2941	10	180	0	902
522	215	434	-33	710	950	10	984	0	143
523	262	92	25	2462	2702	10	0	724	1271
524	140	108	29	0	7508	10	0	535	2556
525	235	108	12	4258	4498	10	0	157	2177
526	210	133	15	2694	2934	10	0	100	1405
527	25	53	-13	4020	4260	10	909	0	1444
528	339	113	-26	2982	3222	10	663	0	1200
529	394	310	-7	4334	4574	10	586	0	2128
530	126	391	19	0	7500	10	0	266	1956
531	343	34	-12	2839	3079	10	851	0	973
532	354	416	-9	2657	2897	10	677	0	1321
533	202	391	-12	2434	2674	10	354	0	634
534	367	97	-15	0	7495	10	289	0	1914
535	188	151	-29	5127	5367	10	524	0	2556
536	111	178	-6	506	746	10	414	0	289
537	456	157	-24	5760	6000	10	457	0	782
538	441	7	20	1506	1746	10	0	64	718
539	270	337	-10	7071	7311	10	759	0	2919
540	323	29	7	4490	4730	10	0	455	2248
541	200	78	31	3911	4151	10	0	467	1985
542	330	281	-29	5262	5502	10	28	0	1013
543	438	488	18	1249	1489	10	0	164	592
544	161	416	-14	0	7499	10	583	0	166
545	30	97	-27	4781	5021	10	191	0	119
546	273	70	36	2417	2657	10	0	478	1237
547	214	245	8	0	7651	10	0	59	195
548	221	291	9	124	364	10	0	231	156
549	79	467	22	1346	1586	10	0	272	654
550	423	315	-15	0	7503	10	213	0	2533
551	395	474	26	1488	1728	10	0	707	730
552	481	207	-25	3364	3604	10	151	0	1461
553	199	203	20	0	7618	10	0	765	423
554	497	483	-13	1354	1594	10	573	0	620
555	449	428	-26	4927	5167	10	351	0	360
556	100	266	5	0	7537	10	0	406	2314
557	214	274	24	5416	5656	10	0	411	2806
558	16	68	11	0	7391	10	0	628	3529
559	475	198	-11	3281	3521	10	928	0	1619
560	371	427	-32	3773	4013	10	271	0	628
561	62	375	16	1335	1575	10	0	859	674
562	163	472	9	2554	2794	10	0	655	1277
563	13	314	14	915	1155	10	0	811	454
564	376	385	12	619	859	10	0	276	337
565	231	29	14	4845	5085	10	0	888	2431
566	89	358	-16	4929	5169	10	979	0	2271
567	331	356	-23	0	7554	10	817	0	752
568	365	190	-16	5850	6090	10	886	0	2745
569	256	441	34	644	884	10	0	902	346
570	120	37	28	0	7438	10	0	185	3497
571	349	43	26	798	1038	10	0	340	404
572	230	487	-28	0	7450	10	758	0	3597
573	489	457	13	0	7371	10	0	554	620
574	341	72	-20	3159	3399	10	971	0	1525
575	181	441	-27	2107	2347	10	771	0	898
576	306	229	10	0	7628	0	0	1007	3784
577	492	326	-17	4756	4996	10	846	0	311
578	347	459	-4	1858	2098	10	493	0	167
579	66	88	-15	3259	3499	10	868	0	1553
580	272	234	-22	6301	6541	10	230	0	3104
581	134	194	19	6547	6787	10	0	782	3329
582	320	211	16	0	7607	10	0	512	376
583	214	311	14	163	403	10	0	544	166
584	489	274	-14	2075	2315	10	639	0	283
585	231	410	14	0	7526	10	0	296	2110
586	432	199	7	0	7498	10	0	529	2128
587	29	358	-23	2383	2623	10	421	0	173
588	62	236	-34	2172	2412	10	142	0	744
589	333	163	32	4901	5141	10	0	487	2488
590	364	71	5	5334	5574	10	0	695	2680
591	125	65	17	3094	3334	10	0	118	1555
592	429	476	23	2233	2473	10	0	85	1092
593	161	275	21	5327	5567	10	0	818	2737
594	365	274	-36	350	590	10	220	0	135
595	117	110	-18	3855	4095	10	30	0	1106
596	166	345	-23	4459	4699	10	281	0	2262
597	345	146	-15	5696	5936	10	690	0	2517
598	324	99	10	1292	1532	10	0	844	681
599	72	477	46	0	7399	10	0	106	3545
600	487	320	-20	3371	3611	10	921	0	121
601	120	17	30	0	7421	10	0	962	3538
602	1	252	5	1041	1281	10	0	933	515
603	303	186	-13	0	7604	10	675	0	3700
604	428	302	27	0	7502	10	0	937	2156
605	264	135	1	3458	3698	10	0	237	1791
606	223	178	-25	0	7611	10	127	0	2357
607	174	347	3	3999	4239	10	0	930	2057
608	238	123	-25	0	7560	10	204	0	214
609	187	61	19	2120	2360	10	0	114	1080
610	52	303	25	1705	1945	10	0	208	870
611	89	185	-20	2339	2579	10	54	0	731
612	341	59	-15	3099	3339	10	905	0	1208
613	89	65	16	2821	3061	10	0	845	1407
614	495	355	-36	4913	5153	10	436	0	232
615	368	452	16	2620	2860	10	0	700	1313
616	164	473	26	1125	1365	10	0	822	562
617	171	34	21	4512	4752	10	0	697	2261
618	114	460	-17	4284	4524	10	246	0	463
619	224	3	10	2702	2942	10	0	645	1346
620	472	57	-19	0	7393	10	412	0	3513
621	448	404	15	2336	2576	10	0	969	1162
622	390	120	-33	3957	4197	10	809	0	1974
623	386	225	13	3614	3854	10	0	409	1857
624	301	239	31	89	329	10	0	684	138
625	115	296	24	6055	6295	10	0	36	3076
626	69	266	-22	2973	3213	10	235	0	276
627	115	395	11	3201	3441	10	0	861	1621
628	68	53	-11	0	7419	10	558	0	3529
629	33	268	-17	2723	2963	10	806	0	229
630	450	45	-17	1954	2194	10	717	0	924
631	351	5	12	1924	2164	10	0	83	949
632	351	148	-24	0	7544	10	900	0	2218
633	80	458	30	1422	1662	10	0	88	696
634	60	5	-32	4115	4355	10	891	0	2014
635	10	407	-12	1678	1918	10	1000	0	610
636	497	18	10	4460	4700	10	0	444	2180
637	437	98	-2	4395	4635	10	770	0	1035
638	130	494	-21	2975	3215	10	807	0	124
639	391	202	14	476	716	10	0	584	283
640	43	210	20	0	7477	10	0	375	1259
641	381	457	-25	1823	2063	10	18	0	790
642	449	190	-12	4500	4740	10	812	0	2224
643	429	169	8	3551	3791	10	0	268	1785
644	105	140	-22	608	848	10	826	0	327
645	282	10	-10	4986	5226	10	619	0	1346
646	20	480	25	2221	2461	10	0	879	1067
647	61	170	-10	3963	4203	10	778	0	1983
648	210	81	2	0	7514	10	0	331	1839
649	87	311	-22	0	7513	10	910	0	538
650	309	29	11	0	7459	10	0	447	3602
651	397	57	-14	5844	6084	10	104	0	1128
652	337	232	-21	6222	6462	10	881	0	2884
653	262	369	15	457	697	10	0	872	288
654	41	232	-19	0	7478	10	405	0	450
655	69	414	-9	4993	5233	10	562	0	1277
656	149	98	-26	4600	4840	10	362	0	1569
657	207	487	4	0	7447	10	0	181	1505
658	366	260	23	0	7571	10	0	950	3394
659	497	54	14	3852	4092	10	0	148	1888
660	210	379	-8	0	7552	10	221	0	811
661	437	19	-15	3996	4236	10	113	0	187
662	181	260	-15	0	7618	10	214	0	3633
663	125	61	26	2387	2627	10	0	528	1200
664	368	311	14	0	7555	10	0	945	2267
665	80	400	-22	5725	5965	10	465	0	2773
666	75	118	-20	1576	1816	10	350	0	793
667	171	303	-14	6297	6537	10	482	0	1219
668	80	251	-17	1154	1394	10	490	0	162
669	455	168	-11	3407	3647	10	726	0	1050
670	215	129	17	4414	4654	10	0	3	2264
671	179	318	-8	0	7589	10	303	0	2437
672	187	73	18	1108	1348	10	0	55	580
673	394	47	5	1192	1432	10	0	92	591
674	31	175	24	0	7456	10	0	857	3601
675	339	144	13	0	7549	10	0	603	3700
676	492	34	5	3182	3422	10	0	452	1548
677	387	349	9	0	7518	10	0	532	1321
678	142	372	18	0	7525	10	0	498	1516
679	291	213	-21	4971	5211	10	797	0	1670
680	421	387	15	0	7468	10	0	693	3523
681	274	403	17	3490	3730	10	0	355	1787
682	434	359	-23	5509	5749	10	66	0	2635
683	257	57	-8	4844	5084	10	297	0	1981
684	428	202	-31	3555	3795	10	624	0	138
685	355	174	-15	2801	3041	10	132	0	898
686	46	389	22	0	7441	10	0	815	628
687	44	440	-34	0	7407	10	93	0	3527
688	491	369	-25	2858	3098	10	388	0	1113
689	33	286	-10	0	7468	10	56	0	3617
690	351	128	15	4953	5193	10	0	597	2517
691	485	428	-29	5900	6140	10	755	0	2908
692	273	149	14	5951	6191	10	0	402	3043
693	447	184	-15	0	7480	10	680	0	3523
694	386	245	16	0	7551	10	0	429	3614
695	323	77	-5	5560	5800	10	590	0	2680
696	21	70	15	3025	3265	10	0	44	1486
697	9	101	-21	0	7404	10	617	0	2261
698	71	304	-29	2696	2936	10	492	0	1282
699	43	360	-16	3281	3521	10	321	0	1619
700	396	417	-16	0	7466	10	615	0	1313
701	158	24	-27	2385	2625	10	831	0	688
702	164	320	12	0	7577	10	0	973	3722
703	195	386	13	467	707	10	0	785	280
704	306	235	25	112	352	10	0	102	147
705	66	314	26	659	899	10	0	292	352
706	95	64	-8	3004	3244	10	51	0	1107
707	348	348	-26	0	7549	10	551	0	730
708	495	83	32	1703	1943	10	0	877	823
709	61	214	-7	1307	1547	10	283	0	670
710	240	240	-19	6738	6978	10	384	0	1818
711	140	137	32	2219	2459	10	0	216	1150
712	242	106	28	0	7543	10	0	224	1895
713	392	491	-21	4471	4711	10	454	0	171
714	342	481	-2	5700	5940	10	260	0	2033
715	478	300	-13	3498	3738	10	972	0	751
716	299	285	-10	4955	5195	10	752	0	1126
717	481	84	17	1962	2202	10	0	630	924
718	271	128	12	1322	1562	10	0	486	719
719	484	224	7	0	7452	10	0	308	3589
720	441	177	-9	3945	4185	10	820	0	1878
721	46	163	8	3644	3884	10	0	400	1831
722	493	493	-17	3366	3606	10	33	0	416
723	253	74	20	5340	5580	0	0	1008	2701
724	390	34	-25	4181	4421	10	523	0	1271
725	374	306	4	3916	4156	10	0	873	2009
726	436	295	11	2053	2293	10	0	669	1050
727	371	315	-28	4603	4843	10	206	0	1649
728	27	464	-5	0	7378	10	171	0	3509
729	3	471	13	2783	3023	10	0	291	1345
730	418	269	3	0	7518	10	0	434	3537
731	90	477	-25	0	7410	10	813	0	3551
732	141	426	23	2066	2306	10	0	249	1049
733	418	251	-19	4727	4967	10	961	0	1950
734	57	183	15	4341	4581	10	0	304	2188
735	29	462	-13	5178	5418	10	21	0	2126
736	55	318	-16	1188	1428	10	343	0	554
737	18	24	32	2453	2693	10	0	10	1184
738	263	153	12	1590	1830	10	0	987	866
739	289	220	19	77	317	10	0	856	133
740	84	255	13	1068	1308	10	0	814	570
741	159	299	12	0	7584	10	0	152	1337
742	485	104	21	3118	3358	0	0	1005	1540
743	178	135	-6	5995	6235	10	433	0	779
744	389	255	15	0	7548	10	0	314	718
745	457	280	-19	3939	4179	10	371	0	219
746	171	24	-24	0	7448	10	763	0	1997
747	330	371	1	2174	2414	10	0	1	1132
748	10	237	19	0	7447	10	0	463	2123
749	458	213	22	0	7476	10	0	320	2240
750	257	391	-10	6472	6712	10	448	0	1837
751	482	184	-33	4367	4607	10	122	0	2067
752	222	331	10	2098	2338	10	0	716	1126
753	332	5	14	4071	4311	10	0	256	2026
754	47	208	30	846	1086	10	0	387	439
755	489	437	29	0	7384	10	0	691	2908
756	165	59	-23	3711	3951	10	824	0	1507
757	211	446	-29	0	7488	10	833	0	445
758	225	488	28	0	7448	10	0	572	3597
759	355	485	10	5856	6096	10	0	539	2919
760	441	374	10	833	1073	10	0	988	388
761	399	175	13	2928	3168	10	0	31	1500
762	103	464	-11	0	7428	10	228	0	446
763	244	13	24	3992	4232	10	0	746	1997
764	51	360	13	0	7460	10	0	889	479
765	44	115	-20	865	1105	10	553	0	423
766	312	453	-24	0	7475	10	170	0	3623
767	64	198	-22	4294	4534	10	349	0	149
768	67	451	-30	0	7416	10	892	0	555
769	371	71	21	0	7471	10	0	425	1412
770	439	156	2	2043	2283	10	0	637	1035
771	105	474	27	1823	2063	10	0	575	898
772	366	288	-16	0	7565	10	101	0	1912
773	415	207	18	3540	3780	10	0	112	1804
774	58	39	-2	4592	4832	10	253	0	2202
775	197	202	-16	4755	4995	10	91	0	1517
776	442	5	-31	1221	1461	10	145	0	190
777	71	12	2	1112	1352	10	0	407	527
778	74	215	10	0	7508	10	0	647	1983
779	347	192	18	5893	6133	10	0	870	3009
780	178	420	-16	4225	4465	10	346	0	540
781	186	135	-11	0	7556	10	360	0	1709
782	176	199	-19	0	7598	10	581	0	3329
783	438	5	18	2136	2376	10	0	834	1033
784	150	68	-5	1631	1871	10	786	0	449
785	185	434	-13	2234	2474	10	703	0	280
786	215	79	5	834	1074	10	0	784	449
787	177	486	-13	6329	6569	10	907	0	2733
788	49	437	7	1650	1890	10	0	941	807
789	100	66	-14	5539	5779	10	504	0	2048
790	35	344	21	3392	3632	10	0	495	1698
791	433	447	20	3117	3357	10	0	96	1544
792	372	97	-23	0	7492	10	878	0	3621
793	344	203	14	609	849	10	0	75	371
794	423	170	27	1992	2232	10	0	500	1020
795	171	188	-8	2422	2662	10	133	0	972
796	64	5	-26	4456	4696	10	470	0	2178
797	371	163	21	3251	3491	10	0	679	1670
798	398	210	31	0	7534	10	0	14	1929
799	48	437	4	0	7412	10	0	823	1690
800	392	1	11	2361	2601	10	0	294	1157
801	195	464	-12	0	7467	10	832	0	371
802	211	248	26	39	279	10	0	810	119
803	293	228	-9	73	313	10	898	0	119
804	23	235	-28	4033	4273	10	239	0	1260
805	213	185	21	0	7613	10	0	179	2536
806	172	292	17	308	548	10	0	629	229
807	228	287	21	52	292	10	0	638	124
808	387	394	-3	0	7489	10	358	0	445
809	374	232	33	0	7562	10	0	622	1974
810	48	366	-26	0	7455	10	802	0	119
811	44	311	-14	1570	1810	10	563	0	454
812	447	272	12	0	7489	10	0	642	2224
813	132	477	25	0	7432	10	0	731	3551
814	80	117	-13	3237	3477	10	740	0	570
815	11	403	-22	1312	1552	10	686	0	628
816	144	220	35	0	7577	10	0	963	1907
817	473	491	23	1593	1833	10	0	567	752
818	210	219	-21	0	7637	10	593	0	2737
819	452	484	-19	5054	5294	10	46	0	2360
820	365	28	9	0	7437	10	0	720	1878
821	498	456	-9	5564	5804	10	285	0	2616
822	84	453	-26	4832	5072	10	616	0	562
823	91	427	-4	3470	3710	10	799	0	1690
824	178	72	23	2967	3207	10	0	756	1507
825	409	155	19	621	861	10	0	79	337
826	132	151	22	0	7533	10	0	644	327
827	136	430	-17	2781	3021	10	330	0	1396
828	292	104	26	1156	1396	10	0	985	622
829	443	167	17	2113	2353	10	0	78	1071
830	321	149	18	5638	5878	0	0	1012	2877
831	235	13	27	1375	1615	10	0	701	688
832	166	440	12	711	951	10	0	801	371
833	112	433	29	880	1120	10	0	757	445
834	452	172	-18	0	7471	10	783	0	1033
835	37	281	17	1913	2153	10	0	278	968
836	414	378	23	1919	2159	10	0	229	975
837	475	352	-12	0	7440	10	479	0	3590
838	400	71	-40	5428	5668	10	188	0	1572
839	286	244	-15	5076	5316	10	952	0	2051
840	429	389	18	1636	1876	10	0	940	824
841	92	76	-11	4496	4736	10	16	0	705
842	124	111	15	0	7500	10	0	423	1278
843	268	458	24	0	7479	10	0	964	3109
844	352	63	-10	4653	4893	10	598	0	681
845	49	118	-16	0	7447	10	613	0	1407
846	398	329	17	551	791	10	0	577	311
847	382	9	30	1027	1267	10	0	223	496
848	229	322	-23	6581	6821	10	372	0	3328
849	279	355	-7	0	7579	10	13	0	3581
850	266	221	9	33	273	10	0	491	119
851	142	80	12	1908	2148	10	0	531	973
852	359	287	-19	0	7572	10	210	0	3655
853	482	104	-13	0	7413	10	975	0	1237
854	284	457	-20	5934	6174	10	882	0	2933
855	64	294	12	4345	4585	10	0	71	2196
856	404	59	-19	0	7442	10	739	0	133
857	68	160	-24	0	7484	10	674	0	3601
858	211	411	-2	4526	4766	10	307	0	1367
859	30	155	-16	5062	5302	10	561	0	674
860	240	34	-13	6178	6418	10	383	0	2079
861	107	374	-11	3597	3837	10	627	0	1621
862	404	140	-22	4975	5215	10	248	0	1953
863	436	467	12	2884	3124	0	0	1001	1419
864	421	386	-15	0	7469	10	73	0	204
865	182	480	-25	0	7448	10	510	0	1587
866	9	233	31	1165	1405	10	0	49	581
867	110	251	23	1931	2171	10	0	869	1015
868	19	38	15	3329	3569	10	0	579	1553
869	46	248	-23	3195	3435	10	867	0	1015
870	308	199	-18	5973	6213	10	779	0	3009
871	423	221	9	973	1213	10	0	403	518
872	313	391	-15	538	778	10	653	0	288
873	413	345	-4	4812	5052	10	725	0	2009
874	278	450	-33	5440	5680	10	322	0	2050
875	94	497	31	3069	3309	10	0	196	1508
876	7	382	-32	3022	3262	10	458	0	733
877	493	111	-32	2104	2344	10	708	0	823
878	392	87	23	0	7471	10	0	792	3621
879	13	394	-25	0	7410	10	646	0	1067
880	259	301	25	335	575	10	0	203	219
881	351	233	21	5631	5871	10	0	652	2884
882	313	493	20	0	7436	10	0	854	2933
883	65	62	15	3846	4086	10	0	17	1911
884	417	212	-10	0	7516	10	347	0	862
885	450	194	-7	2439	2679	10	443	0	1161
886	470	138	16	5498	5738	10	0	568	2745
887	190	267	-15	6955	7195	10	52	0	3269
888	248	214	-14	5857	6097	10	565	0	2431
889	50	383	-13	980	1220	10	764	0	479
890	244	422	14	2091	2331	10	0	392	1079
891	60	29	32	0	7396	10	0	634	2014
892	5	445	30	1184	1424	10	0	768	555
893	490	276	33	0	7446	10	0	201	3572
894	441	100	31	0	7445	10	0	342	1130
895	162	388	11	4444	4684	10	0	60	2260
896	244	277	18	5145	5385	10	0	87	2678
897	406	408	-34	5765	6005	10	23	0	2308
898	265	240	9	18	258	10	0	803	119
899	130	186	16	465	705	10	0	376	284
900	382	110	24	4390	4630	10	0	632	2218
901	142	14	-29	3281	3521	10	947	0	1621
902	352	487	-34	0	7429	10	569	0	346
903	307	52	23	3622	3862	10	0	370	1827
904	418	399	20	1691	1931	10	0	356	853
905	196	56	15	2378	2618	10	0	612	1208
906	66	31	25	0	7401	10	0	507	2793
907	90	496	13	5521	5761	10	0	787	2733
908	480	136	22	0	7431	10	0	948	1932
909	65	82	13	2898	3138	10	0	527	1444
910	48	293	22	1044	1284	10	0	649	538
911	105	181	19	0	7527	10	0	238	658
912	215	282	-20	5702	5942	10	994	0	2672
913	257	133	-17	3389	3629	10	77	0	1180
914	77	465	11	984	1224	10	0	445	474
915	43	135	-22	0	7451	10	385	0	3601
916	27	444	-27	4261	4501	10	194	0	1043
917	357	290	24	0	7573	10	0	462	1357
918	38	15	3	0	7371	10	0	240	2533
919	80	337	-19	4417	4657	10	456	0	2200
920	36	451	-20	3495	3735	10	469	0	238
921	291	251	20	44	284	10	0	600	121
922	195	111	-14	3932	4172	10	437	0	1202
923	383	17	15	3702	3942	10	0	98	1836
924	53	466	9	1280	1520	10	0	264	613
925	114	102	-15	1969	2209	10	12	0	414
926	350	199	-12	4746	4986	10	94	0	1866
927	405	349	-25	0	7504	10	420	0	3613
928	472	248	11	0	7465	10	0	559	1619
929	333	293	27	2408	2648	10	0	336	1277
930	174	397	-3	4919	5159	10	607	0	2057
931	2	264	40	2558	2798	10	0	399	1274
932	7	82	-27	1586	1826	10	970	0	419
933	34	329	-5	4112	4352	10	602	0	515
934	158	179	37	345	585	10	0	953	234
935	421	499	-7	5321	5561	10	200	0	1869
936	345	431	12	0	7483	10	0	989	1671
937	370	262	-27	4338	4578	10	604	0	2156
938	77	172	23	0	7498	10	0	84	3613
939	87	51	35	0	7430	10	0	485	1646
940	468	352	-18	3013	3253	10	840	0	824
941	63	420	-7	2018	2258	10	788	0	807
942	347	184	15	4255	4495	10	0	361	2188
943	206	174	14	3139	3379	10	0	960	1645
944	209	212	-15	6051	6291	10	474	0	2650
945	466	362	-14	4549	4789	10	664	0	2267
946	201	278	13	106	346	10	0	990	144
947	206	172	29	3092	3332	10	0	901	1621
948	471	94	-22	3935	4175	10	908	0	1932
949	331	134	11	4435	4675	10	0	184	2266
950	274	261	-23	6768	7008	10	658	0	3394
951	219	215	32	67	307	10	0	427	130
952	349	76	15	4063	4303	10	0	839	2051
953	86	189	-37	847	1087	10	934	0	234
954	336	493	-25	5912	6152	10	183	0	562
955	7	194	-26	3745	3985	10	209	0	1779
956	492	335	-23	3253	3493	10	410	0	1604
957	248	386	22	1453	1693	10	0	90	778
958	463	406	-18	0	7423	10	993	0	119
959	199	438	-30	0	7493	10	269	0	228
960	135	30	-14	0	7439	10	943	0	1645
961	447	267	19	3858	4098	10	0	733	1950
962	235	33	-30	0	7470	10	601	0	3538
963	63	155	-35	3799	4039	10	816	0	1907
964	294	421	-24	6242	6482	10	843	0	3109
965	318	99	-24	4791	5031	10	515	0	2279
966	21	146	21	1887	2127	10	0	415	937
967	30	7	-30	4694	4934	10	499	0	2294
968	410	399	25	875	1115	10	0	247	448
969	405	187	-15	4942	5182	10	621	0	1162
970	109	56	27	839	1079	10	0	932	419
971	212	47	20	0	7481	10	0	574	1525
972	479	387	13	1530	1770	10	0	715	751
973	167	291	-12	0	7595	10	702	0	3722
974	259	498	33	0	7439	10	0	413	1320
975	461	182	13	2456	2696	10	0	853	1237
976	277	428	7	1901	2141	10	0	389	980
977	290	328	7	515	755	10	0	99	333
978	146	313	22	4721	4961	10	0	131	2419
979	40	304	16	4519	4759	10	0	566	2271
980	56	268	-20	4196	4436	10	401	0	2020
981	104	28	-24	0	7422	10	141	0	706
982	370	493	22	0	7416	10	0	226	3561
983	136	265	-1	340	580	10	89	0	185
984	247	306	33	104	344	10	0	522	143
985	241	38	-26	2067	2307	10	828	0	622
986	180	162	9	634	874	10	0	22	285
987	253	118	-12	2129	2369	10	738	0	866
988	413	391	-10	808	1048	10	760	0	388
989	380	350	-12	3406	3646	10	936	0	1671
990	391	112	-13	3941	4181	10	946	0	144
991	86	199	23	1051	1291	10	0	466	559
992	91	326	-21	0	7511	10	996	0	776
993	287	256	18	37	277	10	0	958	119
994	203	211	20	5166	5406	10	0	912	2672
995	79	80	19	5468	5708	10	0	57	2733
996	32	319	21	1542	1782	10	0	992	776
997	167	445	-23	0	7476	10	115	0	2027
998	439	237	-29	3694	3934	10	363	0	1766
999	373	418	6	4978	5218	10	0	270	2504
1000	26	342	12	1224	1464	10	0	635	610
1001	436	467	-12	2884	3124	10	863	0	1419
1002	157	269	-31	6245	6485	10	329	0	3195
1003	12	358	-7	4837	5077	10	125	0	2407
1004	179	497	-1	0	7430	10	53	0	3586
1005	485	104	-21	3118	3358	10	742	0	1540
1006	351	481	-10	1227	1467	10	391	0	607
1007	306	229	-10	0	7628	10	576	0	3784
1008	253	74	-20	5340	5580	10	723	0	2701
1009	318	497	-21	0	7431	10	135	0	3587
1010	285	247	-13	0	7652	10	390	0	3808
1011	111	192	-11	0	7537	10	42	0	3693
1012	321	149	-18	5638	5878	10	830	0	2877

