250	1000	1
0	250	250	0	0	7697	0	0	0
1	228	399	-17	0	7537	10	199	0	3630
2	325	56	-13	0	7480	10	300	0	3586
3	290	145	5	0	7575	10	0	403	3559
4	340	291	22	1822	2062	10	0	9	981
5	370	382	-22	0	7509	10	957	0	3620
6	273	255	18	0	7664	10	0	421	3739
7	36	301	-26	0	7468	10	399	0	1910
8	117	178	28	4409	4649	10	0	721	2248
9	295	283	-22	3513	3753	10	4	0	981
10	57	43	-22	0	7404	10	84	0	3555
11	436	123	40	0	7462	10	0	926	2318
12	48	162	-20	0	7467	10	647	0	3618
13	222	499	-17	0	7437	10	246	0	463
14	376	92	10	0	7485	10	0	800	3548
15	437	90	-1	0	7441	10	373	0	3591
16	3	23	11	1506	1746	10	0	17	705
17	94	40	-11	0	7426	10	16	0	705
18	398	476	-11	0	7417	10	195	0	3563
19	307	249	10	0	7630	10	0	390	3781
20	179	286	8	1305	1545	10	0	30	732
21	0	356	13	0	7416	10	0	294	3565
22	143	158	12	0	7546	10	0	934	3697
23	413	476	-10	4656	4896	10	759	0	2284
24	371	488	10	2271	2511	10	0	453	1122
25	415	118	19	0	7476	10	0	770	3604
26	440	77	14	0	7431	10	0	620	3544
27	261	201	-10	5996	6236	10	636	0	2794
28	490	286	29	0	7445	10	0	652	3023
29	309	161	23	2273	2513	10	0	824	1203
30	39	162	-8	0	7459	10	20	0	732
31	361	178	-10	0	7555	10	576	0	3705
32	261	138	-1	0	7575	10	605	0	3722
33	447	383	17	831	1071	10	0	355	416
34	346	354	8	3210	3450	10	0	725	1654
35	461	195	26	0	7469	10	0	97	3620
36	187	263	-23	0	7623	10	187	0	3757
37	130	247	-33	0	7567	10	275	0	3662
38	328	491	-25	2653	2893	10	513	0	1227
39	161	276	-23	0	7595	10	115	0	2027
40	365	74	24	3334	3574	10	0	695	1681
41	168	109	10	0	7524	10	0	415	3675
42	111	192	11	0	7537	10	0	909	1429
43	87	213	-25	0	7520	10	293	0	3655
44	45	166	-23	0	7466	10	120	0	3605
45	62	94	16	0	7443	10	0	460	3536
46	348	476	19	0	7441	10	0	592	1067
47	64	437	11	0	7424	10	0	703	3563
48	56	75	24	0	7426	10	0	104	1095
49	24	259	19	0	7461	10	0	602	3588
50	295	247	-7	0	7642	10	586	0	3648
51	6	53	8	0	7374	10	0	845	3522
52	15	11	-26	0	7352	10	258	0	3485
53	179	497	-24	0	7430	10	843	0	3557
54	67	352	-16	0	7478	10	184	0	3629
55	317	45	8	0	7472	10	0	457	752
56	40	278	-22	0	7476	10	130	0	3625
57	33	278	18	0	7469	10	0	678	3576
58	322	290	-12	0	7605	10	354	0	3649
59	159	226	16	256	496	10	0	383	200
60	208	445	-16	0	7488	10	177	0	3628
61	453	360	13	804	1044	10	0	154	406
62	34	169	-10	0	7457	10	767	0	3606
63	436	25	-30	0	7396	10	847	0	496
64	393	98	13	2950	3190	10	0	650	1490
65	466	96	-14	0	7422	10	92	0	3570
66	366	390	-20	5213	5453	10	791	0	1544
67	303	78	-24	0	7508	10	515	0	2279
68	374	116	9	0	7505	10	0	894	3591
69	424	288	-21	0	7509	10	600	0	3590
70	191	84	13	0	7511	10	0	356	1915
71	59	276	11	0	7495	10	0	910	3628
72	215	293	13	102	342	10	0	520	143
73	343	276	15	266	506	10	0	314	204
74	488	173	25	4781	5021	10	0	537	2385
75	452	110	14	0	7442	10	0	853	3563
76	153	244	-8	0	7590	10	547	0	3741
77	176	200	17	2210	2450	10	0	476	1180
78	498	171	12	0	7427	10	0	428	3569
79	492	188	-5	2801	3041	10	424	0	1356
80	177	156	25	0	7568	10	0	283	3693
81	398	49	21	0	7438	10	0	297	3569
82	497	296	-31	0	7436	10	584	0	3581
83	276	84	-22	0	7519	10	331	0	3594
84	128	113	22	0	7504	10	0	10	3555
85	422	498	-7	0	7386	10	977	0	333
86	460	424	-14	0	7415	10	109	0	3551
87	246	314	-15	5721	5961	10	392	0	2849
88	0	422	8	0	7384	10	0	920	3517
89	166	247	1	216	456	10	0	418	185
90	311	422	-25	0	7505	10	578	0	3606
91	392	95	-14	0	7477	10	477	0	1971
92	460	117	14	0	7439	10	0	65	3570
93	28	467	-30	0	7377	10	892	0	3511
94	375	145	-18	0	7524	10	422	0	2049
95	240	255	-8	0	7676	10	218	0	3624
96	440	436	18	3508	3748	10	0	332	1741
97	454	201	-26	0	7478	10	35	0	3620
98	407	35	11	0	7421	10	0	216	3568
99	420	383	27	0	7472	10	0	615	1273
100	264	180	-9	0	7616	10	319	0	876
101	440	294	16	0	7492	10	0	135	3494
102	500	228	-20	3067	3307	10	153	0	1522
103	144	331	13	0	7554	10	0	698	1357
104	98	2	-24	2307	2547	10	48	0	1095
105	461	186	16	0	7467	10	0	262	3614
106	68	450	-30	0	7417	10	633	0	3561
107	153	192	-6	0	7574	10	414	0	3717
108	34	239	16	816	1056	10	0	686	419
109	465	367	14	0	7443	10	0	86	3551
110	208	488	-5	0	7446	10	382	0	3590
111	93	413	-10	0	7461	10	665	0	2869
112	371	332	-15	0	7541	10	211	0	3514
113	231	167	15	221	461	10	0	455	187
114	179	75	13	2900	3140	10	0	922	1475
115	196	489	23	4061	4301	10	0	39	2027
116	280	245	-18	0	7657	10	229	0	3729
117	108	37	23	0	7432	10	0	901	3560
118	1	101	-17	0	7397	10	490	0	162
119	420	80	-36	0	7447	10	546	0	3554
120	38	190	23	0	7467	10	0	44	3605
121	470	405	-23	3643	3883	10	707	0	1799
122	448	397	-13	0	7441	10	700	0	3576
123	471	427	8	0	7404	10	0	837	3535
124	146	376	8	0	7524	10	0	244	3671
125	12	358	7	0	7426	10	0	566	2410
126	175	422	-27	0	7500	10	973	0	3633
127	297	131	-3	4602	4842	10	274	0	2129
128	457	492	7	0	7369	10	0	821	3490
129	69	423	32	0	7437	10	0	762	3557
130	97	288	22	0	7530	10	0	56	3625
131	172	314	-12	0	7587	10	626	0	3640
132	170	347	15	0	7562	10	0	702	3706
133	103	123	8	0	7493	10	0	746	3561
134	154	374	36	0	7531	10	0	930	2480
135	318	497	-16	0	7431	10	101	0	3494
136	330	147	-23	3334	3574	10	273	0	1688
137	241	180	13	0	7617	10	0	608	3711
138	174	67	-15	0	7489	10	240	0	3520
139	235	288	-31	0	7647	10	865	0	3598
140	94	192	1	0	7521	10	0	222	3632
141	232	101	24	0	7537	10	0	324	3594
142	28	180	-35	0	7455	10	368	0	269
143	64	135	-21	3413	3653	10	925	0	1691
144	174	376	8	0	7540	10	0	241	3683
145	293	174	31	0	7600	10	0	949	2261
146	218	12	-15	0	7447	10	789	0	3534
147	110	122	14	0	7498	10	0	737	1179
148	459	53	-16	0	7400	10	425	0	3550
149	173	474	14	0	7451	10	0	757	3596
150	135	400	-40	0	7498	10	931	0	3524
151	497	266	-22	0	7440	10	749	0	3576
152	380	194	-14	0	7546	10	639	0	3686
153	495	227	20	0	7441	10	0	102	1522
154	268	351	-13	0	7585	10	61	0	406
155	213	399	18	0	7534	10	0	335	1658
156	448	414	23	0	7430	10	0	958	3569
157	327	139	13	4969	5209	10	0	589	2485
158	151	81	-27	0	7492	10	929	0	1277
159	425	448	9	3118	3358	10	0	276	1546
160	92	259	-20	0	7529	10	553	0	3664
161	59	388	-16	2591	2831	10	426	0	1292
162	468	360	16	0	7443	10	0	972	3568
163	332	459	-29	0	7463	10	864	0	3559
164	469	489	4	0	7363	10	0	341	611
165	248	176	-14	0	7613	10	366	0	3646
166	174	41	15	0	7465	10	0	756	3612
167	343	205	-22	0	7584	10	568	0	3708
168	154	392	-13	0	7516	10	333	0	3604
169	92	18	8	0	7407	10	0	570	3556
170	250	328	24	0	7609	10	0	653	3718
171	88	484	-13	0	7403	10	729	0	3487
172	360	488	-12	1202	1442	10	936	0	584
173	156	65	-29	4089	4329	10	524	0	2046
174	18	225	8	0	7454	10	0	640	3602
175	152	476	-9	2030	2270	10	522	0	998
176	176	470	-14	0	7455	10	585	0	3601
177	195	450	16	0	7480	10	0	60	3628
178	466	149	-29	0	7449	10	363	0	1766
179	221	269	14	0	7653	10	0	417	996
180	105	137	-13	0	7504	10	305	0	3531
181	284	319	-14	3207	3447	10	890	0	1079
182	41	120	-19	2724	2964	10	581	0	1353
183	263	418	-8	0	7519	10	221	0	3646
184	218	271	16	0	7649	10	0	54	3629
185	365	119	-9	0	7513	10	898	0	119
186	89	322	21	0	7511	10	0	452	3661
187	180	283	23	0	7610	10	0	36	3757
188	385	17	-36	3175	3415	10	488	0	1504
189	401	314	-15	3846	4086	10	989	0	1740
190	245	176	20	4879	5119	10	0	888	2522
191	251	238	-27	0	7675	10	612	0	3626
192	139	438	-28	0	7469	10	758	0	3560
193	236	126	23	0	7563	10	0	886	3535
194	61	441	27	2115	2355	10	0	516	1043
195	405	454	11	0	7431	10	0	18	3563
196	111	392	18	0	7489	10	0	627	1613
197	373	421	-1	0	7477	10	747	0	3627
198	247	443	17	0	7494	10	0	501	2362
199	322	406	17	0	7516	10	0	1	3630
200	412	478	-30	3779	4019	10	251	0	1864
201	374	346	27	0	7531	10	0	727	3676
202	122	422	-27	0	7473	10	876	0	1492
203	261	359	10	0	7578	10	0	832	353
204	173	182	25	291	531	10	0	579	214
205	398	341	-20	0	7514	10	904	0	3609
206	413	127	28	0	7483	10	0	369	3634
207	325	311	-36	5229	5469	10	436	0	2662
208	80	357	-16	2062	2302	10	561	0	674
209	67	378	26	0	7464	10	0	780	3575
210	216	341	-31	0	7590	10	875	0	3544
211	498	457	15	0	7364	10	0	112	3514
212	44	344	12	0	7461	10	0	811	770
213	352	481	-20	5079	5319	10	921	0	2515
214	237	420	15	0	7517	10	0	950	3658
215	389	43	21	0	7438	10	0	500	3543
216	292	136	-11	0	7566	10	98	0	3568
217	426	38	-17	0	7412	10	838	0	3563
218	245	461	8	0	7476	10	0	95	3624
219	415	253	21	0	7522	10	0	733	3670
220	298	264	36	80	320	10	0	796	135
221	307	412	8	0	7516	10	0	183	3646
222	53	204	-1	0	7485	10	140	0	3632
223	480	152	-34	0	7437	10	552	0	3568
224	262	97	17	0	7534	10	0	574	1576
225	83	169	-17	0	7502	10	591	0	3578
226	377	432	-23	0	7466	10	935	0	3536
227	390	249	21	0	7547	10	0	404	1580
228	132	479	11	910	1150	10	0	569	446
229	359	246	18	0	7578	10	0	116	3729
230	314	205	-18	6047	6287	10	779	0	3009
231	124	448	-33	0	7453	10	974	0	3525
232	0	188	-23	0	7430	10	938	0	3575
233	343	166	28	3444	3684	10	0	812	1779
234	482	141	-11	3983	4223	10	450	0	864
235	162	306	22	417	657	10	0	996	276
236	24	71	-15	0	7399	10	868	0	3521
237	188	119	-6	0	7543	10	473	0	3630
238	100	85	14	0	7465	10	0	859	2485
239	103	177	-22	2446	2686	10	349	0	149
240	26	67	15	0	7398	10	0	138	3520
241	164	332	-8	0	7569	10	144	0	3683
242	385	285	13	3412	3652	10	0	730	1756
243	209	68	-9	0	7501	10	850	0	3647
244	149	341	-8	0	7552	10	124	0	3671
245	415	95	-18	0	7461	10	446	0	513
246	167	488	17	940	1180	10	0	13	463
247	413	493	26	4813	5053	10	0	641	2380
248	439	222	22	0	7496	10	0	361	3605
249	150	484	16	0	7433	10	0	787	3138
250	299	353	34	0	7573	10	0	301	632
251	273	300	30	0	7632	10	0	200	1864
252	402	277	-2	0	7533	10	648	0	3537
253	239	15	-3	0	7452	10	518	0	3562
254	363	225	-19	3363	3603	10	987	0	1653
255	65	343	-13	0	7480	10	946	0	144
256	351	60	15	0	7472	10	0	402	3621
257	60	246	-11	0	7497	10	498	0	1587
258	144	35	26	0	7448	10	0	52	3485
259	463	253	-14	4128	4368	10	943	0	1645
260	332	382	-30	0	7532	10	269	0	228
261	408	318	15	0	7515	10	0	664	3666
262	452	206	-16	0	7481	10	105	0	3614
263	471	368	-13	0	7437	10	573	0	3510
264	93	490	2	1457	1697	10	0	768	705
265	241	402	11	0	7535	10	0	435	3662
266	60	231	32	0	7497	10	0	375	3589
267	172	66	-17	0	7488	10	507	0	2874
268	404	207	-17	0	7528	10	670	0	3593
269	286	356	30	328	568	10	0	260	228
270	489	338	-19	5529	5769	10	577	0	2371
271	334	481	-13	0	7442	10	682	0	3530
272	26	442	-13	0	7392	10	764	0	3534
273	226	175	23	0	7609	10	0	136	1688
274	488	3	3	0	7344	10	0	127	2129
275	178	150	33	0	7564	10	0	37	3662
276	371	423	-9	0	7476	10	159	0	1546
277	5	224	-18	0	7441	10	536	0	3579
278	94	344	-28	2669	2909	10	919	0	1346
279	153	235	10	0	7589	10	0	497	3564
280	12	367	-25	1243	1483	10	292	0	573
281	217	357	-30	0	7576	10	533	0	1262
282	255	487	19	0	7450	10	0	593	2544
283	149	214	-25	0	7580	10	80	0	3693
284	169	305	-2	0	7590	10	699	0	3604
285	487	446	-23	0	7380	10	817	0	3497
286	267	374	23	0	7562	10	0	539	3712
287	360	294	-11	0	7569	10	848	0	3675
288	185	431	-25	0	7495	10	813	0	3579
289	325	210	15	0	7602	10	0	679	2540
290	175	352	-7	6600	6840	10	464	0	3328
291	76	462	18	0	7413	10	0	315	3555
292	19	273	25	0	7455	10	0	280	573
293	72	227	25	0	7508	10	0	43	3655
294	213	283	-13	0	7638	10	21	0	3565
295	130	140	-26	0	7525	10	487	0	3635
296	274	442	17	0	7494	10	0	346	3638
297	337	41	-21	0	7461	10	81	0	3569
298	372	39	10	0	7444	10	0	969	3557
299	269	112	19	0	7548	10	0	738	3699
300	224	56	13	0	7492	10	0	2	3586
301	340	416	-34	1224	1464	10	250	0	632
302	13	214	-16	5354	5594	10	611	0	2664
303	230	320	-17	4708	4948	10	471	0	2347
304	6	196	20	0	7438	10	0	629	3566
305	87	3	13	0	7392	10	0	180	3531
306	133	202	33	0	7561	10	0	613	1390
307	235	316	-23	2563	2803	10	372	0	1317
308	435	180	37	0	7490	10	0	353	3535
309	173	65	12	1734	1974	10	0	447	886
310	245	42	-18	2129	2369	10	376	0	1073
311	384	149	18	0	7520	10	0	408	3656
312	51	286	14	0	7485	10	0	438	2842
313	267	290	15	54	294	10	0	551	125
314	453	318	-15	0	7473	10	73	0	204
315	189	402	-18	0	7524	10	291	0	3555
316	210	276	-21	0	7640	10	790	0	3603
317	120	261	-19	3113	3353	10	400	0	1575
318	35	263	-9	0	7472	10	869	0	3619
319	429	59	9	1775	2015	10	0	100	876
320	330	308	-12	0	7589	10	479	0	3685
321	58	391	16	3469	3709	10	0	377	1735
322	260	472	-26	4084	4324	10	616	0	562
323	217	333	-21	0	7598	10	728	0	3524
324	335	46	-24	0	7466	10	141	0	3594
325	198	85	28	990	1230	10	0	769	528
326	138	28	23	4326	4566	10	0	994	2158
327	29	336	22	0	7450	10	0	330	3553
328	200	27	-24	0	7459	10	765	0	3511
329	157	269	31	0	7593	10	0	469	233
330	177	404	-22	0	7517	10	327	0	3553
331	202	28	22	0	7460	10	0	83	3594
332	366	334	-18	0	7544	10	96	0	1741
333	149	458	13	0	7456	10	0	168	3604
334	481	454	14	0	7379	10	0	434	3527
335	377	385	-18	3405	3645	10	155	0	1658
336	217	207	-25	0	7633	10	932	0	3541
337	96	346	26	0	7506	10	0	858	2221
338	224	320	36	5075	5315	10	0	896	2620
339	206	97	33	1732	1972	10	0	905	906
340	438	127	-27	0	7463	10	367	0	1437
341	494	468	-4	1350	1590	10	164	0	611
342	494	165	-22	2357	2597	10	908	0	1149
343	5	281	-43	0	7441	10	804	0	3577
344	441	60	-22	0	7418	10	478	0	3552
345	14	232	-17	0	7451	10	835	0	3585
346	288	439	-17	0	7495	10	296	0	3638
347	420	224	10	0	7516	10	0	871	3662
348	267	162	-6	0	7598	10	844	0	2339
349	195	273	22	118	358	10	0	239	149
350	233	230	20	0	7661	10	0	610	3625
351	382	360	26	0	7516	10	0	846	3651
352	406	460	-22	2817	3057	10	982	0	1363
353	499	316	-37	0	7430	10	308	0	3535
354	246	407	12	0	7530	10	0	58	3649
355	283	454	-17	0	7481	10	33	0	416
356	426	231	-13	4054	4294	10	70	0	1915
357	432	2	20	1806	2046	10	0	631	869
358	404	439	3	0	7444	10	0	614	3521
359	397	477	13	0	7417	10	0	560	3568
360	44	140	-23	3413	3653	10	991	0	1699
361	330	138	-22	0	7550	10	248	0	3605
362	39	153	-25	0	7455	10	406	0	3603
363	397	153	29	3470	3710	10	0	178	1766
364	226	316	-30	0	7617	10	795	0	1280
365	354	156	20	0	7547	10	0	580	3698
366	201	66	14	0	7497	10	0	165	3646
367	389	156	27	2802	3042	10	0	340	1437
368	134	211	35	422	662	10	0	142	269
369	386	154	-28	0	7521	10	206	0	3634
370	335	99	25	0	7514	10	0	590	3625
371	356	256	19	0	7581	10	0	624	3730
372	240	362	23	0	7575	10	0	307	1317
373	412	100	1	0	7467	10	0	15	3591
374	394	322	12	0	7527	10	0	716	2461
375	48	150	-32	0	7462	10	266	0	3589
376	225	121	18	0	7556	10	0	310	1073
377	102	422	-16	0	7461	10	321	0	1735
378	339	41	-14	0	7460	10	467	0	3607
379	440	201	-2	0	7491	10	642	0	3629
380	411	379	-11	0	7481	10	726	0	3595
381	219	210	-21	0	7637	10	617	0	3607
382	250	441	5	0	7496	10	0	110	3590
383	210	29	-16	0	7463	10	59	0	200
384	178	302	-16	3486	3726	10	694	0	1682
385	148	208	-18	0	7577	10	993	0	119
386	225	369	-7	0	7566	10	976	0	3648
387	16	287	-11	0	7451	10	689	0	3602
388	450	416	25	2247	2487	10	0	555	1113
389	287	397	-26	0	7536	10	964	0	3152
390	285	247	-10	0	7652	10	19	0	3781
391	351	481	-26	1227	1467	10	481	0	321
392	243	408	15	5675	5915	10	0	87	2849
393	137	377	-12	0	7518	10	855	0	3603
394	33	152	17	5220	5460	10	0	709	2610
395	68	303	-14	825	1065	10	482	0	431
396	456	113	17	0	7440	10	0	717	3553
397	134	276	-24	0	7569	10	625	0	3076
398	26	221	28	0	7462	10	0	754	3609
399	79	257	26	3752	3992	10	0	7	1910
400	181	185	19	0	7593	10	0	317	1575
401	104	349	-10	3977	4217	10	448	0	1837
402	267	174	-15	0	7610	10	256	0	3621
403	475	267	-5	0	7462	10	3	0	3559
404	385	239	-21	3082	3322	10	227	0	1580
405	95	382	-17	865	1105	10	806	0	229
406	67	190	25	0	7495	10	0	362	3603
407	32	94	14	3661	3901	10	0	535	1816
408	401	164	-18	0	7514	10	311	0	3656
409	376	113	8	0	7501	10	0	637	3594
410	409	255	23	0	7528	0	0	1006	3684
411	228	260	-9	6362	6602	10	562	0	3065
412	363	34	19	0	7444	10	0	856	3570
413	274	441	-13	0	7495	10	451	0	3526
414	146	188	6	0	7566	10	0	107	3717
415	212	186	-10	0	7613	10	41	0	3675
416	432	66	-15	0	7429	10	661	0	3537
417	83	300	-14	1939	2179	10	179	0	996
418	51	89	-1	0	7432	10	89	0	185
419	379	486	22	0	7419	10	0	713	3557
420	440	284	25	0	7494	10	0	511	3640
421	175	239	-18	0	7612	10	6	0	3739
422	282	1	18	4110	4350	10	0	94	2049
423	268	113	-4	0	7549	10	706	0	1500
424	480	131	5	0	7429	10	0	79	1356
425	429	67	16	0	7432	10	0	148	3550
426	162	301	16	0	7586	10	0	161	1292
427	281	96	1	0	7530	10	0	540	2241
428	495	199	-12	0	7437	10	78	0	3569
429	372	115	-14	0	7506	10	870	0	3656
430	396	83	-19	6286	6526	10	609	0	1080
431	239	486	-33	0	7451	10	984	0	143
432	288	70	24	0	7504	10	0	829	3550
433	66	163	6	0	7484	10	0	463	2173
434	470	417	-14	0	7411	10	334	0	3527
435	226	423	-11	0	7513	10	265	0	3662
436	342	319	36	0	7572	10	0	207	2662
437	174	122	-35	0	7539	10	939	0	3579
438	49	353	-14	5724	5964	10	312	0	2842
439	448	495	40	0	7372	10	0	927	3513
440	13	465	31	0	7368	10	0	924	3512
441	489	159	29	5651	5891	10	0	885	2817
442	311	203	15	0	7610	10	0	739	3761
443	480	119	7	0	7423	10	0	559	1583
444	442	153	29	4695	4935	10	0	825	2359
445	148	462	-3	2847	3087	10	959	0	1412
446	233	87	18	950	1190	10	0	245	513
447	323	34	-12	0	7459	10	309	0	886
448	84	377	10	3645	3885	10	0	401	1837
449	292	32	14	0	7465	10	0	685	3585
450	418	75	11	1732	1972	10	0	234	864
451	451	305	13	0	7479	10	0	413	3526
452	225	269	-21	0	7656	10	186	0	3661
453	272	420	-10	0	7516	10	24	0	1122
454	318	280	21	177	417	10	0	744	171
455	250	57	-15	0	7494	10	113	0	187
456	77	372	-7	0	7476	10	649	0	3615
457	385	58	-8	1559	1799	10	55	0	752
458	44	496	-4	0	7367	10	992	0	3502
459	460	328	13	0	7463	10	0	604	3613
460	67	24	-16	0	7397	10	45	0	3536
461	91	27	14	0	7414	10	0	883	3548
462	360	284	19	2606	2846	10	0	944	1365
463	82	183	-6	4347	4587	10	433	0	2173
464	153	362	7	0	7539	10	0	290	3328
465	52	412	-25	0	7432	10	646	0	3510
466	32	191	5	2285	2525	10	0	470	1149
467	325	147	14	0	7560	10	0	378	3607
468	328	458	17	0	7465	10	0	854	2948
469	133	273	-31	357	597	10	329	0	233
470	147	30	-5	4375	4615	10	466	0	1149
471	131	246	17	0	7568	10	0	303	2347
472	433	319	-10	5445	5685	10	956	0	1618
473	168	59	6	0	7480	10	0	237	3630
474	218	403	15	0	7531	10	0	567	3632
475	295	89	-15	0	7520	10	690	0	3641
476	118	314	-17	0	7541	10	77	0	1180
477	251	63	14	3890	4130	10	0	91	1971
478	388	44	22	0	7440	10	0	344	3552
479	381	328	12	0	7535	10	0	320	3685
480	132	32	18	0	7440	10	0	960	3588
481	334	403	26	578	818	10	0	391	321
482	83	290	14	0	7516	10	0	395	431
483	411	396	23	0	7470	10	0	722	3494
484	243	402	13	0	7535	10	0	572	3600
485	52	18	-24	0	7382	10	852	0	3424
486	265	0	-27	0	7437	10	491	0	3587
487	268	288	26	0	7645	10	0	295	3635
488	476	61	36	0	7393	10	0	188	1504
489	283	438	-29	0	7497	10	874	0	3636
490	191	215	17	154	394	10	0	118	162
491	253	50	27	0	7487	10	0	486	3587
492	71	282	-32	0	7506	10	711	0	1150
493	297	304	4	0	7616	10	0	554	622
494	244	368	-10	0	7569	10	752	0	1126
495	80	279	19	0	7515	10	0	980	3642
496	488	96	-30	0	7404	10	632	0	3551
497	142	30	-10	0	7442	10	279	0	3564
498	68	240	11	3118	3358	10	0	257	1587
499	193	138	30	0	7562	10	0	743	3700
500	451	62	-21	0	7412	10	215	0	3543
501	138	406	-17	4804	5044	10	198	0	2362
502	306	42	11	0	7472	10	0	582	3606
503	247	219	17	0	7656	10	0	643	1780
504	98	29	14	4126	4366	10	0	710	2048
505	102	6	3	0	7402	10	0	814	3531
506	142	360	-14	0	7533	10	827	0	3619
507	172	24	17	5749	5989	10	0	267	2874
508	352	241	5	3109	3349	10	0	634	1623
509	486	324	-25	0	7440	10	704	0	147
510	133	455	25	0	7451	10	0	887	3591
511	440	292	-25	0	7493	10	420	0	3640
512	364	173	30	661	901	10	0	794	381
513	442	289	25	0	7492	10	0	38	1227
514	48	412	7	0	7429	10	0	801	3521
515	344	70	24	4523	4763	10	0	67	2279
516	78	406	-27	3782	4022	10	194	0	1043
517	329	456	-10	0	7467	10	760	0	422
518	157	38	3	0	7456	10	0	253	3562
519	374	260	27	0	7563	10	0	884	3658
520	297	283	-13	0	7630	10	72	0	143
521	210	113	28	0	7545	10	0	606	3695
522	215	434	9	0	7500	10	0	175	998
523	262	92	25	2462	2702	10	0	792	1271
524	140	108	29	0	7508	10	0	173	2046
525	235	108	12	0	7545	10	0	773	1710
526	210	133	15	0	7564	10	0	675	3642
527	25	53	-12	4020	4260	10	774	0	1964
528	339	113	-31	0	7524	10	541	0	3595
529	394	310	10	4334	4574	10	0	772	2209
530	126	391	19	0	7500	10	0	544	3629
531	343	34	-20	0	7452	10	538	0	3515
532	354	416	10	2657	2897	10	0	766	1350
533	202	391	30	2434	2674	10	0	281	1262
534	367	97	17	0	7495	10	0	763	1940
535	188	151	-14	0	7571	10	407	0	1816
536	111	178	18	0	7531	10	0	277	3579
537	456	157	-25	5760	6000	10	74	0	2385
538	441	7	20	0	7378	10	0	531	3515
539	270	337	-23	0	7598	10	286	0	3712
540	323	29	-1	4490	4730	10	427	0	2241
541	200	78	31	0	7508	10	0	528	3595
542	330	281	14	0	7602	10	0	666	3534
543	438	488	18	1249	1489	10	0	819	592
544	161	416	-19	0	7499	10	530	0	3629
545	30	97	-3	4781	5021	10	918	0	2306
546	273	70	36	0	7506	10	0	119	3554
547	214	245	8	0	7651	10	0	76	3741
548	221	291	9	0	7637	10	0	583	3767
549	79	467	22	1346	1586	10	0	655	654
550	423	315	-7	0	7503	10	719	0	3574
551	395	474	-15	0	7421	10	313	0	125
552	481	207	34	0	7453	10	0	223	3568
553	199	203	20	0	7618	10	0	160	3664
554	497	483	-4	1354	1594	10	493	0	622
555	449	428	-25	4927	5167	10	388	0	1113
556	100	266	5	0	7537	10	0	671	3666
557	214	274	-14	5416	5656	10	596	0	2716
558	16	68	-23	0	7391	10	967	0	2303
559	475	198	-7	3281	3521	10	443	0	1583
560	371	427	-13	0	7473	10	359	0	3568
561	62	375	16	1335	1575	10	0	208	674
562	163	472	9	0	7449	10	0	411	3065
563	13	314	14	0	7442	10	0	587	3569
564	376	385	-21	0	7503	10	807	0	3636
565	231	29	-26	4845	5085	10	802	0	2408
566	89	358	-7	4929	5169	10	125	0	2410
567	331	356	-15	0	7554	10	474	0	3632
568	365	190	22	0	7558	10	0	167	3708
569	256	441	-11	0	7496	10	228	0	446
570	120	37	-8	0	7438	10	169	0	3556
571	349	43	26	0	7458	10	0	793	3591
572	230	487	-13	0	7450	10	484	0	3600
573	489	457	13	0	7371	10	0	263	3510
574	341	72	-17	3159	3399	10	224	0	1576
575	181	441	25	0	7484	10	0	997	3624
576	306	229	10	0	7628	10	0	31	3705
577	492	326	19	4756	4996	10	0	270	2371
578	347	459	25	0	7457	10	0	90	3606
579	66	88	-25	0	7442	10	204	0	214
580	272	234	-20	0	7660	10	365	0	3698
581	134	194	19	0	7559	10	0	182	1353
582	320	211	-11	0	7607	10	502	0	3606
583	214	311	-9	0	7617	10	548	0	3767
584	489	274	31	0	7447	10	0	82	3581
585	231	410	14	0	7526	10	0	176	3601
586	432	199	7	0	7498	10	0	50	3648
587	29	358	-14	0	7442	10	563	0	3569
588	62	236	29	2172	2412	10	0	963	1111
589	333	163	-13	4901	5141	10	157	0	2485
590	364	71	-25	0	7475	10	370	0	3625
591	125	65	17	0	7464	10	0	225	3578
592	429	476	-19	2233	2473	10	46	0	1067
593	161	275	-19	5327	5567	10	282	0	2544
594	365	274	14	350	590	10	0	680	236
595	117	110	13	0	7494	0	0	1002	3650
596	166	345	14	0	7561	10	0	557	2716
597	345	146	-11	5696	5936	10	998	0	2802
598	324	99	10	0	7519	10	0	645	3584
599	72	477	46	0	7399	10	0	618	3546
600	487	320	21	0	7440	10	0	69	3590
601	120	17	-23	0	7421	10	784	0	3572
602	1	252	-19	0	7438	10	49	0	3588
603	303	186	10	0	7604	10	0	673	3589
604	428	302	-13	0	7502	10	459	0	3613
605	264	135	1	0	7572	10	0	32	3722
606	223	178	-28	0	7611	10	521	0	3695
607	174	347	-20	0	7564	10	889	0	3592
608	238	123	-13	0	7560	10	137	0	3711
609	187	61	19	2120	2360	10	0	430	1080
610	52	303	-20	0	7483	10	350	0	3625
611	89	185	16	0	7514	10	0	302	2664
612	341	59	27	0	7476	10	0	191	3626
613	89	65	-33	2821	3061	10	306	0	1390
614	495	355	-3	0	7421	10	358	0	3521
615	368	452	-27	2620	2860	10	99	0	1273
616	164	473	26	1125	1365	10	0	322	562
617	171	34	21	0	7458	10	0	381	3607
618	114	460	-46	0	7437	10	599	0	3546
619	224	3	-31	0	7439	10	915	0	3484
620	472	57	-14	0	7393	10	26	0	3544
621	448	404	15	2336	2576	10	0	688	1162
622	390	120	-16	0	7496	10	985	0	1047
623	386	225	-31	0	7549	10	798	0	3683
624	301	239	-19	0	7635	10	371	0	3730
625	115	296	24	6055	6295	10	0	397	3076
626	69	266	12	0	7506	10	0	131	3640
627	115	395	-18	3201	3441	10	196	0	1613
628	68	53	-32	0	7419	10	891	0	3546
629	33	268	-20	0	7470	10	304	0	3566
630	450	45	24	1954	2194	10	0	923	953
631	351	5	-20	0	7422	10	357	0	869
632	351	148	30	0	7544	10	0	496	3551
633	80	458	30	0	7419	10	0	106	3561
634	60	5	-5	0	7377	10	508	0	1623
635	10	407	-31	1678	1918	10	866	0	581
636	497	18	10	0	7349	10	0	27	2794
637	437	98	-8	0	7447	10	409	0	3594
638	130	494	-22	0	7416	10	750	0	3550
639	391	202	14	0	7539	10	0	152	3686
640	43	210	-8	0	7477	10	174	0	3602
641	381	457	-26	0	7443	10	247	0	2380
642	449	190	2	0	7480	10	0	379	3629
643	429	169	-17	3551	3791	10	503	0	1780
644	105	140	-2	0	7505	10	777	0	3532
645	282	10	-10	0	7445	10	598	0	3584
646	20	480	25	0	7362	10	0	465	3510
647	61	170	20	0	7482	10	0	12	3618
648	210	81	2	0	7514	10	0	252	3537
649	87	311	7	0	7513	10	0	456	3615
650	309	29	-13	0	7459	10	64	0	1490
651	397	57	17	0	7445	10	0	676	3506
652	337	232	-29	6222	6462	10	28	0	3023
653	262	369	-24	0	7568	10	170	0	3718
654	41	232	-21	0	7478	10	966	0	3564
655	69	414	-22	4993	5233	10	549	0	654
656	149	98	-22	0	7505	10	826	0	3642
657	207	487	4	0	7447	0	0	1007	3603
658	366	260	-15	0	7571	10	937	0	3717
659	497	54	-18	0	7372	10	783	0	3488
660	210	379	12	0	7552	10	0	677	3596
661	437	19	15	0	7390	10	0	416	3537
662	181	260	23	0	7618	10	0	815	625
663	125	61	-10	2387	2627	10	778	0	1137
664	368	311	-15	0	7555	10	261	0	3666
665	80	400	10	5725	5965	10	0	111	2869
666	75	118	-14	0	7468	10	542	0	3534
667	171	303	-12	0	7592	10	1000	0	3594
668	80	251	-28	0	7517	10	782	0	3653
669	455	168	-14	0	7467	10	751	0	2182
670	215	129	17	0	7562	10	0	268	3593
671	179	318	-5	0	7589	10	556	0	3666
672	187	73	18	0	7500	0	0	1005	3656
673	394	47	-10	0	7439	10	603	0	3589
674	31	175	-15	0	7456	10	734	0	3607
675	339	144	-15	0	7549	10	526	0	3642
676	492	34	-17	0	7363	10	651	0	3506
677	387	349	-12	0	7518	10	660	0	3596
678	142	372	-18	0	7525	10	57	0	3576
679	291	213	-15	4971	5211	10	289	0	2540
680	421	387	-14	0	7468	10	594	0	236
681	274	403	17	0	7533	10	0	880	3684
682	434	359	13	0	7474	10	0	271	3530
683	257	57	18	0	7494	10	0	718	3644
684	428	202	24	0	7503	10	0	809	3652
685	355	174	-14	0	7558	10	449	0	3585
686	46	389	-16	0	7441	10	108	0	419
687	44	440	-17	0	7407	10	735	0	3532
688	491	369	-15	2858	3098	10	621	0	1162
689	33	286	11	0	7468	10	0	387	3602
690	351	128	15	0	7529	10	0	475	3641
691	485	428	-25	0	7393	10	968	0	448
692	273	149	-14	0	7584	10	753	0	2026
693	447	184	-9	0	7480	10	834	0	3620
694	386	245	16	0	7551	10	0	384	1682
695	323	77	-24	5560	5800	10	40	0	1681
696	21	70	-16	0	7396	10	697	0	3534
697	9	101	16	0	7404	10	0	696	3534
698	71	304	-13	2696	2936	10	103	0	1357
699	43	360	2	0	7453	10	0	284	3604
700	396	417	13	0	7466	10	0	122	3576
701	158	24	-15	0	7443	10	842	0	3575
702	164	320	-15	0	7577	10	132	0	3706
703	195	386	-11	0	7541	10	47	0	3563
704	306	235	25	112	352	10	0	509	147
705	66	314	-16	0	7493	10	979	0	2271
706	95	64	4	3004	3244	10	0	423	1500
707	348	348	23	0	7549	10	0	121	1799
708	495	83	32	0	7391	10	0	877	1004
709	61	214	-17	0	7495	10	394	0	2610
710	240	240	-14	6738	6978	10	504	0	2048
711	140	137	32	2219	2459	10	0	492	1150
712	242	106	28	0	7543	10	0	830	3659
713	392	491	-22	0	7408	10	419	0	3557
714	342	481	-20	5700	5940	10	882	0	2823
715	478	300	12	0	7454	0	0	1004	3610
716	299	285	-12	4955	5195	10	374	0	2461
717	481	84	-17	0	7403	10	396	0	3553
718	271	128	-18	0	7564	10	683	0	3644
719	484	224	7	0	7452	10	0	550	3574
720	441	177	-13	0	7483	10	761	0	3632
721	46	163	-28	0	7466	10	8	0	2248
722	493	493	-23	0	7344	10	483	0	3494
723	253	74	20	0	7511	10	0	903	1808
724	390	34	7	0	7430	10	0	776	3524
725	374	306	-8	0	7551	10	34	0	1654
726	436	295	11	0	7496	10	0	380	3595
727	371	315	-27	0	7550	10	201	0	3676
728	27	464	21	0	7378	10	0	323	3524
729	3	471	13	0	7356	10	0	171	3487
730	418	269	-13	0	7518	10	242	0	1756
731	90	477	-13	0	7410	10	907	0	3543
732	141	426	23	0	7480	10	0	741	3619
733	418	251	-21	0	7519	10	219	0	3670
734	57	183	15	0	7483	10	0	674	3607
735	29	462	17	0	7381	10	0	687	3532
736	55	318	-24	0	7481	10	781	0	3557
737	18	24	-14	2453	2693	10	147	0	1179
738	263	153	-19	0	7590	10	299	0	3699
739	289	220	-15	0	7638	10	442	0	3761
740	84	255	13	0	7521	10	0	978	2350
741	159	299	-23	0	7584	10	732	0	3619
742	485	104	-19	0	7411	10	803	0	132
743	178	135	-30	0	7552	10	499	0	3700
744	389	255	-21	0	7548	10	454	0	171
745	457	280	-19	3939	4179	10	913	0	1901
746	171	24	-8	0	7448	10	133	0	3561
747	330	371	1	0	7542	10	0	197	3627
748	10	237	19	0	7447	10	0	823	3496
749	458	213	22	0	7476	10	0	151	3576
750	257	391	22	0	7546	10	0	638	3550
751	482	184	14	4367	4607	10	0	669	2182
752	222	331	10	2098	2338	10	0	494	1126
753	332	5	14	4071	4311	10	0	692	2026
754	47	208	-28	0	7480	10	398	0	3609
755	489	437	29	0	7384	10	0	873	2309
756	165	59	-15	0	7478	10	166	0	3612
757	211	446	-14	0	7488	10	149	0	3596
758	225	488	28	0	7448	10	0	192	3560
759	355	485	10	0	7430	10	0	23	2284
760	441	374	10	833	1073	10	0	517	422
761	399	175	13	0	7521	10	0	720	3632
762	103	464	-32	0	7428	10	129	0	3557
763	244	13	-17	3992	4232	10	534	0	1940
764	51	360	13	0	7460	10	0	272	3534
765	44	115	24	0	7441	10	0	328	3511
766	312	453	-10	0	7475	10	532	0	1350
767	64	198	10	0	7494	10	0	62	3606
768	67	451	-2	0	7416	10	264	0	705
769	371	71	-28	0	7471	10	325	0	528
770	439	156	-19	0	7476	10	25	0	3604
771	105	474	-19	0	7421	10	941	0	3544
772	366	288	-10	0	7565	10	529	0	2209
773	415	207	-12	3540	3780	10	525	0	1710
774	58	39	12	0	7402	10	0	527	1964
775	197	202	29	0	7616	10	0	986	374
776	442	5	-7	0	7376	10	724	0	3524
777	71	12	2	0	7390	10	0	644	3532
778	74	215	10	0	7508	10	0	663	1137
779	347	192	18	5893	6133	10	0	230	3009
780	178	420	-26	0	7503	10	209	0	3575
781	186	135	24	0	7556	10	0	736	3557
782	176	199	28	0	7598	10	0	668	3653
783	438	5	18	0	7379	10	0	659	3488
784	150	68	23	0	7480	10	0	601	3572
785	185	434	-4	0	7492	10	799	0	3534
786	215	79	5	0	7513	10	0	928	3486
787	177	486	-16	6329	6569	10	249	0	3138
788	49	437	7	1650	1890	10	0	822	807
789	100	66	15	0	7450	10	0	146	3534
790	35	344	21	0	7453	10	0	316	3603
791	433	447	20	3117	3357	10	0	66	1544
792	372	97	-25	0	7492	10	523	0	1271
793	344	203	-26	0	7582	10	571	0	3591
794	423	170	-30	1992	2232	10	512	0	381
795	171	188	30	2422	2662	10	0	364	1280
796	64	5	-36	0	7380	10	220	0	135
797	371	163	-15	0	7538	10	952	0	3619
798	398	210	31	0	7534	10	0	623	3683
799	48	437	4	0	7412	10	0	785	3534
800	392	1	-10	0	7401	10	14	0	3548
801	195	464	-7	0	7467	10	514	0	3521
802	211	248	26	0	7648	10	0	565	2408
803	293	228	19	73	313	10	0	742	132
804	23	235	43	0	7460	10	0	343	3577
805	213	185	-8	0	7613	10	981	0	3573
806	172	292	17	308	548	10	0	405	229
807	228	287	21	0	7644	10	0	564	3636
808	387	394	-23	0	7489	10	836	0	975
809	374	232	-24	0	7562	10	684	0	3652
810	48	366	29	0	7455	10	0	933	3587
811	44	311	-12	1570	1810	10	212	0	770
812	447	272	-28	0	7489	10	233	0	1779
813	132	477	25	0	7432	10	0	288	3579
814	80	117	-3	0	7472	10	505	0	3531
815	11	403	-23	1312	1552	10	662	0	625
816	144	220	-32	0	7577	10	951	0	3722
817	473	491	23	0	7359	10	0	285	3497
818	210	219	7	0	7637	10	0	906	3551
819	452	484	-18	0	7378	10	543	0	592
820	365	28	9	0	7437	10	0	862	3559
821	498	456	-7	0	7365	10	128	0	3490
822	84	453	-7	4832	5072	10	788	0	807
823	91	427	-19	0	7450	10	748	0	3496
824	178	72	-23	2967	3207	10	29	0	1203
825	409	155	-29	0	7502	10	444	0	2359
826	132	151	22	0	7533	10	0	656	3642
827	136	430	14	0	7474	10	0	506	3619
828	292	104	26	0	7536	0	0	1008	3692
829	443	167	-24	0	7477	10	432	0	3550
830	321	149	-28	0	7564	10	712	0	3659
831	235	13	27	0	7450	10	0	860	3600
832	166	440	-10	711	951	10	203	0	353
833	112	433	29	0	7458	10	0	912	3609
834	452	172	9	0	7471	10	0	693	3620
835	37	281	17	0	7472	10	0	345	3585
836	414	378	23	1919	2159	10	0	808	975
837	475	352	-8	0	7440	10	123	0	3535
838	400	71	17	0	7454	10	0	217	3563
839	286	244	-13	0	7651	10	975	0	1237
840	429	389	18	1636	1876	10	0	849	824
841	92	76	4	0	7452	10	0	970	3588
842	124	111	15	0	7500	10	0	701	3575
843	268	458	24	0	7479	10	0	53	3557
844	352	63	6	4653	4893	10	0	348	2339
845	49	118	-8	0	7447	10	51	0	3522
846	398	329	-26	0	7520	10	351	0	3651
847	382	9	30	1027	1267	10	0	63	496
848	229	322	11	0	7612	10	0	287	3675
849	279	355	-18	0	7579	10	840	0	824
850	266	221	9	0	7654	10	0	243	3647
851	142	80	-24	0	7486	10	917	0	3530
852	359	287	24	0	7572	10	0	485	3424
853	482	104	-14	0	7413	10	75	0	3563
854	284	457	-17	5934	6174	10	468	0	2948
855	64	294	12	0	7496	10	0	393	3603
856	404	59	-19	0	7442	10	412	0	3570
857	68	160	21	0	7484	10	0	911	3635
858	211	411	-26	4526	4766	10	337	0	2221
859	30	155	-14	5062	5302	10	238	0	2485
860	240	34	-27	0	7471	10	831	0	3600
861	107	374	8	0	7498	10	0	895	3633
862	404	140	-9	0	7498	10	820	0	3559
863	436	467	-15	0	7402	10	897	0	3551
864	421	386	29	0	7469	10	0	163	3559
865	182	480	31	0	7448	10	0	139	3598
866	9	233	31	1165	1405	10	0	635	581
867	110	251	23	1931	2171	10	0	955	1015
868	19	38	15	0	7374	10	0	236	3521
869	46	248	9	0	7483	10	0	318	3619
870	308	199	14	0	7610	10	0	429	3656
871	423	221	-10	0	7512	10	347	0	3662
872	313	391	-6	0	7533	10	999	0	3624
873	413	345	-29	4812	5052	10	755	0	2309
874	278	450	29	0	7486	10	0	489	3636
875	94	497	31	0	7395	10	0	210	3544
876	7	382	27	3022	3262	10	0	202	1492
877	493	111	-32	2104	2344	10	708	0	1004
878	392	87	23	0	7471	10	0	990	3619
879	13	394	-12	0	7410	10	983	0	232
880	259	301	-17	0	7636	10	681	0	3684
881	351	233	-33	5631	5871	10	893	0	2737
882	313	493	20	0	7436	10	0	714	2823
883	65	62	-14	0	7424	10	461	0	3548
884	417	212	-27	0	7516	10	519	0	3658
885	450	194	-29	0	7480	10	441	0	2817
886	470	138	-23	0	7441	10	193	0	3535
887	190	267	-25	0	7625	10	510	0	3591
888	248	214	-20	5857	6097	10	190	0	2522
889	50	383	20	0	7447	10	0	607	3592
890	244	422	14	2091	2331	10	0	181	1079
891	60	29	32	0	7396	10	0	628	3546
892	5	445	30	0	7374	10	0	93	3511
893	490	276	33	0	7446	10	0	881	2737
894	441	100	-9	0	7445	10	68	0	3591
895	162	388	-8	0	7524	10	861	0	3633
896	244	277	-36	5145	5385	10	338	0	2620
897	406	408	15	0	7465	10	0	863	3551
898	265	240	9	18	258	10	0	185	119
899	130	186	16	465	705	10	0	953	284
900	382	110	24	0	7495	10	0	948	3562
901	142	14	-23	0	7428	10	117	0	3560
902	352	487	-20	0	7429	10	954	0	3572
903	307	52	-20	3622	3862	10	723	0	1808
904	418	399	20	0	7463	10	0	205	3609
905	196	56	-33	0	7486	10	339	0	906
906	66	31	-7	0	7401	10	818	0	3551
907	90	496	13	0	7394	10	0	731	3543
908	480	136	22	0	7431	10	0	342	1149
909	65	82	-11	2898	3138	10	42	0	1429
910	48	293	-11	0	7481	10	71	0	3628
911	105	181	-21	0	7527	10	857	0	3635
912	215	282	-29	0	7640	10	833	0	3609
913	257	133	19	0	7570	10	0	745	1901
914	77	465	-22	0	7412	10	916	0	3526
915	43	135	31	0	7451	10	0	619	3484
916	27	444	22	0	7392	10	0	914	3526
917	357	290	24	0	7573	10	0	851	3530
918	38	15	3	0	7371	10	0	545	2306
919	80	337	28	0	7497	10	0	278	1346
920	36	451	-8	0	7394	10	88	0	3517
921	291	251	20	0	7646	10	0	213	2515
922	195	111	-13	0	7538	10	114	0	1475
923	383	17	-24	0	7419	10	630	0	953
924	53	466	-31	0	7395	10	440	0	3512
925	114	102	21	0	7487	10	0	143	1691
926	350	199	-40	4746	4986	10	11	0	2318
927	405	349	-40	0	7504	10	439	0	3513
928	472	248	-5	0	7465	10	786	0	3486
929	333	293	27	2408	2648	10	0	158	1277
930	174	397	-36	4919	5159	10	134	0	2480
931	2	264	40	0	7439	10	0	150	3524
932	7	82	25	0	7392	10	0	336	3541
933	34	329	-29	0	7458	10	810	0	3587
934	158	179	-12	0	7571	10	22	0	3697
935	421	499	23	0	7385	10	0	226	3536
936	345	431	12	0	7483	10	0	172	584
937	370	262	15	0	7567	10	0	658	3717
938	77	172	23	0	7498	10	0	232	3575
939	87	51	35	0	7430	10	0	437	3579
940	468	352	-8	0	7447	10	988	0	3577
941	63	420	19	0	7435	10	0	771	3544
942	347	184	15	0	7570	0	0	1003	3726
943	206	174	14	3139	3379	10	0	259	1645
944	209	212	-19	6051	6291	10	462	0	1365
945	466	362	15	0	7444	0	0	1001	3600
946	201	278	13	106	346	10	0	255	144
947	206	172	29	3092	3332	10	0	961	1621
948	471	94	-24	0	7417	10	900	0	3562
949	331	134	-31	4435	4675	10	145	0	2261
950	274	261	-15	0	7661	10	214	0	3658
951	219	215	32	0	7641	10	0	816	3722
952	349	76	15	0	7487	10	0	797	3619
953	86	189	-16	0	7513	10	899	0	284
954	336	493	20	0	7430	10	0	902	3572
955	7	194	-23	0	7438	10	867	0	1015
956	492	335	10	3253	3493	10	0	472	1618
957	248	386	22	0	7551	10	0	5	3620
958	463	406	-23	0	7423	10	156	0	3569
959	199	438	3	0	7493	10	0	445	1412
960	135	30	-18	0	7439	10	480	0	3588
961	447	267	-29	0	7490	10	947	0	1621
962	235	33	-19	0	7470	10	995	0	3527
963	63	155	-29	0	7478	10	588	0	1111
964	294	421	26	6242	6482	10	0	389	3152
965	318	99	-20	0	7522	10	971	0	3593
966	21	146	21	0	7436	10	0	654	3564
967	30	7	23	4694	4934	10	0	558	2303
968	410	399	25	875	1115	10	0	691	448
969	405	187	-10	0	7520	10	298	0	3557
970	109	56	-4	0	7448	10	841	0	3588
971	212	47	20	0	7481	10	0	965	3593
972	479	387	-16	0	7421	10	162	0	3568
973	167	291	27	0	7595	10	0	126	3633
974	259	498	33	0	7439	10	0	231	3525
975	461	182	13	2456	2696	10	0	839	1237
976	277	428	7	0	7507	10	0	386	3648
977	290	328	7	515	755	10	0	85	333
978	146	313	-13	4721	4961	10	740	0	2350
979	40	304	16	4519	4759	10	0	705	2271
980	56	268	-19	0	7493	10	495	0	3642
981	104	28	8	0	7422	10	0	805	3573
982	370	493	22	0	7416	10	0	352	1363
983	136	265	12	340	580	10	0	879	232
984	247	306	33	104	344	10	0	431	143
985	241	38	16	2067	2307	10	0	622	1047
986	180	162	-29	634	874	10	775	0	374
987	253	118	19	0	7555	10	0	254	1653
988	413	391	8	0	7472	10	0	940	3577
989	380	350	15	3406	3646	10	0	189	1740
990	391	112	-23	0	7490	10	878	0	3619
991	86	199	23	0	7516	10	0	360	1699
992	91	326	4	0	7511	10	0	458	3502
993	287	256	18	37	277	10	0	385	119
994	203	211	-23	0	7626	10	326	0	2158
995	79	80	19	0	7446	10	0	962	3527
996	32	319	-22	1542	1782	10	235	0	276
997	167	445	-25	0	7476	10	575	0	3624
998	439	237	11	0	7498	10	0	597	2802
999	373	418	6	0	7479	10	0	872	3624
1000	26	342	12	0	7445	10	0	667	3594
1001	466	362	-15	0	7444	10	945	0	3600
1002	117	110	-13	0	7494	10	595	0	3650
1003	347	184	-15	0	7570	10	942	0	3726
1004	478	300	-12	0	7454	10	715	0	3610
1005	187	73	-18	0	7500	10	672	0	3656
1006	409	255	-23	0	7528	10	410	0	3684
1007	207	487	-4	0	7447	10	657	0	3603
1008	292	104	-26	0	7536	10	828	0	3692

