250	1000	1
0	250	250	0	0	7697	0	0	0
1	228	399	14	2152	2659	10	0	747	1699
2	325	56	13	3028	3463	10	0	948	2441
3	290	145	-24	4953	5419	10	781	0	2276
4	340	291	-13	1697	2187	10	61	0	690
5	370	382	-21	3388	3802	10	364	0	367
6	273	255	-27	5782	6275	10	693	0	1362
7	36	301	21	652	1108	10	0	938	666
8	117	178	-21	4282	4776	10	225	0	2437
9	295	283	-17	3373	3894	10	33	0	726
10	57	43	-15	3926	4381	10	883	0	2954
11	436	123	40	665	1136	10	0	702	683
12	48	162	15	690	1168	10	0	789	710
13	222	499	-45	3163	3720	10	175	0	1650
14	376	92	-24	3794	4251	10	990	0	3014
15	437	90	-9	2115	2684	10	68	0	1817
16	3	23	11	1432	1819	10	0	147	1112
17	94	40	24	4124	4541	10	0	463	3209
18	398	476	-23	1470	1994	10	817	0	1184
19	307	249	-3	5329	5803	10	730	0	3662
20	179	286	8	1144	1705	10	0	476	1090
21	0	356	13	4168	4642	10	0	426	3277
22	143	158	12	387	833	10	0	644	518
23	413	476	-19	4578	4975	10	517	0	823
24	371	488	-22	2138	2643	10	982	0	1731
25	415	118	19	650	1202	10	0	253	743
26	440	77	14	3453	3971	10	0	724	2785
27	261	201	15	5895	6337	0	0	1003	4715
28	490	286	29	1912	2385	10	0	353	1606
29	309	161	23	2160	2627	10	0	520	1890
30	39	162	-11	2052	2589	10	62	0	1546
31	361	178	-12	3733	4167	10	309	0	1436
32	261	138	1	2279	2788	10	0	922	2006
33	447	383	17	696	1206	10	0	9	726
34	346	354	8	3075	3584	10	0	664	2581
35	461	195	-23	5408	5873	10	720	0	3088
36	187	263	35	70	445	10	0	610	285
37	130	247	17	264	697	10	0	754	432
38	328	491	21	2544	3002	10	0	322	2061
39	161	276	8	375	813	10	0	910	540
40	365	74	-9	3230	3677	10	574	0	2487
41	168	109	10	589	1166	10	0	473	752
42	111	192	11	4624	5091	10	0	414	3705
43	87	213	-12	2338	2787	10	983	0	429
44	45	166	22	3837	4389	10	0	859	3125
45	62	94	16	3641	4084	10	0	918	2879
46	348	476	19	4583	5110	10	0	854	3647
47	64	437	-2	3540	3925	10	307	0	2161
48	56	75	-15	5580	6041	10	696	0	2338
49	24	259	-18	1294	1786	10	345	0	958
50	295	247	-31	5070	5478	10	541	0	3054
51	6	53	8	2183	2633	10	0	407	1739
52	15	11	-31	3649	4084	10	915	0	723
53	179	497	-10	5493	5916	10	203	0	401
54	67	352	-15	1310	1795	10	879	0	1079
55	317	45	-11	2484	2902	10	502	0	1453
56	40	278	10	4260	4695	10	0	667	3362
57	33	278	-26	5812	6205	10	209	0	1460
58	322	290	-18	5735	6216	10	229	0	4407
59	159	226	16	164	589	10	0	953	371
60	208	445	22	5169	5610	10	0	907	4057
61	453	360	13	696	1152	10	0	4	690
62	34	169	11	1703	2293	10	0	30	1546
63	436	25	-5	4963	5415	10	500	0	845
64	393	98	13	2801	3339	10	0	695	2347
65	466	96	-9	5385	5800	10	871	0	845
66	366	390	23	5102	5563	10	0	390	3758
67	303	78	12	488	951	10	0	432	578
68	374	116	9	2124	2694	10	0	15	1817
69	424	288	13	4049	4530	10	0	577	3263
70	191	84	13	3278	3778	10	0	605	2630
71	59	276	-32	3378	3881	10	180	0	1502
72	215	293	13	55	517	10	0	90	346
73	343	276	15	96	690	10	0	513	445
74	488	173	-7	4623	5178	10	403	0	2380
75	452	110	14	1187	1656	10	0	659	1057
76	153	244	5	277	705	10	0	257	455
77	176	200	-22	2005	2656	10	385	0	1703
78	498	171	12	4856	5316	10	0	568	3791
79	492	188	33	2660	3183	10	0	102	2199
80	177	156	25	478	979	10	0	289	644
81	398	49	21	2953	3501	10	0	636	2438
82	497	296	14	2294	2726	10	0	242	1856
83	276	84	-23	2540	3030	10	193	0	475
84	128	113	22	1261	1761	10	0	591	1183
85	422	498	-10	2546	3110	10	276	0	695
86	460	424	-27	5618	6139	10	821	0	4163
87	246	314	-23	5596	6086	10	115	0	3148
88	0	422	-6	3106	3583	10	231	0	1174
89	166	247	1	139	533	10	0	765	336
90	311	422	-13	3774	4249	10	72	0	346
91	392	95	16	2866	3384	10	0	223	2380
92	460	117	-13	1928	2351	10	429	0	1214
93	28	467	-29	5161	5699	10	833	0	794
94	375	145	-14	3489	4066	10	528	0	2434
95	240	255	-11	6294	6713	10	689	0	4677
96	440	436	-21	3405	3850	10	197	0	785
97	454	201	16	5063	5497	10	0	652	3965
98	407	35	11	4968	5459	10	0	838	3894
99	420	383	-8	3750	4226	10	123	0	2481
100	264	180	-32	6521	7044	10	165	0	4382
101	440	294	-15	3660	4142	10	680	0	2428
102	500	228	-33	2948	3427	10	79	0	2199
103	144	331	-14	3539	4031	10	827	0	2168
104	98	2	-2	2175	2678	10	777	0	864
105	461	186	-24	5874	6344	10	356	0	3134
106	68	450	18	2355	2826	10	0	762	1916
107	153	192	-24	3205	3840	10	457	0	1239
108	34	239	16	721	1150	10	0	236	700
109	465	367	-17	3893	4441	10	121	0	2796
110	208	488	22	1700	2240	10	0	135	1498
111	93	413	-19	650	1160	10	405	0	686
112	371	332	14	1906	2450	10	0	937	1727
113	231	167	15	97	584	10	0	339	374
114	179	75	-27	2798	3241	10	831	0	1152
115	196	489	23	3918	4443	10	0	87	3148
116	280	245	21	30	420	10	0	856	292
117	108	37	23	2020	2495	10	0	746	1679
118	1	101	8	4885	5293	10	0	240	3752
119	420	80	-10	4205	4689	10	298	0	2212
120	38	190	-26	978	1421	10	802	0	375
121	470	405	17	3528	3998	10	0	109	2796
122	448	397	-29	3296	3748	10	755	0	2120
123	471	427	8	3059	3592	10	0	99	2481
124	146	376	8	782	1213	10	0	530	787
125	12	358	-25	4692	5222	10	292	0	3107
126	175	422	-33	5612	6079	10	984	0	293
127	297	131	25	4494	4949	10	0	743	3615
128	457	492	7	1933	2251	10	0	958	1449
129	69	423	-22	3006	3534	10	957	0	1214
130	97	288	-3	4940	5453	10	607	0	3163
131	172	314	9	2036	2447	10	0	780	1759
132	170	347	15	1526	2081	10	0	210	1466
133	103	123	8	1783	2255	10	0	869	1545
134	154	374	-10	3520	4095	10	445	0	2204
135	318	497	-22	3245	3706	10	110	0	1498
136	330	147	28	3250	3658	10	0	234	2645
137	241	180	-23	6611	7066	10	273	0	5221
138	174	67	-18	4935	5262	10	361	0	3463
139	235	288	18	40	437	10	0	766	297
140	94	192	-15	4112	4650	10	397	0	562
141	232	101	24	1237	1652	10	0	179	1126
142	28	180	34	1329	1876	10	0	174	1232
143	64	135	-12	3224	3841	10	387	0	845
144	174	376	-11	5536	5939	10	895	0	3496
145	293	174	-9	165	534	10	850	0	327
146	218	12	-14	1961	2511	10	793	0	659
147	110	122	-11	5900	6290	10	16	0	1112
148	459	53	-20	4296	4801	10	357	0	1417
149	173	474	-33	4921	5479	10	974	0	3262
150	135	400	20	962	1546	10	0	757	1017
151	497	266	-2	2832	3268	10	770	0	1721
152	380	194	3	2684	3145	10	0	926	2252
153	495	227	20	1212	1660	10	0	441	1060
154	268	351	-26	6516	7004	10	964	0	4814
155	213	399	-34	725	1267	10	250	0	410
156	448	414	23	4731	5170	10	0	935	3684
157	327	139	13	4858	5320	10	0	324	3888
158	151	81	-32	6039	6544	10	951	0	314
159	425	448	9	2992	3484	10	0	819	2414
160	92	259	-35	1449	1866	10	368	0	469
161	59	388	-18	2428	2995	10	815	0	1029
162	468	360	16	919	1394	10	0	707	862
163	332	459	-16	1306	1764	10	346	0	882
164	469	489	-26	2096	2468	10	481	0	565
165	248	176	32	5414	5918	10	0	100	4382
166	174	41	-23	4993	5555	10	867	0	1651
167	343	205	26	2847	3412	10	0	969	2481
168	154	392	9	445	926	10	0	771	565
169	92	18	-2	4307	4806	10	579	0	2514
170	250	328	-14	837	1272	10	583	0	375
171	88	484	-15	5794	6251	10	474	0	4073
172	360	488	19	1084	1560	10	0	221	973
173	156	65	22	3979	4439	10	0	326	3173
174	18	225	-34	2612	3039	10	142	0	1232
175	152	476	45	1854	2447	10	0	13	1650
176	176	470	-9	1976	2518	10	562	0	1692
177	195	450	16	5766	6242	10	0	801	4525
178	466	149	-2	4575	5033	10	642	0	3449
179	221	269	-24	4883	5361	10	141	0	1126
180	105	137	32	1551	2187	10	0	71	1502
181	284	319	17	3165	3489	10	0	189	2559
182	41	120	-20	2615	3073	10	640	0	641
183	263	418	25	999	1348	10	0	301	884
184	218	271	-18	6117	6593	10	672	0	976
185	365	119	30	1342	1832	10	0	443	1243
186	89	322	21	3889	4396	10	0	338	3164
187	180	283	-10	2765	3305	10	752	0	1775
188	385	17	-36	3089	3501	10	488	0	1353
189	401	314	-17	3711	4221	10	181	0	2559
190	245	176	20	4737	5261	10	0	896	3890
191	251	238	27	12	486	10	0	828	355
192	139	438	-18	706	1125	10	678	0	549
193	236	126	23	239	759	10	0	83	475
194	61	441	-26	1971	2498	10	616	0	941
195	405	454	-23	5099	5445	10	483	0	2818
196	111	392	18	4467	5005	10	0	566	3604
197	373	421	21	761	1258	10	0	96	785
198	247	443	17	1121	1642	10	0	282	1086
199	322	406	17	3194	3560	10	0	260	2541
200	412	478	-12	3680	4118	10	389	0	1804
201	374	346	-8	1474	2015	10	988	0	751
202	122	422	-16	5614	6160	10	249	0	1876
203	261	359	10	231	645	10	0	53	401
204	173	182	25	170	652	10	0	492	411
205	398	341	33	3584	4050	10	0	207	2907
206	413	127	28	3136	3630	10	0	952	2569
207	325	311	-33	5147	5552	10	205	0	2907
208	80	357	-26	1914	2450	10	337	0	640
209	67	378	26	1713	2171	10	0	57	1460
210	216	341	-15	2473	2879	10	132	0	1466
211	498	457	-23	3497	3928	10	592	0	1700
212	44	344	-22	4131	4625	10	327	0	1002
213	352	481	15	4983	5415	10	0	355	3769
214	237	420	-13	5142	5652	10	567	0	2262
215	389	43	-19	1398	1887	10	803	0	383
216	292	136	28	2926	3438	10	0	422	2487
217	426	38	-24	2236	2753	10	630	0	1508
218	245	461	8	2394	2920	10	0	468	2031
219	415	253	-12	1280	1773	10	550	0	639
220	298	264	36	50	490	10	0	846	330
221	307	412	-19	1435	1914	10	172	0	973
222	53	204	8	3964	4595	10	0	400	3294
223	480	152	-16	3902	4390	10	91	0	2380
224	262	97	17	3651	4046	10	0	617	2919
225	83	169	21	2898	3435	10	0	8	2437
226	377	432	20	3160	3611	10	0	681	2541
227	390	249	-33	2161	2613	10	893	0	755
228	132	479	11	834	1227	10	0	549	727
229	359	246	18	5517	5986	10	0	58	4407
230	314	205	-14	5894	6440	10	870	0	4718
231	124	448	6	1267	1801	10	0	88	1174
232	0	188	-40	3537	4040	10	931	0	2029
233	343	166	28	3282	3845	10	0	534	2789
234	482	141	-28	3907	4299	10	136	0	2645
235	162	306	22	356	717	10	0	811	459
236	24	71	-16	1203	1685	10	108	0	700
237	188	119	44	3762	4157	10	0	487	3009
238	100	85	14	1276	1652	10	0	582	1071
239	103	177	-22	2292	2840	10	395	0	731
240	26	67	-8	5078	5576	10	118	0	3752
241	164	332	-20	4960	5397	10	572	0	3426
242	385	285	-14	3263	3801	10	82	0	1856
243	209	68	-17	6100	6565	10	507	0	4395
244	149	341	6	1451	1901	10	0	516	1323
245	415	95	-16	4488	5046	10	637	0	3423
246	167	488	-13	854	1266	10	703	0	537
247	413	493	-20	4693	5172	10	791	0	2388
248	439	222	22	3765	4192	10	0	779	3000
249	150	484	16	2365	2756	10	0	202	1876
250	299	353	34	251	661	10	0	155	410
251	273	300	30	55	479	10	0	872	317
252	402	277	-19	5595	6033	10	961	0	3026
253	239	15	-19	2233	2718	10	25	0	743
254	363	225	35	3249	3718	10	0	745	2701
255	65	343	38	608	1171	10	0	979	722
256	351	60	15	582	1220	10	0	985	753
257	60	246	-5	454	1066	10	76	0	455
258	144	35	26	750	1167	10	0	427	695
259	463	253	23	4006	4491	10	0	945	3208
260	332	382	-17	3942	4262	10	199	0	2541
261	408	318	15	2342	2922	10	0	388	1748
262	452	206	31	1774	2283	10	0	715	1557
263	471	368	19	1556	1989	10	0	927	1303
264	93	490	2	1350	1803	10	0	799	1137
265	241	402	11	3930	4389	10	0	997	3177
266	60	231	-5	3944	4383	10	466	0	1821
267	172	66	-13	4990	5552	10	300	0	3654
268	404	207	-29	3452	3952	10	864	0	2560
269	286	356	30	211	685	10	0	575	429
270	489	338	-13	5372	5926	10	451	0	638
271	334	481	32	1131	1633	10	0	615	1040
272	26	442	-7	5253	5619	10	788	0	1303
273	226	175	23	6612	7057	10	0	137	5221
274	488	3	-37	1395	1929	10	308	0	793
275	178	150	33	2329	2844	10	0	499	2040
276	371	423	10	550	1138	10	0	85	695
277	5	224	-19	4022	4535	10	698	0	2173
278	94	344	26	2548	3030	10	0	764	2135
279	153	235	10	144	641	10	0	697	407
280	12	367	27	1161	1564	10	0	561	974
281	217	357	-8	5488	5991	10	303	0	3783
282	255	487	-17	1377	1926	10	198	0	1086
283	149	214	7	1785	2191	10	0	608	1562
284	169	305	21	479	935	10	0	889	627
285	487	446	-12	5194	5648	10	554	0	1027
286	267	374	23	2274	2652	10	0	713	1895
287	360	294	-18	5511	5950	10	311	0	3738
288	185	431	15	1389	1827	10	0	544	1226
289	325	210	-25	3542	4045	10	80	0	644
290	175	352	-14	6500	6941	10	618	0	3360
291	76	462	-13	3652	4116	10	484	0	1334
292	19	273	25	3877	4376	10	0	125	3107
293	72	227	-20	2114	2516	10	469	0	464
294	213	283	14	5692	6196	10	0	912	4509
295	130	140	-28	563	1109	10	782	0	450
296	274	442	17	4079	4572	10	0	959	3283
297	337	41	-27	3816	4322	10	367	0	2229
298	372	39	10	2714	3194	10	0	119	2212
299	269	112	-16	4812	5409	10	899	0	510
300	224	56	13	4542	5069	10	0	267	3654
301	340	416	-25	1095	1594	10	183	0	884
302	13	214	21	5242	5707	10	0	394	3961
303	230	320	8	4538	5118	10	0	281	3783
304	6	196	-21	4641	5104	10	666	0	1300
305	87	3	13	5572	6012	10	0	995	4061
306	133	202	-4	1634	2170	10	709	0	1099
307	235	316	2	2417	2950	10	0	47	2161
308	435	180	37	660	1256	10	0	274	793
309	173	65	12	1592	2116	10	0	31	1436
310	245	42	-21	2067	2432	10	769	0	917
311	384	149	18	4544	5153	10	0	287	3738
312	51	286	14	5653	6138	10	0	625	4451
313	267	290	15	43	482	10	0	555	328
314	453	318	30	1307	1802	10	0	904	1190
315	189	402	10	1967	2441	10	0	359	1707
316	210	276	5	47	405	10	0	1000	267
317	120	261	5	3038	3429	10	0	329	2473
318	35	263	-23	878	1404	10	991	0	855
319	429	59	9	1681	2109	10	0	651	1385
320	330	308	24	4508	4976	10	0	733	3655
321	58	391	-21	3313	3866	10	996	0	1219
322	260	472	-21	3981	4427	10	38	0	2061
323	217	333	26	1459	1950	10	0	501	1395
324	335	46	-13	5203	5651	10	157	0	3888
325	198	85	28	906	1315	10	0	987	856
326	138	28	-22	4208	4684	10	173	0	3173
327	29	336	22	1199	1574	10	0	212	1002
328	200	27	22	1935	2383	10	0	521	1615
329	157	269	-5	6139	6591	10	317	0	2473
330	177	404	17	4873	5345	10	0	930	3827
331	202	28	22	3523	4071	10	0	348	2882
332	366	334	5	1453	1949	10	0	529	1354
333	149	458	13	4488	4943	10	0	372	3533
334	481	454	14	1077	1607	10	0	863	974
335	377	385	-13	3309	3740	10	700	0	2527
336	217	207	-29	5382	5797	10	775	0	3802
337	96	346	26	566	1036	10	0	208	640
338	224	320	-21	4951	5439	10	186	0	3164
339	206	97	-15	1567	2137	10	113	0	374
340	438	127	-31	3617	4031	10	894	0	2664
341	494	468	31	1270	1669	10	0	551	1006
342	494	165	19	2277	2678	10	0	486	1814
343	5	281	-21	5384	5709	10	790	0	2620
344	441	60	-15	5629	6161	10	923	0	2834
345	14	232	18	1046	1515	10	0	49	958
346	288	439	16	937	1370	10	0	163	882
347	420	224	10	1509	2042	10	0	614	1402
348	267	162	-22	5682	6031	10	331	0	2882
349	195	273	22	59	470	10	0	660	307
350	233	230	20	26	513	10	0	609	365
351	382	360	-36	562	982	10	436	0	399
352	406	460	2	2662	3211	10	0	380	2212
353	499	316	-29	2255	2840	10	28	0	1606
354	246	407	12	1077	1536	10	0	954	1034
355	283	454	-15	4878	5363	10	213	0	3769
356	426	231	24	3992	4356	10	0	105	3134
357	432	2	20	1656	2197	10	0	148	1417
358	404	439	3	745	1286	10	0	543	781
359	397	477	-10	4693	5153	10	315	0	1707
360	44	140	11	3242	3825	10	0	470	2693
361	330	138	18	4241	4756	10	0	138	3463
362	39	153	26	3022	3480	10	0	814	2435
363	397	153	29	3379	3800	10	0	622	2717
364	226	316	21	70	560	10	0	5	367
365	354	156	-10	3152	3627	10	598	0	1136
366	201	66	-27	4480	4974	10	756	0	2919
367	389	156	27	2704	3141	10	0	297	2229
368	134	211	35	335	748	10	0	160	469
369	386	154	-14	4221	4706	10	753	0	3160
370	335	99	-24	4699	5168	10	515	0	3523
371	356	256	19	214	635	10	0	834	396
372	240	362	-13	5513	5917	10	333	0	3533
373	412	100	1	1944	2283	10	0	478	1546
374	394	322	-15	3878	4441	10	989	0	2718
375	48	150	15	2427	2934	10	0	498	2031
376	225	121	-14	2734	3254	10	437	0	1864
377	102	422	23	729	1201	10	0	731	730
378	339	41	6	1623	2142	10	0	526	1436
379	440	201	29	3386	3874	10	0	537	2758
380	411	379	-2	4573	5093	10	352	0	2212
381	219	210	14	50	591	10	0	601	405
382	250	441	-31	2856	3310	10	865	0	1153
383	210	29	-30	4023	4503	10	795	0	1987
384	178	302	19	3417	3796	10	0	593	2780
385	148	208	22	1951	2381	10	0	77	1703
386	225	369	38	185	788	10	0	732	499
387	16	287	12	922	1364	10	0	143	845
388	450	416	-15	2115	2620	10	261	0	1748
389	287	397	12	2077	2558	10	0	200	1804
390	285	247	-23	4952	5367	10	66	0	3758
391	351	481	10	1083	1612	10	0	874	1019
392	243	408	15	5530	6060	10	0	539	4426
393	137	377	-12	412	948	10	832	0	495
394	33	152	-21	5083	5597	10	302	0	3961
395	68	303	22	726	1165	10	0	239	731
396	456	113	-24	4691	5246	10	684	0	2781
397	134	276	15	316	869	10	0	140	562
398	26	221	-18	3787	4304	10	629	0	2154
399	79	257	26	3613	4132	10	0	767	2970
400	181	185	-8	6231	6799	10	222	0	3294
401	104	349	-25	3857	4336	10	510	0	2447
402	267	174	-5	6296	6770	10	602	0	902
403	475	267	7	2958	3399	10	0	74	2380
404	385	239	21	2915	3489	10	0	511	2515
405	95	382	19	715	1254	10	0	111	686
406	67	190	-14	4494	5012	10	504	0	3163
407	32	94	-8	3519	4043	10	51	0	1739
408	401	164	13	2334	2756	10	0	475	1936
409	376	113	-30	1895	2339	10	632	0	1529
410	409	255	-11	5871	6428	10	998	0	2911
411	228	260	-19	6253	6712	10	495	0	3595
412	363	34	-26	938	1361	10	571	0	727
413	274	441	12	2593	3083	10	0	585	2167
414	146	188	-11	4814	5186	10	42	0	3705
415	212	186	-20	6721	7172	10	647	0	3090
416	432	66	-19	4113	4577	10	853	0	2441
417	83	300	26	1832	2285	10	0	857	1583
418	51	89	19	4652	5133	10	0	891	3657
419	379	486	-25	2578	2916	10	578	0	1473
420	440	284	-12	3170	3763	10	479	0	2271
421	175	239	23	82	524	10	0	556	336
422	282	1	-28	4003	4457	10	216	0	2487
423	268	113	21	2580	2977	10	0	679	2129
424	480	131	5	2517	3104	10	0	975	1903
425	429	67	-11	2748	3229	10	450	0	1437
426	162	301	-13	6255	6770	10	21	0	3277
427	281	96	-26	4296	4831	10	258	0	695
428	495	199	25	1231	1583	10	0	829	999
429	372	115	13	1229	1801	10	0	92	1214
430	396	83	-22	6210	6602	10	908	0	756
431	239	486	3	5694	6282	10	0	848	4534
432	288	70	-12	521	1032	10	67	0	578
433	66	163	6	1429	1855	10	0	804	1238
434	470	417	11	2762	3253	10	0	722	2232
435	226	423	-25	608	1088	10	880	0	510
436	342	319	36	274	647	10	0	351	399
437	174	122	14	2231	2635	10	0	376	1864
438	49	353	-2	5554	6135	10	933	0	3168
439	448	495	40	1356	1833	10	0	808	1138
440	13	465	-9	2931	3377	10	924	0	1030
441	489	159	-20	5528	6013	10	153	0	1060
442	311	203	-26	2666	3235	10	877	0	1644
443	480	119	-30	2342	2806	10	185	0	1243
444	442	153	-11	4574	5055	10	928	0	2560
445	148	462	10	2759	3175	10	0	134	2204
446	233	87	18	852	1289	10	0	718	843
447	323	34	13	5098	5540	10	0	597	3983
448	84	377	-11	3535	3996	10	627	0	2498
449	292	32	14	755	1199	10	0	619	732
450	418	75	11	1545	2159	10	0	425	1437
451	451	305	13	607	1060	10	0	270	638
452	225	269	30	4912	5374	10	0	557	4006
453	272	420	-9	5361	5846	10	548	0	478
454	318	280	21	104	491	10	0	594	312
455	250	57	26	2824	3281	10	0	525	2316
456	77	372	-17	670	1024	10	806	0	432
457	385	58	24	1471	1888	10	0	107	1239
458	44	496	-11	1434	1901	10	914	0	792
459	460	328	-4	701	1172	10	493	0	389
460	67	24	-4	3945	4323	10	706	0	2339
461	91	27	-23	4508	5066	10	967	0	3498
462	360	284	19	2479	2973	10	0	929	1926
463	82	183	-24	4138	4796	10	17	0	3209
464	153	362	-14	4452	4958	10	596	0	3520
465	52	412	-21	5478	5889	10	728	0	3857
466	32	191	5	2154	2655	10	0	266	1821
467	325	147	-15	4576	5038	10	690	0	3628
468	328	458	-8	2856	3406	10	218	0	2031
469	133	273	20	215	739	10	0	293	464
470	147	30	-11	4220	4770	10	360	0	2693
471	131	246	-29	3110	3667	10	947	0	2517
472	433	319	11	5359	5771	0	0	1002	4181
473	168	59	-10	1273	1775	10	41	0	752
474	218	403	15	5086	5588	10	0	171	4073
475	295	89	-13	2786	3269	10	408	0	1936
476	118	314	-8	1209	1611	10	20	0	1090
477	251	63	-14	3744	4276	10	668	0	1011
478	388	44	-1	4374	4793	10	373	0	1546
479	381	328	12	2677	3181	10	0	420	2271
480	132	32	18	2931	3464	10	0	913	2412
481	334	403	26	468	929	10	0	164	565
482	83	290	14	2248	2733	10	0	524	1920
483	411	396	23	3505	3976	10	0	195	2818
484	243	402	13	1430	1931	10	0	291	1334
485	52	18	-16	3264	3711	10	654	0	685
486	265	0	-19	3410	3879	10	342	0	1814
487	268	288	-44	4880	5376	10	237	0	3009
488	476	61	36	1610	2099	10	0	188	1353
489	283	438	3	756	1215	10	0	843	768
490	191	215	17	69	480	10	0	955	308
491	253	50	27	739	1187	10	0	943	740
492	71	282	-25	2378	2875	10	204	0	411
493	297	304	4	71	591	10	0	459	389
494	244	368	25	1517	1916	10	0	992	1348
495	80	279	19	4416	4966	10	0	411	3595
496	488	96	22	4112	4537	10	0	580	3190
497	142	30	-12	4826	5261	10	851	0	1538
498	68	240	-15	3017	3459	10	375	0	2031
499	193	138	-33	2439	2968	10	275	0	2040
500	451	62	5	975	1403	10	0	63	845
501	138	406	-26	4720	5127	10	323	0	1395
502	306	42	11	1780	2153	10	0	55	1453
503	247	219	17	31	469	10	0	648	328
504	98	29	14	4007	4486	10	0	406	3163
505	102	6	-15	5676	6111	10	868	0	2541
506	142	360	-25	5956	6420	10	646	0	1702
507	172	24	17	5638	6100	10	0	243	4395
508	352	241	5	2999	3459	10	0	884	2517
509	486	324	15	2911	3365	10	0	751	2338
510	133	455	25	3085	3499	10	0	401	2447
511	440	292	-21	3592	4049	10	404	0	2515
512	364	173	30	521	1040	10	0	671	676
513	442	289	-15	611	1037	10	73	0	445
514	48	412	-24	3933	4444	10	687	0	2381
515	344	70	24	4385	4901	10	0	370	3523
516	78	406	-6	3682	4122	10	244	0	1323
517	329	456	19	794	1318	10	0	23	823
518	157	38	-7	4024	4478	10	649	0	587
519	374	260	-18	6964	7355	10	773	0	2794
520	297	283	-23	5220	5696	10	29	0	1890
521	210	113	-22	2551	3091	10	328	0	1615
522	215	434	-9	594	1067	10	849	0	609
523	262	92	-5	2359	2804	10	786	0	779
524	140	108	-14	4120	4570	10	482	0	1920
525	235	108	-26	4155	4602	10	455	0	2316
526	210	133	-6	2607	3021	10	378	0	1436
527	25	53	23	3829	4452	10	0	774	3114
528	339	113	14	2795	3410	10	0	94	2434
529	394	310	-5	4217	4691	10	332	0	1354
530	126	391	-8	889	1412	10	124	0	787
531	343	34	-12	2731	3187	10	631	0	1490
532	354	416	-7	2565	2990	10	976	0	1480
533	202	391	30	2309	2800	10	0	560	1988
534	367	97	-28	3786	4237	10	233	0	2789
535	188	151	7	4997	5497	10	0	710	4035
536	111	178	-8	358	894	10	547	0	358
537	456	157	-29	5617	6143	10	379	0	2758
538	441	7	20	1364	1888	10	0	620	1184
539	270	337	-15	6954	7428	10	392	0	4426
540	323	29	-7	4347	4873	10	586	0	2018
541	200	78	31	3810	4252	10	0	50	3054
542	330	281	-9	5117	5647	10	677	0	561
543	438	488	-3	1114	1624	10	358	0	781
544	161	416	-15	3853	4357	10	288	0	1226
545	30	97	-24	4658	5144	10	674	0	799
546	273	70	36	2304	2771	10	0	971	1942
547	214	245	8	36	515	10	0	536	358
548	221	291	9	50	688	10	0	453	478
549	79	467	-11	1231	1701	10	228	0	727
550	423	315	12	523	1038	10	0	219	639
551	395	474	-31	1341	1875	10	341	0	1006
552	481	207	-10	3142	3827	10	956	0	2563
553	199	203	20	5616	6163	10	0	944	4570
554	497	483	12	1238	1710	10	0	285	1027
555	449	428	-15	4843	5251	10	313	0	328
556	100	266	-23	1695	2182	10	421	0	336
557	214	274	-30	5335	5737	10	452	0	4006
558	16	68	11	940	1432	10	0	932	851
559	475	198	-20	3113	3689	10	921	0	320
560	371	427	-30	3661	4124	10	533	0	1988
561	62	375	-27	1185	1724	10	280	0	974
562	163	472	9	2415	2933	10	0	176	1692
563	13	314	14	838	1233	10	0	611	740
564	376	385	12	499	978	10	0	772	595
565	231	29	-24	4762	5169	10	763	0	3078
566	89	358	-18	4794	5304	10	196	0	3604
567	331	356	13	2664	3150	10	0	214	2262
568	365	190	-12	5694	6245	10	78	0	3791
569	256	441	34	542	987	10	0	657	596
570	120	37	28	2899	3424	10	0	949	2380
571	349	43	26	637	1199	10	0	412	727
572	230	487	20	4351	4806	10	0	241	3426
573	489	457	13	1091	1559	10	0	641	932
574	341	72	9	3042	3517	10	0	40	2487
575	181	441	-30	1901	2553	10	269	0	429
576	306	229	10	5108	5575	10	0	716	3896
577	492	326	-13	4684	5069	10	69	0	3263
578	347	459	25	1760	2195	10	0	419	1473
579	66	88	2	3159	3598	10	0	169	2514
580	272	234	-22	6200	6643	10	496	0	3190
581	134	194	-19	6417	6916	10	911	0	4696
582	320	211	-14	3781	4279	10	238	0	1071
583	214	311	14	70	572	10	0	170	375
584	489	274	-24	1923	2467	10	917	0	411
585	231	410	-12	4742	5269	10	413	0	2167
586	432	199	7	2347	2881	10	0	540	2018
587	29	358	23	2241	2764	10	0	699	1888
588	62	236	-17	2020	2564	10	835	0	1545
589	333	163	-21	4774	5267	10	797	0	2603
590	364	71	-12	5190	5718	10	738	0	1406
591	125	65	-22	2989	3438	10	84	0	1183
592	429	476	23	2151	2556	10	0	211	1700
593	161	275	-19	5228	5666	10	384	0	2780
594	365	274	-21	193	747	10	454	0	312
595	117	110	13	3762	4189	0	0	1004	2996
596	166	345	14	4338	4821	10	0	464	3520
597	345	146	-13	5598	6033	10	447	0	3983
598	324	99	10	1139	1684	10	0	365	1136
599	72	477	-25	965	1343	10	813	0	762
600	487	320	21	3288	3694	10	0	669	2469
601	120	17	-14	947	1406	10	381	0	405
602	1	252	5	869	1453	10	0	402	902
603	303	186	-18	5177	5776	10	830	0	4201
604	428	302	27	3857	4391	10	0	682	3154
605	264	135	-13	3373	3782	10	70	0	2630
606	223	178	-17	4391	4820	10	670	0	3475
607	174	347	3	3896	4341	10	0	130	3163
608	238	123	-7	2966	3403	10	283	0	1562
609	187	61	-20	2028	2451	10	350	0	365
610	52	303	-35	1567	2083	10	36	0	285
611	89	185	-14	2200	2718	10	563	0	740
612	341	59	27	3010	3429	10	0	844	2413
613	89	65	-32	2690	3193	10	737	0	1869
614	495	355	-10	4743	5322	10	347	0	1402
615	368	452	-32	2448	3032	10	271	0	1040
616	164	473	26	994	1495	10	0	194	941
617	171	34	-17	4395	4870	10	224	0	2919
618	114	460	14	4076	4731	10	0	290	3360
619	224	3	-14	2627	3017	10	449	0	732
620	472	57	-20	4984	5495	10	538	0	1184
621	448	404	-16	2200	2711	10	694	0	1572
622	390	120	-29	3822	4332	10	363	0	2717
623	386	225	-12	3484	3985	10	812	0	1259
624	301	239	31	52	582	10	0	798	397
625	115	296	-14	5930	6421	10	312	0	4451
626	69	266	12	2828	3359	10	0	721	2382
627	115	395	11	3111	3530	10	0	448	2498
628	68	53	16	2830	3200	10	0	796	2198
629	33	268	18	2595	3091	10	0	398	2154
630	450	45	24	1850	2298	10	0	217	1508
631	351	5	12	1836	2252	10	0	531	1490
632	351	148	30	1626	2183	10	0	409	1529
633	80	458	30	1367	1717	10	0	665	1086
634	60	5	18	3992	4477	10	0	906	3087
635	10	407	36	1517	2079	10	0	810	1344
636	497	18	-21	4331	4830	10	81	0	2438
637	437	98	16	4224	4806	10	0	245	3423
638	130	494	6	2810	3381	10	0	861	2331
639	391	202	-25	385	806	10	704	0	297
640	43	210	20	620	1066	10	0	182	641
641	381	457	-13	1736	2149	10	573	0	932
642	449	190	2	4432	4807	10	0	178	3449
643	429	169	8	3390	3952	10	0	749	2816
644	105	140	-12	490	966	10	22	0	518
645	282	10	-11	4885	5328	10	650	0	3792
646	20	480	25	2087	2595	10	0	506	1702
647	61	170	20	3840	4326	10	0	415	3090
648	210	81	-17	1427	1885	10	503	0	328
649	87	311	7	435	958	10	0	518	587
650	309	29	11	4968	5504	10	0	645	3792
651	397	57	-9	5689	6238	10	319	0	1385
652	337	232	-16	6052	6632	10	97	0	3965
653	262	369	15	364	790	10	0	758	502
654	41	232	16	639	1124	10	0	485	685
655	69	414	-30	4903	5324	10	892	0	906
656	149	98	4	4514	4927	10	0	860	3558
657	207	487	-34	2570	3064	10	569	0	596
658	366	260	-24	5872	6409	10	900	0	3424
659	497	54	-14	3712	4233	10	75	0	1057
660	210	379	-22	2734	3056	10	349	0	307
661	437	19	-11	3917	4314	10	800	0	1777
662	181	260	23	69	570	10	0	842	375
663	125	61	26	2298	2717	10	0	901	1867
664	368	311	-8	3494	4034	10	34	0	2581
665	80	400	-30	5625	6066	10	633	0	1086
666	75	118	21	1439	1953	10	0	304	1300
667	171	303	-10	6171	6663	10	56	0	3362
668	80	251	14	1029	1519	10	0	477	1011
669	455	168	-21	3350	3705	10	600	0	2469
670	215	129	17	4252	4816	10	0	606	3475
671	179	318	-30	4276	4809	10	512	0	676
672	187	73	18	967	1490	10	0	184	976
673	394	47	-9	1089	1535	10	898	0	376
674	31	175	24	795	1298	10	0	545	799
675	339	144	-21	4247	4665	10	925	0	1581
676	492	34	-21	3026	3579	10	742	0	2416
677	387	349	9	434	918	10	0	542	561
678	142	372	18	408	896	10	0	192	549
679	291	213	-21	4815	5366	10	423	0	2129
680	421	387	15	3072	3457	10	0	101	2428
681	274	403	-20	3356	3863	10	226	0	2541
682	434	359	-27	5416	5842	10	604	0	3154
683	257	57	-15	4748	5179	10	942	0	3375
684	428	202	24	3458	3893	10	0	396	2781
685	355	174	33	2674	3169	10	0	903	2279
686	46	389	22	914	1260	10	0	736	759
687	44	440	24	2974	3456	10	0	514	2381
688	491	369	-7	2753	3204	10	719	0	953
689	33	286	11	6032	6456	10	0	95	4677
690	351	128	15	4837	5308	10	0	467	3628
691	485	428	-6	5730	6309	10	999	0	3857
692	273	149	-31	5728	6414	10	866	0	964
693	447	184	27	1490	2025	10	0	6	1362
694	386	245	16	1718	2233	10	0	621	1572
695	323	77	-13	5451	5909	10	64	0	2347
696	21	70	15	2881	3409	10	0	48	2338
697	9	101	-10	2492	2957	10	279	0	407
698	71	304	19	2548	3085	10	0	277	2173
699	43	360	-23	3173	3629	10	587	0	1888
700	396	417	13	3009	3592	10	0	335	2527
701	158	24	18	2236	2773	10	0	824	1896
702	164	320	-40	4201	4677	10	11	0	683
703	195	386	13	310	863	10	0	246	537
704	306	235	25	57	454	10	0	639	297
705	66	314	26	605	953	10	0	845	568
706	95	64	4	2886	3362	10	0	460	2339
707	348	348	-16	3521	4077	10	162	0	862
708	495	83	32	1555	2091	10	0	783	1345
709	61	214	4	1195	1659	10	0	306	1099
710	240	240	-7	6641	7076	10	535	0	4035
711	140	137	-7	2048	2630	10	818	0	366
712	242	106	-10	4922	5346	10	778	0	763
713	392	491	-23	4364	4818	10	286	0	1895
714	342	481	-10	5599	6042	10	759	0	4320
715	478	300	-31	3393	3844	10	262	0	1557
716	299	285	-10	4829	5321	10	576	0	3896
717	481	84	-16	1875	2289	10	776	0	937
718	271	128	-18	1193	1692	10	446	0	843
719	484	224	7	1009	1507	10	0	688	953
720	441	177	23	3808	4322	10	0	35	3088
721	46	163	-12	3514	4014	10	626	0	2382
722	493	493	-11	3219	3753	10	434	0	2232
723	253	74	-30	5222	5699	10	962	0	4052
724	390	34	-14	4015	4588	10	26	0	2785
725	374	306	4	3807	4266	10	0	873	3097
726	436	295	-18	1905	2442	10	993	0	327
727	371	315	-25	4450	4997	10	968	0	739
728	27	464	21	4997	5452	10	0	465	3857
729	3	471	13	2628	3178	10	0	768	2134
730	418	269	3	4705	5053	10	0	19	3662
731	90	477	-23	883	1338	10	377	0	730
732	141	426	-38	1929	2442	10	386	0	499
733	418	251	-24	4607	5087	10	320	0	3655
734	57	183	-7	4202	4721	10	963	0	2973
735	29	462	-19	5080	5516	10	941	0	1611
736	55	318	-22	1056	1559	10	686	0	759
737	18	24	32	2330	2816	10	0	613	1869
738	263	153	12	1446	1973	10	0	590	1406
739	289	220	19	49	548	10	0	792	374
740	84	255	-35	897	1478	10	816	0	454
741	159	299	12	3860	4384	10	0	887	3210
742	485	104	21	2973	3503	10	0	676	2416
743	178	135	-25	5878	6353	10	127	0	3615
744	389	255	-24	2909	3492	10	852	0	479
745	457	280	-35	3834	4284	10	254	0	2701
746	171	24	-23	5356	5831	10	117	0	1679
747	330	371	-14	2056	2532	10	1	0	1699
748	10	237	-37	2268	2784	10	934	0	441
749	458	213	-8	4360	4786	10	643	0	2816
750	257	391	-20	6317	6867	10	787	0	4843
751	482	184	-15	4217	4758	10	509	0	2338
752	222	331	10	1983	2453	10	0	187	1775
753	332	5	14	3911	4472	10	0	369	3160
754	47	208	-17	708	1223	10	37	0	432
755	489	437	29	2644	3131	10	0	122	2120
756	165	59	27	3560	4102	10	0	366	2919
757	211	446	-20	4310	4798	10	150	0	1017
758	225	488	-15	2340	2865	10	653	0	502
759	355	485	10	5747	6206	10	0	714	4320
760	441	374	10	691	1216	10	0	837	741
761	399	175	13	2775	3320	10	0	881	2364
762	103	464	-18	4958	5345	10	106	0	1916
763	244	13	24	3883	4342	10	0	565	3078
764	51	360	-26	4345	4932	10	278	0	2135
765	44	115	-1	720	1250	10	89	0	336
766	312	453	-18	2044	2474	10	139	0	297
767	64	198	-26	4208	4620	10	399	0	2970
768	67	451	-13	4690	5155	10	729	0	2134
769	371	71	21	974	1440	10	0	310	917
770	439	156	2	1819	2507	10	0	151	1721
771	105	474	-9	1617	2268	10	168	0	565
772	366	288	-12	2575	3015	10	564	0	595
773	415	207	18	3423	3896	10	0	519	2794
774	58	39	-23	4430	4993	10	527	0	3114
775	197	202	29	4609	5141	10	0	336	3802
776	442	5	16	1122	1561	10	0	717	937
777	71	12	2	1013	1451	10	0	104	864
778	74	215	10	754	1197	10	0	712	763
779	347	192	-22	5738	6287	10	248	0	3000
780	178	420	-9	4161	4530	10	131	0	1759
781	186	135	24	2695	3167	10	0	3	2276
782	176	199	28	89	691	10	0	295	450
783	438	5	-32	1996	2517	10	708	0	1345
784	150	68	-21	1539	1963	10	805	0	381
785	185	434	-7	2141	2568	10	977	0	583
786	215	79	5	694	1214	10	0	523	779
787	177	486	20	6192	6705	10	0	750	4843
788	49	437	7	1528	2012	10	0	272	1303
789	100	66	-15	5429	5888	10	12	0	710
790	35	344	21	3297	3728	10	0	343	2620
791	433	447	20	3020	3453	10	0	247	2388
792	372	97	-19	625	1204	10	739	0	374
793	344	203	14	475	984	10	0	146	659
794	423	170	27	1907	2317	10	0	940	1594
795	171	188	30	2333	2751	10	0	383	1987
796	64	5	-16	4379	4772	10	628	0	2198
797	371	163	21	3122	3621	10	0	589	2603
798	398	210	-31	390	837	10	624	0	397
799	48	437	-2	2975	3574	10	264	0	1137
800	392	1	11	2304	2657	10	0	661	1777
801	195	464	-16	6044	6406	10	177	0	4525
802	211	248	26	39	540	10	0	120	375
803	293	228	19	48	559	10	0	215	383
804	23	235	-6	3926	4380	10	433	0	1238
805	213	185	21	74	583	10	0	784	381
806	172	292	17	190	665	10	0	456	432
807	228	287	21	43	491	10	0	882	335
808	387	394	-40	4212	4689	10	439	0	1138
809	374	232	33	241	762	10	0	886	477
810	48	366	-36	2724	3341	10	635	0	1344
811	44	311	-22	1448	1932	10	235	0	459
812	447	272	12	1312	1878	10	0	623	1259
813	132	477	25	1153	1586	10	0	599	762
814	80	117	-26	3093	3620	10	362	0	2435
815	11	403	18	1207	1657	10	0	161	1029
816	144	220	35	166	716	10	0	740	454
817	473	491	23	1476	1950	10	0	18	1184
818	210	219	7	50	539	10	0	711	366
819	452	484	-9	4992	5356	10	159	0	2414
820	365	28	9	885	1381	10	0	905	848
821	498	456	27	5494	5874	10	0	86	4163
822	84	453	-22	4745	5159	10	916	0	3206
823	91	427	-31	3360	3820	10	875	0	2373
824	178	72	-18	2829	3346	10	701	0	1896
825	409	155	19	438	1044	10	0	847	644
826	132	151	22	433	800	10	0	966	484
827	136	430	14	2696	3105	10	0	103	2168
828	292	104	-27	1033	1518	10	191	0	355
829	443	167	-25	2015	2450	10	428	0	999
830	321	149	18	5472	6045	10	0	603	4201
831	235	13	27	1215	1774	10	0	114	1152
832	166	440	12	634	1028	10	0	393	495
833	112	433	29	712	1288	10	0	93	794
834	452	172	-19	2262	2723	10	371	0	396
835	37	281	17	1789	2276	10	0	588	1545
836	414	378	-18	1809	2270	10	840	0	1323
837	475	352	-10	1031	1568	10	760	0	741
838	400	71	-11	5305	5792	10	98	0	3894
839	286	244	-13	4933	5459	10	972	0	1256
840	429	389	18	1522	1991	10	0	836	1323
841	92	76	4	4410	4822	10	0	994	3440
842	124	111	-23	2999	3436	10	662	0	375
843	268	458	-3	1893	2411	10	489	0	768
844	352	63	-27	4539	5007	10	612	0	2413
845	49	118	-26	4134	4557	10	705	0	568
846	398	329	-36	406	937	10	220	0	330
847	382	9	-19	884	1411	10	825	0	644
848	229	322	-3	6448	6955	10	431	0	4534
849	279	355	9	528	922	10	0	522	609
850	266	221	9	33	561	10	0	145	327
851	142	80	12	1803	2253	10	0	497	1538
852	359	287	24	166	755	10	0	744	479
853	482	104	19	3050	3529	10	0	416	2441
854	284	457	-19	5835	6274	10	46	0	3647
855	64	294	-28	4252	4677	10	980	0	3270
856	404	59	-21	3503	3920	10	116	0	292
857	68	160	-26	4317	4889	10	417	0	1583
858	211	411	-27	4437	4856	10	902	0	2674
859	30	155	-22	4951	5413	10	44	0	3125
860	240	34	-4	6042	6555	10	656	0	3558
861	107	374	-6	3477	3958	10	638	0	2331
862	404	140	-23	4825	5364	10	878	0	3659
863	436	467	-14	2768	3240	10	334	0	974
864	421	386	29	3082	3632	10	0	268	2560
865	182	480	31	1261	1778	10	0	382	1153
866	9	233	31	1041	1528	10	0	692	964
867	110	251	23	1759	2342	10	0	166	1651
868	19	38	15	3195	3702	10	0	505	2541
869	46	248	-8	3060	3571	10	133	0	1545
870	308	199	14	5818	6368	10	0	230	4718
871	423	221	9	884	1303	10	0	65	845
872	313	391	-30	416	901	10	251	0	317
873	413	345	-4	4691	5173	10	725	0	3097
874	278	450	-10	5371	5749	10	391	0	1019
875	94	497	31	2921	3457	10	0	823	2373
876	7	382	27	2909	3374	10	0	920	2323
877	493	111	26	1977	2472	10	0	442	1644
878	392	87	23	4485	5096	10	0	862	3659
879	13	394	15	1277	1823	10	0	54	1079
880	259	301	25	178	732	10	0	435	510
881	351	233	-13	5493	6010	10	761	0	2364
882	313	493	-21	4587	5077	10	807	0	335
883	65	62	15	3728	4203	10	0	10	2954
884	417	212	-5	3553	3848	10	508	0	2517
885	450	194	27	2318	2799	10	0	950	1943
886	470	138	-33	5324	5912	10	809	0	477
887	190	267	-12	6871	7278	10	741	0	3210
888	248	214	-35	5720	6234	10	965	0	3746
889	50	383	-21	861	1340	10	284	0	627
890	244	422	-12	1985	2436	10	936	0	1099
891	60	29	-19	5272	5750	10	418	0	3657
892	5	445	30	1085	1522	10	0	655	906
893	490	276	33	773	1249	10	0	227	755
894	441	100	31	3312	3796	10	0	340	2664
895	162	388	11	4302	4826	10	0	144	3496
896	244	277	-20	5023	5507	10	190	0	3890
897	406	408	15	5609	6160	0	0	1001	4453
898	265	240	9	18	520	10	0	673	376
899	130	186	16	353	817	10	0	299	510
900	382	110	24	4260	4759	10	0	658	3424
901	142	14	-26	3212	3590	10	663	0	1867
902	352	487	27	3510	3824	10	0	858	2674
903	307	52	-33	3467	4017	10	685	0	2279
904	418	399	-30	1622	1999	10	314	0	1190
905	196	56	-9	2274	2722	10	820	0	848
906	66	31	-18	4043	4464	10	634	0	3087
907	90	496	-22	5354	5929	10	60	0	4057
908	480	136	22	788	1266	10	0	430	756
909	65	82	13	2847	3190	10	0	981	2205
910	48	293	-8	893	1435	10	39	0	540
911	105	181	19	5947	6423	10	0	581	4696
912	215	282	-14	5568	6075	10	294	0	4509
913	257	133	-18	3306	3712	10	480	0	2412
914	77	465	11	874	1333	10	0	458	792
915	43	135	31	693	1202	10	0	52	723
916	27	444	22	4192	4571	10	0	822	3206
917	357	290	24	251	663	10	0	584	411
918	38	15	-16	4148	4701	10	45	0	2879
919	80	337	28	4329	4745	10	0	978	3415
920	36	451	-27	3375	3856	10	876	0	2323
921	291	251	20	41	469	10	0	559	320
922	195	111	-1	3820	4285	10	32	0	2006
923	383	17	15	3596	4047	10	0	344	2834
924	53	466	9	1135	1666	10	0	440	1030
925	114	102	21	1870	2309	10	0	675	1581
926	350	199	-3	4662	5070	10	152	0	2252
927	405	349	-19	1938	2360	10	263	0	1303
928	472	248	11	3159	3636	10	0	444	2560
929	333	293	-19	2335	2722	10	462	0	1926
930	174	397	-17	4786	5291	10	330	0	3827
931	2	264	40	2403	2954	10	0	232	2029
932	7	82	-11	1421	1991	10	558	0	851
933	34	329	2	4010	4454	10	0	438	3168
934	158	179	37	225	705	10	0	748	441
935	421	499	-23	5198	5684	10	156	0	3684
936	345	431	12	1208	1671	10	0	890	1099
937	370	262	-14	4227	4688	10	112	0	1727
938	77	172	-21	2962	3442	10	7	0	666
939	87	51	-9	1873	2361	10	986	0	673
940	468	352	-27	2880	3385	10	794	0	1594
941	63	420	19	1875	2401	10	0	735	1611
942	347	184	15	4132	4618	10	0	683	3375
943	206	174	-27	3033	3485	10	491	0	740
944	209	212	-20	5932	6410	10	553	0	4570
945	466	362	-23	4456	4883	10	259	0	3208
946	201	278	13	56	624	10	0	973	425
947	206	172	29	2978	3446	10	0	471	2517
948	471	94	-13	3841	4270	10	2	0	2441
949	331	134	-28	4317	4793	10	570	0	2380
950	274	261	-27	6653	7122	10	885	0	1943
951	219	215	32	46	466	10	0	158	314
952	349	76	-28	3991	4374	10	206	0	2569
953	86	189	-16	713	1221	10	59	0	371
954	336	493	-12	5753	6310	10	354	0	1034
955	7	194	-17	3625	4105	10	490	0	308
956	492	335	10	3071	3675	10	0	552	2563
957	248	386	22	1390	1756	10	0	129	1214
958	463	406	-7	3259	3719	10	128	0	1449
959	199	438	-17	5261	5743	10	296	0	3283
960	135	30	-27	1709	2206	10	970	0	709
961	447	267	19	3724	4233	10	0	252	3026
962	235	33	30	5194	5621	10	0	723	4052
963	63	155	7	3663	4174	10	0	734	2973
964	294	421	26	6127	6596	10	0	154	4814
965	318	99	35	4662	5161	10	0	888	3746
966	21	146	-22	1779	2235	10	826	0	484
967	30	7	23	4570	5059	10	0	461	3498
968	410	399	25	787	1204	10	0	727	739
969	405	187	-26	4851	5274	10	167	0	2481
970	109	56	27	733	1186	10	0	960	709
971	212	47	-36	2994	3535	10	546	0	1942
972	479	387	13	1358	1942	10	0	839	1256
973	167	291	-13	6300	6894	10	946	0	425
974	259	498	33	4121	4598	10	0	149	3262
975	461	182	-5	2291	2861	10	424	0	1903
976	277	428	7	1889	2154	10	0	532	1480
977	290	328	7	404	866	10	0	785	583
978	146	313	-28	4627	5055	10	919	0	3415
979	40	304	-38	4372	4906	10	255	0	722
980	56	268	28	4077	4555	10	0	855	3270
981	104	28	-13	5696	6207	10	909	0	2205
982	370	493	22	2110	2580	10	0	24	1731
983	136	265	12	232	688	10	0	43	429
984	247	306	33	56	447	10	0	126	293
985	241	38	-15	1984	2389	10	256	0	753
986	180	162	9	498	1010	10	0	939	673
987	253	118	-28	1994	2505	10	325	0	856
988	413	391	8	639	1218	10	0	201	751
989	380	350	15	3263	3789	10	0	374	2718
990	391	112	24	3837	4285	10	0	14	3014
991	86	199	23	906	1436	10	0	318	855
992	91	326	-25	3695	4130	10	494	0	1348
993	287	256	18	37	474	10	0	726	327
994	203	211	-4	5053	5518	10	841	0	3440
995	79	80	-13	5377	5799	10	305	0	4061
996	32	319	21	1469	1855	10	0	321	1219
997	167	445	-11	5437	5980	10	265	0	3177
998	439	237	11	3557	4071	10	0	410	2911
999	373	418	6	4845	5351	10	0	691	3857
1000	26	342	-5	1075	1613	10	316	0	267
1001	406	408	-15	5609	6160	10	897	0	4453
1002	433	319	-11	5359	5771	10	472	0	4181
1003	261	201	-15	5895	6337	10	27	0	4715
1004	117	110	-13	3762	4189	10	595	0	2996

