250	1000	1
0	250	250	0	0	7697	0	0	0
1	228	399	-23	2285	2525	10	286	0	1171
2	325	56	13	3126	3366	10	0	515	1579
3	290	145	-12	5066	5306	10	22	0	294
4	340	291	22	1822	2062	10	0	529	981
5	370	382	-27	3475	3715	10	201	0	853
6	273	255	-21	5908	6148	10	733	0	2399
7	36	301	-12	760	1000	10	983	0	232
8	117	178	-24	4409	4649	10	608	0	1588
9	295	283	-12	3513	3753	10	550	0	357
10	57	43	-11	4034	4274	10	16	0	705
11	436	123	-19	781	1021	10	825	0	337
12	48	162	-24	809	1049	10	674	0	393
13	222	499	7	3321	3561	10	0	384	1631
14	376	92	10	3902	4142	10	0	534	1954
15	437	90	12	2280	2520	10	0	948	1136
16	3	23	11	1506	1746	10	0	10	705
17	94	40	24	4212	4452	10	0	918	2095
18	398	476	25	1612	1852	10	0	24	790
19	307	249	10	5446	5686	10	0	881	2814
20	179	286	8	1305	1545	10	0	521	732
21	0	356	13	4285	4525	10	0	979	2126
22	143	158	12	490	730	10	0	3	294
23	413	476	-3	4656	4896	10	358	0	445
24	371	488	-25	2271	2511	10	18	0	790
25	415	118	19	806	1046	10	0	693	417
26	440	77	-18	3592	3832	10	446	0	513
27	261	201	15	5996	6236	0	0	1005	3092
28	490	286	-20	2029	2269	10	904	0	853
29	309	161	23	2273	2513	10	0	367	1203
30	39	162	18	2201	2441	10	0	174	1106
31	361	178	5	3830	4070	10	0	303	1968
32	261	138	1	2413	2653	10	0	761	1270
33	447	383	17	831	1071	10	0	101	416
34	346	354	-9	3210	3450	10	677	0	313
35	461	195	-33	5520	5760	10	79	0	1395
36	187	263	35	137	377	10	0	955	156
37	130	247	17	360	600	10	0	257	239
38	328	491	-12	2653	2893	10	936	0	677
39	161	276	-23	474	714	10	662	0	164
40	365	74	-18	3334	3574	10	672	0	580
41	168	109	10	757	997	10	0	84	416
42	111	192	11	4738	4978	10	0	679	2413
43	87	213	-17	2443	2683	10	295	0	396
44	45	166	22	3993	4233	10	0	463	2005
45	62	94	16	3742	3982	10	0	460	1868
46	348	476	-8	4727	4967	10	221	0	811
47	64	437	11	3613	3853	10	0	920	1714
48	56	75	24	5691	5931	0	0	1001	2834
49	24	259	19	1420	1660	10	0	557	716
50	295	247	-8	5154	5394	10	808	0	2185
51	6	53	-25	2288	2528	10	932	0	765
52	15	11	-10	3747	3987	10	279	0	207
53	179	497	1	5584	5824	10	0	177	2783
54	67	352	20	1433	1673	10	0	980	731
55	317	45	8	2573	2813	10	0	565	1298
56	40	278	-38	4358	4598	10	255	0	400
57	33	278	-2	5889	6129	10	699	0	1643
58	322	290	-15	5856	6096	10	937	0	2228
59	159	226	16	256	496	10	0	899	200
60	208	445	22	5270	5510	10	0	144	2655
61	453	360	13	804	1044	10	0	840	406
62	34	169	-22	1878	2118	10	826	0	290
63	436	25	-24	5069	5309	10	119	0	2163
64	393	98	-30	2950	3190	10	512	0	381
65	466	96	-16	5473	5713	10	637	0	2197
66	366	390	-21	5213	5453	10	116	0	119
67	303	78	12	600	840	10	0	841	330
68	374	116	-8	2289	2529	10	409	0	1025
69	424	288	-6	4169	4409	10	335	0	1729
70	191	84	-23	3408	3648	10	117	0	1061
71	59	276	11	3510	3750	10	0	266	1778
72	215	293	13	102	342	10	0	549	143
73	343	276	15	266	506	10	0	452	204
74	488	173	-22	4781	5021	10	908	0	445
75	452	110	14	1301	1541	10	0	742	647
76	153	244	5	371	611	10	0	280	256
77	176	200	17	2210	2450	10	0	525	1180
78	498	171	12	4966	5206	10	0	652	2472
79	492	188	33	2801	3041	10	0	35	1395
80	177	156	25	609	849	10	0	258	364
81	398	49	-16	3107	3347	10	425	0	1426
82	497	296	-33	2390	2630	10	837	0	585
83	276	84	20	2665	2905	10	0	528	1368
84	128	113	-10	1391	1631	10	41	0	416
85	422	498	5	2708	2948	10	0	713	1323
86	460	424	-23	5758	5998	10	483	0	1821
87	246	314	-23	5721	5961	10	281	0	2874
88	0	422	8	3224	3464	10	0	438	1580
89	166	247	1	216	456	10	0	469	185
90	311	422	-25	3892	4132	10	880	0	261
91	392	95	16	3005	3245	10	0	216	1486
92	460	117	-16	2019	2259	10	776	0	574
93	28	467	34	5310	5550	10	0	667	2619
94	375	145	12	3657	3897	10	0	675	1866
95	240	255	-24	6384	6624	10	192	0	408
96	440	436	-13	3508	3748	10	700	0	1599
97	454	201	-20	5160	5400	10	559	0	1645
98	407	35	-13	5093	5333	10	792	0	419
99	420	383	-9	3868	4108	10	159	0	1546
100	264	180	-1	6663	6903	10	427	0	2262
101	440	294	-17	3781	4021	10	33	0	416
102	500	228	8	3067	3307	10	0	669	1528
103	144	331	13	3665	3905	10	0	762	1885
104	98	2	14	2307	2547	10	0	723	1128
105	461	186	-13	5989	6229	10	975	0	1237
106	68	450	-22	2470	2710	10	395	0	437
107	153	192	-21	3403	3643	10	925	0	1004
108	34	239	16	816	1056	10	0	697	419
109	465	367	14	4047	4287	10	0	577	2021
110	208	488	22	1850	2090	10	0	801	924
111	93	413	17	785	1025	10	0	646	399
112	371	332	-19	2058	2298	10	263	0	820
113	231	167	15	221	461	10	0	598	187
114	179	75	13	2900	3140	10	0	860	1475
115	196	489	23	4061	4301	10	0	171	2027
116	280	245	21	30	270	10	0	66	119
117	108	37	23	2138	2378	10	0	70	1061
118	1	101	-8	4969	5209	10	169	0	2198
119	420	80	24	4327	4567	10	0	63	2163
120	38	190	-23	1079	1319	10	991	0	544
121	470	405	17	3643	3883	10	0	247	1806
122	448	397	33	3402	3642	10	0	958	1667
123	471	427	8	3206	3446	10	0	897	1581
124	146	376	8	877	1117	10	0	150	476
125	12	358	-7	4837	5077	10	649	0	320
126	175	422	-6	5726	5966	10	638	0	1471
127	297	131	-11	4602	4842	10	949	0	2266
128	457	492	7	1972	2212	10	0	680	946
129	69	423	-13	3150	3390	10	729	0	1345
130	97	288	-23	5076	5316	10	187	0	1538
131	172	314	9	2122	2362	10	0	947	1130
132	170	347	15	1683	1923	10	0	752	898
133	103	123	-23	1899	2139	10	784	0	831
134	154	374	-17	3688	3928	10	198	0	653
135	318	497	-3	3355	3595	10	489	0	457
136	330	147	28	3334	3574	10	0	467	1721
137	241	180	-3	6718	6958	10	518	0	2069
138	174	67	-17	4979	5219	10	471	0	1694
139	235	288	18	43	283	10	0	865	121
140	94	192	-11	4261	4501	10	360	0	1709
141	232	101	24	1324	1564	10	0	595	706
142	28	180	34	1482	1722	10	0	938	744
143	64	135	-11	3413	3653	10	498	0	1587
144	174	376	-22	5617	5857	10	60	0	2655
145	293	174	-9	229	469	10	850	0	119
146	218	12	3	2116	2356	10	0	253	1057
147	110	122	-23	5975	6215	10	545	0	2376
148	459	53	-7	4429	4669	10	724	0	2081
149	173	474	-10	5080	5320	10	445	0	1425
150	135	400	-8	1134	1374	10	124	0	476
151	497	266	-9	2930	3170	10	940	0	1414
152	380	194	3	2794	3034	10	0	779	1446
153	495	227	20	1316	1556	10	0	719	555
154	268	351	-36	6640	6880	10	301	0	637
155	213	399	18	876	1116	10	0	413	481
156	448	414	23	4831	5071	10	0	999	2406
157	327	139	13	4969	5209	10	0	165	2536
158	151	81	-21	6172	6412	10	617	0	2261
159	425	448	9	3118	3358	10	0	99	1546
160	92	259	4	1538	1778	10	0	283	809
161	59	388	20	2591	2831	10	0	810	1297
162	468	360	16	1036	1276	10	0	945	515
163	332	459	-34	1415	1655	10	569	0	346
164	469	489	-12	2162	2402	10	554	0	627
165	248	176	-13	5546	5786	10	157	0	2536
166	174	41	-14	5154	5394	10	238	0	680
167	343	205	26	3009	3249	10	0	289	1572
168	154	392	9	566	806	10	0	941	317
169	92	18	8	4437	4677	10	0	118	2198
170	250	328	24	935	1175	10	0	175	548
171	88	484	-23	5903	6143	10	115	0	2027
172	360	488	-19	1202	1442	10	517	0	477
173	156	65	22	4089	4329	10	0	326	2060
174	18	225	-18	2705	2945	10	30	0	1106
175	152	476	-24	2030	2270	10	170	0	548
176	176	470	14	2127	2367	10	0	827	1067
177	195	450	-1	5884	6124	10	53	0	2783
178	466	149	-17	4684	4924	10	829	0	1071
179	221	269	-21	5002	5242	10	404	0	1593
180	105	137	32	1749	1989	10	0	588	902
181	284	319	17	3207	3447	10	0	199	1657
182	41	120	22	2724	2964	10	0	967	1358
183	263	418	25	1054	1294	10	0	196	562
184	218	271	-19	6235	6475	10	495	0	2319
185	365	119	-5	1467	1707	10	786	0	449
186	89	322	-20	4023	4263	10	401	0	2020
187	180	283	23	2915	3155	10	0	130	1538
188	385	17	-26	3175	3415	10	877	0	1032
189	401	314	-26	3846	4086	10	351	0	360
190	245	176	20	4879	5119	10	0	994	2522
191	251	238	27	12	252	10	0	922	119
192	139	438	24	796	1036	10	0	95	408
193	236	126	23	379	619	10	0	429	247
194	61	441	-46	2115	2355	10	599	0	492
195	405	454	-14	5152	5392	10	334	0	576
196	111	392	-25	4616	4856	10	183	0	562
197	373	421	21	890	1130	10	0	341	459
198	247	443	17	1261	1501	10	0	134	653
199	322	406	-17	3257	3497	10	181	0	1657
200	412	478	7	3779	4019	10	0	950	1869
201	374	346	27	1624	1864	10	0	5	853
202	122	422	-15	5767	6007	10	757	0	2237
203	261	359	10	318	558	10	0	653	224
204	173	182	25	291	531	10	0	709	214
205	398	341	33	3697	3937	10	0	604	1881
206	413	127	-9	3263	3503	10	574	0	1599
207	325	311	22	5229	5469	10	0	270	2686
208	80	357	1	2062	2302	10	0	887	1050
209	67	378	-13	1822	2062	10	736	0	610
210	216	341	-1	2556	2796	10	747	0	1134
211	498	457	-15	3592	3832	10	621	0	1162
212	44	344	12	4258	4498	10	0	625	2135
213	352	481	-20	5079	5319	10	572	0	2230
214	237	420	-10	5277	5517	10	448	0	1837
215	389	43	21	1522	1762	10	0	631	756
216	292	136	-16	3062	3302	10	91	0	1486
217	426	38	-17	2375	2615	10	717	0	958
218	245	461	8	2537	2777	10	0	848	1282
219	415	253	21	1406	1646	10	0	658	740
220	298	264	36	80	320	10	0	730	135
221	307	412	8	1555	1795	10	0	46	811
222	53	204	-13	4160	4400	10	740	0	570
223	480	152	-5	4026	4266	10	673	0	591
224	262	97	-15	3728	3968	10	526	0	1405
225	83	169	21	3046	3286	10	0	243	1550
226	377	432	-12	3266	3506	10	479	0	1448
227	390	249	-24	2267	2507	10	852	0	232
228	132	479	11	910	1150	10	0	382	446
229	359	246	-14	5631	5871	10	664	0	1875
230	314	205	-20	6047	6287	10	365	0	1684
231	124	448	6	1414	1654	10	0	788	709
232	0	188	-16	3668	3908	10	561	0	674
233	343	166	28	3444	3684	10	0	900	1779
234	482	141	-18	3983	4223	10	783	0	1033
235	162	306	22	417	657	10	0	475	276
236	24	71	11	1324	1564	10	0	634	637
237	188	119	44	3839	4079	10	0	690	1967
238	100	85	14	1344	1584	10	0	166	680
239	103	177	28	2446	2686	10	0	721	1260
240	26	67	-15	5207	5447	10	696	0	1486
241	164	332	-23	5059	5299	10	867	0	1015
242	385	285	13	3412	3652	10	0	884	1756
243	209	68	-21	6212	6452	10	225	0	1550
244	149	341	6	1556	1796	10	0	576	830
245	415	95	-7	4647	4887	10	531	0	1421
246	167	488	17	940	1180	10	0	616	463
247	413	493	-17	4813	5053	10	121	0	1806
248	439	222	-31	3858	4098	10	584	0	1037
249	150	484	-9	2441	2681	10	785	0	1139
250	299	353	34	336	576	10	0	760	230
251	273	300	30	100	340	10	0	849	142
252	402	277	-26	5694	5934	10	487	0	2602
253	239	15	-3	2355	2595	10	146	0	1057
254	363	225	-15	3363	3603	10	442	0	1496
255	65	343	38	769	1009	10	0	56	400
256	351	60	15	781	1021	10	0	708	402
257	60	246	-17	640	880	10	37	0	239
258	144	35	-25	839	1079	10	80	0	364
259	463	253	-10	4128	4368	10	956	0	1618
260	332	382	-16	3982	4222	10	346	0	540
261	408	318	15	2512	2752	10	0	725	1289
262	452	206	31	1909	2149	10	0	356	971
263	471	368	19	1652	1892	10	0	112	820
264	93	490	2	1457	1697	10	0	799	705
265	241	402	-23	4039	4279	10	560	0	1899
266	60	231	-11	4044	4284	10	71	0	1778
267	172	66	18	5151	5391	10	0	535	2535
268	404	207	-13	3582	3822	10	623	0	1824
269	286	356	30	328	568	10	0	481	228
270	489	338	-22	5529	5769	10	207	0	2686
271	334	481	32	1262	1502	10	0	532	628
272	26	442	-32	5316	5556	10	458	0	733
273	226	175	-19	6715	6955	10	400	0	3270
274	488	3	-19	1542	1782	10	412	0	512
275	178	150	33	2466	2706	10	0	423	1291
276	371	423	-15	724	964	10	313	0	125
277	5	224	19	4159	4399	10	0	593	2076
278	94	344	26	2669	2909	10	0	399	1363
279	153	235	10	273	513	10	0	52	207
280	12	367	-5	1243	1483	10	76	0	256
281	217	357	23	5620	5860	10	0	87	2874
282	255	487	19	1532	1772	10	0	575	767
283	149	214	-4	1868	2108	10	160	0	809
284	169	305	-5	587	827	10	316	0	131
285	487	446	-12	5301	5541	10	863	0	1419
286	267	374	23	2343	2583	10	0	1	1171
287	360	294	-24	5611	5851	10	320	0	2381
288	185	431	15	1488	1728	10	0	671	767
289	325	210	-26	3674	3914	10	167	0	1572
290	175	352	-31	6600	6840	10	875	0	1508
291	76	462	18	3764	4004	10	0	465	1864
292	19	273	-26	4006	4246	10	417	0	1002
293	72	227	25	2195	2435	10	0	857	1127
294	213	283	14	5824	6064	10	0	912	2940
295	130	140	17	716	956	10	0	43	396
296	274	442	-16	4205	4445	10	615	0	1313
297	337	41	-27	3949	4189	10	612	0	1563
298	372	39	10	2834	3074	10	0	659	1415
299	269	112	-18	4991	5231	10	480	0	1535
300	224	56	-35	4686	4926	10	368	0	269
301	340	416	36	1224	1464	10	0	154	637
302	13	214	21	5354	5594	10	0	581	2677
303	230	320	-5	4708	4948	10	31	0	1968
304	6	196	-10	4753	4993	10	778	0	457
305	87	3	-15	5672	5912	10	789	0	2770
306	133	202	33	1782	2022	10	0	626	947
307	235	316	2	2563	2803	10	0	930	1367
308	435	180	-14	838	1078	10	639	0	283
309	173	65	12	1734	1974	10	0	939	886
310	245	42	24	2129	2369	10	0	609	1040
311	384	149	-31	4729	4969	10	369	0	2208
312	51	286	-21	5776	6016	10	790	0	1698
313	267	290	15	54	294	10	0	276	125
314	453	318	30	1435	1675	10	0	694	730
315	189	402	10	2084	2324	10	0	681	1080
316	210	276	5	71	311	10	0	284	131
317	120	261	5	3113	3353	10	0	804	1611
318	35	263	27	1021	1261	10	0	811	522
319	429	59	9	1775	2015	10	0	361	876
320	330	308	24	4622	4862	10	0	287	2381
321	58	391	-6	3469	3709	10	766	0	1083
322	260	472	33	4084	4324	10	0	759	2050
323	217	333	26	1584	1824	10	0	775	867
324	335	46	-11	5307	5547	10	502	0	935
325	198	85	28	990	1230	10	0	878	528
326	138	28	-22	4326	4566	10	173	0	2060
327	29	336	22	1266	1506	10	0	835	634
328	200	27	-17	2039	2279	10	503	0	119
329	157	269	-11	6245	6485	10	689	0	3064
330	177	404	-7	4989	5229	10	464	0	2338
331	202	28	-35	3677	3917	10	816	0	225
332	366	334	5	1581	1821	10	0	727	838
333	149	458	13	4595	4835	10	0	501	2301
334	481	454	14	1222	1462	10	0	195	576
335	377	385	6	3405	3645	10	0	69	1729
336	217	207	-19	5470	5710	10	530	0	541
337	96	346	26	681	921	10	0	482	369
338	224	320	-16	5075	5315	10	582	0	2034
339	206	97	-27	1732	1972	10	491	0	441
340	438	127	2	3704	3944	10	0	540	1859
341	494	468	-21	1350	1590	10	197	0	459
342	494	165	-21	2357	2597	10	769	0	555
343	5	281	-12	5426	5666	10	855	0	2196
344	441	60	-9	5775	6015	10	820	0	501
345	14	232	18	1160	1400	10	0	996	581
346	288	439	16	1034	1274	10	0	260	540
347	420	224	-25	1656	1896	10	513	0	374
348	267	162	-31	5737	5977	10	894	0	1715
349	195	273	22	118	358	10	0	913	149
350	233	230	20	26	266	10	0	536	119
351	382	360	26	652	892	10	0	189	360
352	406	460	2	2817	3057	10	0	691	1397
353	499	316	-25	2427	2667	10	968	0	448
354	246	407	12	1186	1426	10	0	544	634
355	283	454	14	5000	5240	10	0	453	2516
356	426	231	-31	4054	4294	10	262	0	971
357	432	2	20	1806	2046	10	0	853	869
358	404	439	3	895	1135	10	0	23	445
359	397	477	-13	4803	5043	10	573	0	564
360	44	140	11	3413	3653	10	0	140	1709
361	330	138	-9	4378	4618	10	319	0	876
362	39	153	-19	3131	3371	10	748	0	1202
363	397	153	29	3470	3710	10	0	622	1766
364	226	316	21	161	401	10	0	843	165
365	354	156	20	3270	3510	10	0	230	1684
366	201	66	-4	4607	4847	10	656	0	2296
367	389	156	-23	2802	3042	10	29	0	1203
368	134	211	35	422	662	10	0	300	269
369	386	154	31	4344	4584	10	0	311	2208
370	335	99	-35	4814	5054	10	965	0	2430
371	356	256	19	305	545	10	0	885	219
372	240	362	-25	5595	5835	10	555	0	2450
373	412	100	1	1993	2233	10	0	568	1006
374	394	322	-27	4039	4279	10	929	0	1277
375	48	150	15	2560	2800	10	0	628	1287
376	225	121	18	2874	3114	10	0	943	1491
377	102	422	23	845	1085	10	0	892	429
378	339	41	-24	1763	2003	10	457	0	782
379	440	201	-7	3510	3750	10	403	0	1536
380	411	379	-23	4713	4953	10	707	0	1890
381	219	210	14	82	322	10	0	738	135
382	250	441	-11	2963	3203	10	228	0	446
383	210	29	-26	4143	4383	10	455	0	1490
384	178	302	-7	3486	3726	10	13	0	1631
385	148	208	22	2046	2286	10	0	605	1087
386	225	369	38	366	606	10	0	660	242
387	16	287	-8	1023	1263	10	547	0	119
388	450	416	25	2247	2487	10	0	592	1069
389	287	397	-9	2197	2437	10	522	0	381
390	285	247	-6	5039	5279	10	414	0	2498
391	351	481	10	1227	1467	10	0	882	607
392	243	408	15	5675	5915	0	0	1006	2878
393	137	377	23	560	800	10	0	476	315
394	33	152	17	5220	5460	0	0	1007	2610
395	68	303	22	825	1065	10	0	106	437
396	456	113	-20	4849	5089	10	921	0	121
397	134	276	15	473	713	10	0	815	297
398	26	221	28	3926	4166	10	0	566	1970
399	79	257	-26	3752	3992	10	278	0	1363
400	181	185	19	6395	6635	10	0	273	3270
401	104	349	20	3977	4217	10	0	186	2020
402	267	174	-14	6413	6653	10	870	0	3067
403	475	267	7	3058	3298	10	0	379	1536
404	385	239	21	3082	3322	10	0	179	1593
405	95	382	-19	865	1105	10	456	0	377
406	67	190	25	4633	4873	10	0	911	2340
407	32	94	-20	3661	3901	10	640	0	376
408	401	164	13	2425	2665	10	0	642	1245
409	376	113	8	1997	2237	10	0	68	1025
410	409	255	-12	6030	6270	10	812	0	758
411	228	260	12	6362	6602	0	0	1002	3288
412	363	34	19	1029	1269	10	0	274	512
413	274	441	-18	2718	2958	10	155	0	481
414	146	188	6	4880	5120	10	0	390	2498
415	212	186	-19	6826	7066	10	995	0	2733
416	432	66	-5	4225	4465	10	676	0	1548
417	83	300	26	1939	2179	10	0	292	1002
418	51	89	19	4773	5013	10	0	981	2378
419	379	486	22	2627	2867	10	0	964	1299
420	440	284	25	3347	3587	10	0	511	1696
421	175	239	23	183	423	10	0	610	173
422	282	1	-15	4110	4350	10	923	0	1836
423	268	113	-33	2659	2899	10	275	0	1291
424	480	131	-5	2690	2930	10	500	0	516
425	429	67	16	2869	3109	10	0	81	1426
426	162	301	-9	6392	6632	10	924	0	613
427	281	96	1	4443	4683	10	0	100	2262
428	495	199	25	1287	1527	10	0	580	638
429	372	115	-23	1395	1635	10	193	0	247
430	396	83	-22	6286	6526	10	496	0	2080
431	239	486	-28	5868	6108	10	641	0	909
432	288	70	24	656	896	10	0	570	356
433	66	163	-21	1522	1762	10	953	0	456
434	470	417	11	2887	3127	10	0	935	1425
435	226	423	15	728	968	10	0	861	396
436	342	319	36	340	580	10	0	716	232
437	174	122	-14	2313	2553	10	449	0	437
438	49	353	-8	5724	5964	10	88	0	1580
439	448	495	-23	1474	1714	10	817	0	675
440	13	465	31	3034	3274	10	0	973	1477
441	489	159	29	5651	5891	10	0	537	2817
442	311	203	15	2830	3070	10	0	254	1496
443	480	119	-20	2454	2694	10	538	0	718
444	442	153	-11	4695	4935	10	928	0	1647
445	148	462	10	2847	3087	10	0	149	1425
446	233	87	18	950	1190	10	0	26	513
447	323	34	-11	5199	5439	10	650	0	2563
448	84	377	10	3645	3885	10	0	214	1837
449	292	32	14	857	1097	10	0	437	437
450	418	75	11	1732	1972	10	0	546	864
451	451	305	13	714	954	10	0	896	372
452	225	269	-15	5023	5263	10	73	0	204
453	272	420	-14	5483	5723	10	355	0	2516
454	318	280	21	177	417	10	0	462	171
455	250	57	26	2933	3173	10	0	383	1490
456	77	372	19	727	967	10	0	405	377
457	385	58	24	1559	1799	10	0	378	782
458	44	496	32	1547	1787	10	0	272	733
459	460	328	13	816	1056	10	0	744	415
460	67	24	-16	4014	4254	10	45	0	1868
461	91	27	-14	4667	4907	10	796	0	2194
462	360	284	-21	2606	2846	10	454	0	171
463	82	183	-22	4347	4587	10	44	0	2005
464	153	362	7	4585	4825	10	0	330	2338
465	52	412	-18	5563	5803	10	291	0	1864
466	32	191	5	2285	2525	10	0	734	1149
467	325	147	-28	4687	4927	10	136	0	1721
468	328	458	-26	3011	3251	10	551	0	730
469	133	273	-1	357	597	10	89	0	185
470	147	30	-26	4375	4615	10	663	0	1200
471	131	246	17	3268	3508	10	0	138	1694
472	433	319	-14	5445	5685	10	542	0	2708
473	168	59	-30	1404	1644	10	601	0	514
474	218	403	-12	5217	5457	10	741	0	2069
475	295	89	-22	2908	3148	10	235	0	276
476	118	314	-23	1290	1530	10	393	0	315
477	251	63	14	3890	4130	10	0	746	1971
478	388	44	-12	4463	4703	10	718	0	719
479	381	328	12	2809	3049	10	0	226	1448
480	132	32	18	3078	3318	10	0	299	1535
481	334	403	-30	578	818	10	269	0	228
482	83	290	-26	2370	2610	10	337	0	369
483	411	396	23	3621	3861	10	0	86	1821
484	243	402	-22	1560	1800	10	957	0	778
485	52	18	-2	3368	3608	10	579	0	1626
486	265	0	10	3524	3764	10	0	845	1756
487	268	288	26	5008	5248	10	0	252	2602
488	476	61	36	1735	1975	10	0	651	840
489	283	438	3	866	1106	10	0	135	457
490	191	215	17	154	394	10	0	648	162
491	253	50	27	843	1083	10	0	339	441
492	71	282	-20	2507	2747	10	889	0	489
493	297	304	4	166	406	10	0	836	167
494	244	368	25	1596	1836	10	0	823	858
495	80	279	19	4571	4811	10	0	184	2319
496	488	96	22	4205	4445	10	0	430	2080
497	142	30	-27	4924	5164	10	970	0	419
498	68	240	11	3118	3358	10	0	143	1587
499	193	138	-17	2583	2823	10	806	0	229
500	451	62	5	1069	1309	10	0	424	516
501	138	406	-13	4804	5044	10	333	0	2301
502	306	42	11	1847	2087	10	0	324	935
503	247	219	17	31	271	10	0	328	119
504	98	29	14	4126	4366	10	0	891	2048
505	102	6	-12	5774	6014	10	774	0	2273
506	142	360	-13	6068	6308	10	703	0	280
507	172	24	-2	5749	5989	10	777	0	527
508	352	241	5	3109	3349	10	0	926	1623
509	486	324	-8	3018	3258	10	988	0	416
510	133	455	25	3172	3412	10	0	992	1587
511	440	292	-25	3700	3940	10	420	0	1696
512	364	173	30	661	901	10	0	64	381
513	442	289	25	704	944	10	0	347	374
514	48	412	-9	4068	4308	10	548	0	156
515	344	70	-13	4523	4763	10	2	0	1579
516	78	406	-24	3782	4022	10	687	0	1527
517	329	456	19	936	1176	10	0	172	477
518	157	38	3	4131	4371	10	0	137	2069
519	374	260	-13	7039	7279	10	682	0	2767
520	297	283	-15	5338	5578	10	989	0	1740
521	210	113	-8	2701	2941	10	20	0	732
522	215	434	9	710	950	10	0	389	381
523	262	92	-19	2462	2702	10	739	0	133
524	140	108	-18	4225	4465	10	901	0	1630
525	235	108	-17	4258	4498	10	77	0	1180
526	210	133	15	2694	2934	10	0	224	1405
527	25	53	23	4020	4260	10	0	883	1867
528	339	113	-20	2982	3222	10	83	0	1368
529	394	310	-22	4334	4574	10	4	0	981
530	126	391	19	1031	1271	10	0	336	541
531	343	34	7	2839	3079	10	0	245	1421
532	354	416	-32	2657	2897	10	271	0	628
533	202	391	30	2434	2674	10	0	895	1262
534	367	97	-10	3892	4132	10	14	0	1954
535	188	151	-18	5127	5367	10	267	0	2535
536	111	178	-20	506	746	10	350	0	119
537	456	157	-29	5760	6000	10	441	0	2817
538	441	7	20	1506	1746	10	0	443	718
539	270	337	20	7071	7311	0	0	1004	3610
540	323	29	-2	4490	4730	10	340	0	1859
541	200	78	-9	3911	4151	10	986	0	380
542	330	281	14	5262	5502	10	0	472	2708
543	438	488	18	1249	1489	10	0	864	592
544	161	416	-12	3985	4225	10	354	0	634
545	30	97	23	4781	5021	10	0	147	2376
546	273	70	-11	2417	2657	10	450	0	864
547	214	245	8	36	276	10	0	387	119
548	221	291	9	124	364	10	0	514	156
549	79	467	-13	1346	1586	10	72	0	143
550	423	315	12	660	900	10	0	9	357
551	395	474	26	1488	1728	10	0	468	730
552	481	207	34	3364	3604	10	0	720	1684
553	199	203	20	5769	6009	0	0	1008	2969
554	497	483	12	1354	1594	10	0	164	627
555	449	428	25	4927	5167	10	0	372	2450
556	100	266	5	1819	2059	10	0	978	954
557	214	274	-19	5416	5656	10	49	0	716
558	16	68	-31	1066	1306	10	915	0	415
559	475	198	20	3281	3521	10	0	97	1645
560	371	427	23	3773	4013	10	0	265	1899
561	62	375	16	1335	1575	10	0	232	674
562	163	472	9	2554	2794	10	0	780	1277
563	13	314	14	915	1155	10	0	876	454
564	376	385	12	619	859	10	0	688	337
565	231	29	-8	4845	5085	10	55	0	1298
566	89	358	-28	4929	5169	10	398	0	1970
567	331	356	-18	2787	3027	10	993	0	119
568	365	190	-1	5850	6090	10	373	0	1006
569	256	441	34	644	884	10	0	163	346
570	120	37	-24	3041	3281	10	432	0	356
571	349	43	26	798	1038	10	0	847	404
572	230	487	20	4458	4698	10	0	213	2230
573	489	457	13	1205	1445	10	0	359	564
574	341	72	9	3159	3399	10	0	206	1599
575	181	441	-19	2107	2347	10	282	0	767
576	306	229	-6	5221	5461	10	244	0	830
577	492	326	-14	4756	4996	10	109	0	2021
578	347	459	25	1858	2098	10	0	982	933
579	66	88	2	3259	3499	10	0	485	1626
580	272	234	-25	6301	6541	10	428	0	638
581	134	194	-21	6547	6787	10	302	0	2677
582	320	211	16	3910	4150	10	0	338	2034
583	214	311	14	163	403	10	0	633	166
584	489	274	31	2075	2315	10	0	248	1037
585	231	410	-7	4886	5126	10	976	0	980
586	432	199	7	2494	2734	10	0	751	1272
587	29	358	23	2383	2623	10	0	933	1188
588	62	236	-32	2172	2412	10	180	0	902
589	333	163	-9	4901	5141	10	898	0	119
590	364	71	5	5334	5574	10	0	695	2680
591	125	65	-24	3094	3334	10	781	0	1459
592	429	476	-25	2233	2473	10	388	0	1069
593	161	275	-19	5327	5567	10	277	0	2076
594	365	274	-31	350	590	10	624	0	138
595	117	110	-24	3855	4095	10	141	0	706
596	166	345	-14	4459	4699	10	890	0	1079
597	345	146	-18	5696	5936	10	683	0	2445
598	324	99	-15	1292	1532	10	113	0	187
599	72	477	46	1034	1274	10	0	194	492
600	487	320	-15	3371	3611	10	927	0	1042
601	120	17	30	1056	1296	10	0	473	514
602	1	252	5	1041	1281	10	0	910	481
603	303	186	10	5357	5597	10	0	888	2756
604	428	302	-33	4004	4244	10	205	0	1881
605	264	135	-22	3458	3698	10	385	0	1087
606	223	178	-17	4485	4725	10	670	0	2264
607	174	347	3	3999	4239	10	0	959	2057
608	238	123	24	3064	3304	10	0	8	1588
609	187	61	-24	2120	2360	10	310	0	1040
610	52	303	-23	1705	1945	10	421	0	173
611	89	185	-27	2339	2579	10	644	0	332
612	341	59	27	3099	3339	10	0	297	1563
613	89	65	16	2821	3061	10	0	756	1407
614	495	355	-11	4913	5153	10	726	0	1050
615	368	452	16	2620	2860	10	0	296	1313
616	164	473	-17	1125	1365	10	246	0	463
617	171	34	21	4512	4752	10	0	158	2261
618	114	460	14	4284	4524	10	0	907	2136
619	224	3	10	2702	2942	10	0	824	1346
620	472	57	-10	5119	5359	10	636	0	2180
621	448	404	15	2336	2576	10	0	211	1162
622	390	120	-29	3957	4197	10	363	0	1766
623	386	225	13	3614	3854	10	0	268	1824
624	301	239	31	89	329	10	0	594	138
625	115	296	-12	6055	6295	10	212	0	2135
626	69	266	-33	2973	3213	10	306	0	947
627	115	395	11	3201	3441	10	0	997	1621
628	68	53	-15	2895	3135	10	375	0	1287
629	33	268	-37	2723	2963	10	934	0	234
630	450	45	24	1954	2194	10	0	661	953
631	351	5	-21	1924	2164	10	215	0	756
632	351	148	30	1785	2025	10	0	797	940
633	80	458	-14	1422	1662	10	583	0	166
634	60	5	-11	4115	4355	10	236	0	637
635	10	407	36	1678	1918	10	0	919	815
636	497	18	10	4460	4700	10	0	620	2180
637	437	98	16	4395	4635	10	0	65	2197
638	130	494	6	2975	3215	10	0	126	1471
639	391	202	14	476	716	10	0	308	283
640	43	210	20	723	963	10	0	407	376
641	381	457	28	1823	2063	10	0	431	909
642	449	190	-13	4500	4740	10	408	0	1245
643	429	169	-9	3551	3791	10	834	0	1198
644	105	140	27	608	848	10	0	611	332
645	282	10	-24	4986	5226	10	990	0	1991
646	20	480	-17	2221	2461	10	111	0	399
647	61	170	-21	3963	4203	10	966	0	937
648	210	81	-17	1536	1776	10	490	0	162
649	87	311	7	576	816	10	0	125	320
650	309	29	11	5116	5356	10	0	447	2563
651	397	57	-36	5844	6084	10	488	0	840
652	337	232	-12	6222	6462	10	78	0	2472
653	262	369	-10	457	697	10	203	0	224
654	41	232	16	761	1001	10	0	906	395
655	69	414	-28	4993	5233	10	758	0	1241
656	149	98	4	4600	4840	10	0	366	2296
657	207	487	-33	2697	2937	10	984	0	143
658	366	260	-21	6021	6261	10	219	0	740
659	497	54	-10	3852	4092	10	298	0	1415
660	210	379	-38	2775	3015	10	386	0	242
661	437	19	-24	3996	4236	10	630	0	953
662	181	260	23	159	399	10	0	39	164
663	125	61	26	2387	2627	10	0	470	1200
664	368	311	14	3644	3884	10	0	229	1875
665	80	400	-22	5725	5965	10	916	0	2102
666	75	118	-14	1576	1816	10	668	0	611
667	171	303	-34	6297	6537	10	93	0	2619
668	80	251	14	1154	1394	10	0	666	611
669	455	168	-8	3407	3647	10	102	0	1528
670	215	129	17	4414	4654	10	0	606	2264
671	179	318	-15	4423	4663	10	288	0	767
672	187	73	18	1108	1348	10	0	40	580
673	394	47	5	1192	1432	10	0	223	591
674	31	175	24	926	1166	10	0	12	393
675	339	144	-12	4336	4576	10	94	0	1866
676	492	34	5	3182	3422	10	0	416	1548
677	387	349	9	556	796	10	0	34	313
678	142	372	18	532	772	10	0	839	304
679	291	213	-11	4971	5211	10	42	0	2413
680	421	387	-7	3145	3385	10	128	0	946
681	274	403	-10	3490	3730	10	315	0	1080
682	434	359	13	5509	5749	10	0	519	2767
683	257	57	18	4844	5084	10	0	597	2445
684	428	202	24	3555	3795	10	0	874	1805
685	355	174	-14	2801	3041	10	793	0	371
686	46	389	22	967	1207	10	0	698	480
687	44	440	24	3095	3335	10	0	516	1527
688	491	369	-12	2858	3098	10	564	0	337
689	33	286	11	6124	6364	10	0	329	3064
690	351	128	-44	4953	5193	10	237	0	1967
691	485	428	-2	5900	6140	10	352	0	1397
692	273	149	-6	5951	6191	10	844	0	2339
693	447	184	-19	1638	1878	10	25	0	417
694	386	245	-30	1856	2096	10	314	0	730
695	323	77	-5	5560	5800	10	590	0	2680
696	21	70	15	3025	3265	10	0	240	1486
697	9	101	-16	2604	2844	10	108	0	419
698	71	304	-22	2696	2936	10	686	0	480
699	43	360	2	3281	3521	10	0	57	1643
700	396	417	13	3180	3420	10	0	96	1599
701	158	24	-12	2385	2625	10	851	0	973
702	164	320	-25	4319	4559	10	813	0	616
703	195	386	13	467	707	10	0	506	280
704	306	235	-19	112	352	10	803	0	132
705	66	314	26	659	899	10	0	1000	352
706	95	64	4	3004	3244	10	0	903	1500
707	348	348	23	3679	3919	10	0	380	1890
708	495	83	-15	1703	1943	10	256	0	402
709	61	214	-25	1307	1547	10	204	0	214
710	240	240	-18	6738	6978	10	944	0	3117
711	140	137	-19	2219	2459	10	987	0	1101
712	242	106	-27	5014	5254	10	831	0	688
713	392	491	-5	4471	4711	10	85	0	1323
714	342	481	18	5700	5940	10	0	954	2845
715	478	300	12	3498	3738	10	0	961	1752
716	299	285	-36	4955	5195	10	436	0	232
717	481	84	17	1962	2202	10	0	217	958
718	271	128	12	1322	1562	10	0	478	719
719	484	224	-20	1138	1378	10	153	0	555
720	441	177	-34	3945	4185	10	552	0	1684
721	46	163	-28	3644	3884	10	239	0	1260
722	493	493	-29	3366	3606	10	755	0	1351
723	253	74	-14	5340	5580	10	104	0	1128
724	390	34	7	4181	4421	10	0	148	2081
725	374	306	-15	3916	4156	10	261	0	1289
726	436	295	11	2053	2293	10	0	614	1050
727	371	315	-5	4603	4843	10	332	0	838
728	27	464	-17	5104	5344	10	735	0	2512
729	3	471	13	2783	3023	10	0	129	1345
730	418	269	-36	4759	4999	10	220	0	135
731	90	477	-11	991	1231	10	914	0	463
732	141	426	23	2066	2306	10	0	768	1049
733	418	251	21	4727	4967	10	0	6	2399
734	57	183	-5	4341	4581	10	466	0	1149
735	29	462	17	5178	5418	10	0	728	2512
736	55	318	13	1188	1428	10	0	209	610
737	18	24	-24	2453	2693	10	765	0	429
738	263	153	-14	1590	1830	10	381	0	135
739	289	220	19	77	317	10	0	523	133
740	84	255	13	1068	1308	10	0	222	570
741	159	299	12	4002	4242	10	0	474	2069
742	485	104	-14	3118	3358	10	75	0	647
743	178	135	-30	5995	6235	10	754	0	439
744	389	255	-13	3081	3321	10	459	0	415
745	457	280	-7	3939	4179	10	977	0	333
746	171	24	-14	5474	5714	10	477	0	1971
747	330	371	1	2174	2414	10	0	210	1134
748	10	237	19	2406	2646	10	0	362	1202
749	458	213	22	4453	4693	10	0	886	2240
750	257	391	-27	6472	6712	10	902	0	1764
751	482	184	-7	4367	4607	10	586	0	1272
752	222	331	-15	2098	2338	10	132	0	898
753	332	5	14	4071	4311	10	0	830	2026
754	47	208	30	846	1086	10	0	743	439
755	489	437	29	2767	3007	10	0	722	1351
756	165	59	-16	3711	3951	10	613	0	1407
757	211	446	15	4434	4674	10	0	202	2237
758	225	488	28	2482	2722	10	0	655	1241
759	355	485	-33	5856	6096	10	322	0	2050
760	441	374	-34	833	1073	10	250	0	230
761	399	175	-1	2928	3168	10	32	0	1270
762	103	464	-13	5032	5272	10	103	0	1885
763	244	13	-15	3992	4232	10	842	0	1575
764	51	360	-15	4518	4758	10	879	0	696
765	44	115	24	865	1105	10	0	737	429
766	312	453	6	2139	2379	10	0	321	1083
767	64	198	10	4294	4534	10	0	859	2170
768	67	451	-23	4802	5042	10	732	0	1049
769	371	71	21	1087	1327	10	0	342	555
770	439	156	-33	2043	2283	10	893	0	444
771	105	474	-29	1823	2063	10	833	0	445
772	366	288	29	2675	2915	10	0	873	1396
773	415	207	18	3540	3780	10	0	942	1804
774	58	39	12	4592	4832	10	0	505	2273
775	197	202	-26	4755	4995	10	323	0	867
776	442	5	16	1221	1461	10	0	92	574
777	71	12	2	1112	1352	10	0	507	527
778	74	215	10	855	1095	10	0	304	457
779	347	192	-3	5893	6133	10	152	0	1446
780	178	420	-9	4225	4465	10	562	0	1277
781	186	135	24	2811	3051	10	0	591	1459
782	176	199	-7	239	479	10	818	0	135
783	438	5	18	2136	2376	10	0	234	1033
784	150	68	23	1631	1871	10	0	133	831
785	185	434	9	2234	2474	10	0	249	1139
786	215	79	5	834	1074	10	0	185	449
787	177	486	-15	6329	6569	10	858	0	2300
788	49	437	-6	1650	1890	10	231	0	709
789	100	66	15	5539	5779	10	0	305	2770
790	35	344	21	3392	3632	10	0	312	1698
791	433	447	-5	3117	3357	10	872	0	311
792	372	97	13	795	1035	10	0	98	419
793	344	203	14	609	849	10	0	685	371
794	423	170	-9	1992	2232	10	871	0	518
795	171	188	-13	2422	2662	10	946	0	144
796	64	5	14	4456	4696	10	0	461	2194
797	371	163	-30	3251	3491	10	632	0	940
798	398	210	-33	493	733	10	809	0	247
799	48	437	-2	3155	3395	10	264	0	705
800	392	1	11	2361	2601	10	0	838	1157
801	195	464	-22	6105	6345	10	110	0	924
802	211	248	26	39	279	10	0	866	119
803	293	228	19	73	313	10	0	704	132
804	23	235	-5	4033	4273	10	317	0	1611
805	213	185	21	179	419	10	0	960	172
806	172	292	17	308	548	10	0	499	229
807	228	287	21	52	292	10	0	832	124
808	387	394	8	4330	4570	10	0	50	2185
809	374	232	33	381	621	10	0	798	247
810	48	366	-20	2912	3152	10	161	0	1297
811	44	311	-27	1570	1810	10	318	0	522
812	447	272	12	1475	1715	10	0	410	758
813	132	477	25	1249	1489	10	0	702	616
814	80	117	24	3237	3477	10	0	963	1630
815	11	403	-15	1312	1552	10	397	0	297
816	144	220	35	321	561	10	0	331	225
817	473	491	23	1593	1833	10	0	439	675
818	210	219	7	82	322	10	0	782	135
819	452	484	26	5054	5294	10	0	821	2492
820	365	28	9	1013	1253	10	0	344	501
821	498	456	-26	5564	5804	10	819	0	2492
822	84	453	19	4832	5072	0	0	1003	2404
823	91	427	-25	3470	3710	10	494	0	858
824	178	72	-10	2967	3207	10	619	0	1346
825	409	155	19	621	861	10	0	11	337
826	132	151	22	496	736	10	0	62	290
827	136	430	-14	2781	3021	10	176	0	1067
828	292	104	26	1156	1396	10	0	985	622
829	443	167	17	2113	2353	10	0	178	1071
830	321	149	-14	5638	5878	10	753	0	2026
831	235	13	27	1375	1615	10	0	712	688
832	166	440	-21	711	951	10	807	0	124
833	112	433	29	880	1120	10	0	771	445
834	452	172	9	2373	2613	10	0	643	1198
835	37	281	-22	1913	2153	10	327	0	634
836	414	378	-4	1919	2159	10	493	0	167
837	475	352	33	1179	1419	10	0	82	585
838	400	71	-11	5428	5668	10	800	0	1157
839	286	244	-18	5076	5316	10	678	0	304
840	429	389	-13	1636	1876	10	61	0	406
841	92	76	-12	4496	4736	10	67	0	330
842	124	111	15	3098	3338	10	0	763	1575
843	268	458	-21	2032	2272	10	364	0	165
844	352	63	6	4653	4893	10	0	692	2339
845	49	118	-10	4226	4466	10	486	0	1756
846	398	329	-24	551	791	10	917	0	231
847	382	9	-26	1027	1267	10	571	0	404
848	229	322	-8	6581	6821	10	218	0	1282
849	279	355	-30	605	845	10	251	0	142
850	266	221	9	33	273	10	0	145	119
851	142	80	12	1908	2148	10	0	701	973
852	359	287	24	340	580	10	0	227	232
853	482	104	-20	3170	3410	10	357	0	869
854	284	457	-33	5934	6174	10	974	0	2115
855	64	294	12	4345	4585	10	0	343	2196
856	404	59	13	3592	3832	10	0	952	1793
857	68	160	-25	4483	4723	10	293	0	1127
858	211	411	15	4526	4766	10	0	787	2300
859	30	155	-10	5062	5302	10	767	0	2170
860	240	34	-13	6178	6418	10	114	0	1475
861	107	374	-15	3597	3837	10	435	0	396
862	404	140	8	4975	5215	10	0	969	2467
863	436	467	12	2884	3124	10	0	285	1419
864	421	386	-18	3237	3477	10	543	0	592
865	182	480	-18	1399	1639	10	139	0	121
866	9	233	-26	1165	1405	10	802	0	119
867	110	251	23	1931	2171	10	0	241	1015
868	19	38	-13	3329	3569	10	909	0	1444
869	46	248	-40	3195	3435	10	931	0	1274
870	308	199	14	5973	6213	10	0	402	3067
871	423	221	9	973	1213	10	0	794	518
872	313	391	5	538	778	10	0	791	311
873	413	345	-29	4812	5052	10	772	0	1396
874	278	450	-24	5440	5680	10	684	0	1805
875	94	497	31	3069	3309	10	0	290	1508
876	7	382	-14	3022	3262	10	563	0	454
877	493	111	26	2104	2344	10	0	188	1032
878	392	87	-28	4671	4911	10	325	0	528
879	13	394	15	1430	1670	10	0	764	696
880	259	301	25	335	575	10	0	90	261
881	351	233	-10	5631	5871	10	19	0	2814
882	313	493	-10	4712	4952	10	391	0	607
883	65	62	-23	3846	4086	10	527	0	1867
884	417	212	-13	3581	3821	10	242	0	1756
885	450	194	-19	2439	2679	10	371	0	219
886	470	138	-22	5498	5738	10	749	0	2240
887	190	267	-1	6955	7195	10	208	0	1050
888	248	214	-10	5857	6097	10	603	0	2756
889	50	383	20	980	1220	10	0	492	489
890	244	422	14	2091	2331	10	0	596	1079
891	60	29	-14	5391	5631	10	504	0	2048
892	5	445	-23	1184	1424	10	377	0	429
893	490	276	33	891	1131	10	0	770	444
894	441	100	31	3434	3674	10	0	348	1715
895	162	388	-30	4444	4684	10	533	0	1262
896	244	277	-13	5145	5385	10	451	0	372
897	406	408	-8	5765	6005	10	123	0	1581
898	265	240	9	18	258	10	0	589	119
899	130	186	-16	465	705	10	59	0	200
900	382	110	-28	4390	4630	10	233	0	1779
901	142	14	18	3281	3521	10	0	524	1630
902	352	487	27	3547	3787	10	0	750	1764
903	307	52	-4	3622	3862	10	706	0	1500
904	418	399	20	1691	1931	10	0	28	853
905	196	56	15	2378	2618	10	0	962	1208
906	66	31	-16	4134	4374	10	654	0	395
907	90	496	-14	5521	5761	10	618	0	2136
908	480	136	22	907	1147	10	0	74	445
909	65	82	13	2898	3138	10	0	868	1444
910	48	293	-5	1044	1284	10	602	0	481
911	105	181	-25	6065	6305	10	406	0	2340
912	215	282	-14	5702	5942	10	294	0	2940
913	257	133	-22	3389	3629	10	349	0	149
914	77	465	11	984	1224	10	0	731	463
915	43	135	31	827	1067	10	0	558	415
916	27	444	22	4261	4501	10	0	665	2102
917	357	290	24	337	577	10	0	846	231
918	38	15	-24	4304	4544	10	17	0	2095
919	80	337	-36	4417	4657	10	635	0	815
920	36	451	-11	3495	3735	10	47	0	1714
921	291	251	20	44	284	10	0	396	121
922	195	111	-27	3932	4172	10	191	0	119
923	383	17	15	3702	3942	10	0	422	1836
924	53	466	9	1280	1520	10	0	426	613
925	114	102	21	1969	2209	10	0	107	1004
926	350	199	-5	4746	4986	10	508	0	1623
927	405	349	15	2029	2269	10	0	600	1042
928	472	248	11	3278	3518	10	0	444	1647
929	333	293	27	2408	2648	10	0	374	1277
930	174	397	-2	4919	5159	10	307	0	1367
931	2	264	40	2558	2798	10	0	869	1274
932	7	82	25	1586	1826	10	0	51	765
933	34	329	-23	4112	4352	10	587	0	1188
934	158	179	37	345	585	10	0	629	234
935	421	499	-11	5321	5561	10	434	0	1425
936	345	431	12	1320	1560	10	0	38	677
937	370	262	15	4338	4578	10	0	58	2228
938	77	172	-34	3082	3322	10	142	0	744
939	87	51	-12	1997	2237	10	309	0	886
940	468	352	9	3013	3253	10	0	151	1414
941	63	420	-9	2018	2258	10	168	0	317
942	347	184	-18	4255	4495	10	773	0	1804
943	206	174	-18	3139	3379	10	376	0	1491
944	209	212	18	6051	6291	10	0	710	3117
945	466	362	-16	4549	4789	10	162	0	515
946	201	278	13	106	346	10	0	795	144
947	206	172	-9	3092	3332	10	131	0	1130
948	471	94	-12	3935	4175	10	15	0	1136
949	331	134	11	4435	4675	10	0	127	2266
950	274	261	-7	6768	7008	10	200	0	1869
951	219	215	32	67	307	10	0	971	130
952	349	76	-13	4063	4303	10	856	0	1793
953	86	189	21	847	1087	10	0	433	456
954	336	493	-18	5912	6152	10	714	0	2845
955	7	194	-35	3745	3985	10	36	0	156
956	492	335	10	3253	3493	10	0	259	1618
957	248	386	22	1453	1693	10	0	484	778
958	463	406	-33	3369	3609	10	122	0	1667
959	199	438	-3	5382	5622	10	607	0	2057
960	135	30	-21	1838	2078	10	805	0	172
961	447	267	-12	3858	4098	10	715	0	1752
962	235	33	-15	5288	5528	10	905	0	1208
963	63	155	-24	3799	4039	10	814	0	1630
964	294	421	-22	6242	6482	10	419	0	1299
965	318	99	35	4791	5031	10	0	370	2430
966	21	146	21	1887	2127	10	0	647	937
967	30	7	-22	4694	4934	10	182	0	1358
968	410	399	25	875	1115	10	0	353	448
969	405	187	-8	4942	5182	10	862	0	2467
970	109	56	27	839	1079	10	0	497	419
971	212	47	-32	3144	3384	10	951	0	130
972	479	387	13	1530	1770	10	0	998	751
973	167	291	-31	6477	6717	10	440	0	1477
974	259	498	33	4240	4480	10	0	854	2115
975	461	182	13	2456	2696	10	0	105	1237
976	277	428	7	1901	2141	10	0	585	980
977	290	328	7	515	755	10	0	745	333
978	146	313	-5	4721	4961	10	556	0	954
979	40	304	-13	4519	4759	10	21	0	2126
980	56	268	-20	4196	4436	10	54	0	731
981	104	28	-19	5832	6072	10	418	0	2378
982	370	493	-25	2225	2465	10	578	0	933
983	136	265	12	340	580	10	0	7	232
984	247	306	33	104	344	10	0	657	143
985	241	38	-26	2067	2307	10	828	0	622
986	180	162	9	634	874	10	0	541	380
987	253	118	19	2129	2369	10	0	711	1101
988	413	391	8	808	1048	10	0	509	416
989	380	350	15	3406	3646	10	0	520	1740
990	391	112	24	3941	4181	10	0	645	1991
991	86	199	23	1051	1291	10	0	120	544
992	91	326	-25	3793	4033	10	510	0	1587
993	287	256	18	37	277	10	0	567	119
994	203	211	-20	5166	5406	10	190	0	2522
995	79	80	19	5468	5708	10	0	415	2733
996	32	319	-18	1542	1782	10	345	0	581
997	167	445	-11	5588	5828	10	627	0	1621
998	439	237	-13	3694	3934	10	972	0	751
999	373	418	-23	4978	5218	10	156	0	2406
1000	26	342	-26	1224	1464	10	705	0	352
1001	56	75	-24	5691	5931	10	48	0	2834
1002	228	260	-12	6362	6602	10	411	0	3288
1003	84	453	-19	4832	5072	10	822	0	2404
1004	270	337	-20	7071	7311	10	539	0	3610
1005	261	201	-15	5996	6236	10	27	0	3092
1006	243	408	-15	5675	5915	10	392	0	2878
1007	33	152	-17	5220	5460	10	394	0	2610
1008	199	203	-20	5769	6009	10	553	0	2969

