250	1000	1
0	250	250	0	0	7697	0	0	0
1	228	399	14	2285	2525	10	0	492	0
2	325	56	-13	0	7480	10	595	0	0
3	290	145	-1	5066	5306	10	32	0	0
4	340	291	22	1822	2062	10	0	261	0
5	370	382	-38	0	7509	10	255	0	0
6	273	255	18	0	7664	10	0	993	0
7	36	301	21	0	7468	0	0	1003	0
8	117	178	-26	4409	4649	10	399	0	0
9	295	283	26	3513	3753	10	0	896	0
10	57	43	-15	0	7404	10	240	0	0
11	436	123	40	781	1021	10	0	79	0
12	48	162	-13	0	7467	10	909	0	0
13	222	499	7	0	7437	10	0	758	0
14	376	92	10	0	7485	10	0	229	0
15	437	90	-15	0	7441	10	245	0	0
16	3	23	11	1506	1746	10	0	48	0
17	94	40	-32	4212	4452	10	737	0	0
18	398	476	-15	0	7417	10	621	0	0
19	307	249	-16	0	7630	10	162	0	0
20	179	286	-5	1305	1545	10	316	0	0
21	0	356	-2	0	7416	10	579	0	0
22	143	158	-1	0	7546	10	140	0	0
23	413	476	34	4656	4896	10	0	819	0
24	371	488	-6	2271	2511	10	766	0	0
25	415	118	-26	0	7476	10	223	0	0
26	440	77	-9	0	7431	10	820	0	0
27	261	201	-21	5996	6236	10	926	0	0
28	490	286	-11	2029	2269	10	928	0	0
29	309	161	23	2273	2513	10	0	908	0
30	39	162	18	0	7459	10	0	465	0
31	361	178	-34	3830	4070	10	552	0	0
32	261	138	1	0	7575	10	0	3	0
33	447	383	-29	831	1071	10	864	0	0
34	346	354	8	3210	3450	10	0	873	0
35	461	195	-17	0	7469	10	829	0	0
36	187	263	-27	0	7623	10	973	0	0
37	130	247	17	0	7567	10	0	734	0
38	328	491	21	2653	2893	10	0	135	0
39	161	276	-22	474	714	10	349	0	0
40	365	74	24	3334	3574	10	0	361	0
41	168	109	10	757	997	10	0	844	0
42	111	192	11	0	7537	10	0	433	0
43	87	213	-8	0	7520	10	547	0	0
44	45	166	22	0	7466	10	0	421	0
45	62	94	-7	0	7443	10	963	0	0
46	348	476	-32	0	7441	10	271	0	0
47	64	437	-30	0	7424	10	892	0	0
48	56	75	-11	0	7426	10	16	0	0
49	24	259	19	0	7461	10	0	77	0
50	295	247	-20	5154	5394	10	190	0	0
51	6	53	8	0	7374	10	0	628	0
52	15	11	15	0	7352	10	0	796	0
53	179	497	1	0	7430	10	0	997	0
54	67	352	20	1433	1673	10	0	294	0
55	317	45	8	0	7472	10	0	324	0
56	40	278	-25	0	7476	10	293	0	0
57	33	278	18	5889	6129	10	0	556	0
58	322	290	23	0	7605	10	0	950	0
59	159	226	16	256	496	10	0	160	0
60	208	445	-7	0	7488	10	464	0	0
61	453	360	13	804	1044	10	0	623	0
62	34	169	-15	0	7457	10	696	0	0
63	436	25	-14	5069	5309	10	659	0	0
64	393	98	13	2950	3190	10	0	969	0
65	466	96	-7	0	7422	10	531	0	0
66	366	390	-6	5213	5453	10	335	0	0
67	303	78	12	0	7508	10	0	619	0
68	374	116	-30	0	7505	10	948	0	0
69	424	288	-19	0	7509	10	961	0	0
70	191	84	13	0	7511	10	0	477	0
71	59	276	-13	0	7495	10	72	0	0
72	215	293	13	102	342	10	0	71	0
73	343	276	15	266	506	10	0	840	0
74	488	173	25	4781	5021	10	0	152	0
75	452	110	-14	0	7442	10	92	0	0
76	153	244	5	0	7590	10	0	944	0
77	176	200	-19	2210	2450	10	49	0	0
78	498	171	12	0	7427	10	0	363	0
79	492	188	-40	2801	3041	10	11	0	0
80	177	156	25	0	7568	10	0	422	0
81	398	49	21	3107	3347	10	0	769	0
82	497	296	14	0	7436	10	0	451	0
83	276	84	20	0	7519	10	0	234	0
84	128	113	-33	0	7504	10	275	0	0
85	422	498	5	0	7386	10	0	691	0
86	460	424	-8	5758	5998	10	123	0	0
87	246	314	-23	5721	5961	10	707	0	0
88	0	422	-20	3224	3464	10	161	0	0
89	166	247	1	216	456	10	0	108	0
90	311	422	29	0	7505	10	0	372	0
91	392	95	-17	3005	3245	10	534	0	0
92	460	117	14	0	7439	10	0	75	0
93	28	467	34	0	7377	10	0	106	0
94	375	145	-20	3657	3897	10	153	0	0
95	240	255	-20	6384	6624	10	401	0	0
96	440	436	-16	3508	3748	10	615	0	0
97	454	201	-13	5160	5400	10	856	0	0
98	407	35	-22	0	7421	10	478	0	0
99	420	383	27	0	7472	10	0	367	0
100	264	180	33	0	7616	10	0	310	0
101	440	294	-31	3781	4021	10	262	0	0
102	500	228	-9	3067	3307	10	898	0	0
103	144	331	-6	3665	3905	10	244	0	0
104	98	2	-3	2307	2547	10	146	0	0
105	461	186	-27	0	7467	10	794	0	0
106	68	450	-34	0	7417	10	93	0	0
107	153	192	13	0	7574	10	0	697	0
108	34	239	-1	816	1056	10	89	0	0
109	465	367	-31	4047	4287	10	584	0	0
110	208	488	-18	1850	2090	10	155	0	0
111	93	413	17	785	1025	10	0	835	0
112	371	332	14	0	7541	10	0	846	0
113	231	167	15	221	461	10	0	383	0
114	179	75	-4	2900	3140	10	656	0	0
115	196	489	23	4061	4301	10	0	431	0
116	280	245	21	0	7657	0	0	1009	0
117	108	37	-14	0	7432	10	449	0	0
118	1	101	-26	4969	5209	10	232	0	0
119	420	80	24	0	7447	10	0	243	0
120	38	190	-15	0	7467	10	375	0	0
121	470	405	-10	3643	3883	10	276	0	0
122	448	397	33	0	7441	10	0	940	0
123	471	427	8	0	7404	10	0	86	0
124	146	376	8	877	1117	10	0	890	0
125	12	358	7	4837	5077	10	0	184	0
126	175	422	-29	5726	5966	10	874	0	0
127	297	131	25	4602	4842	10	0	658	0
128	457	492	-20	0	7369	10	722	0	0
129	69	423	-18	0	7437	10	731	0	0
130	97	288	22	5076	5316	10	0	426	0
131	172	314	9	0	7587	10	0	296	0
132	170	347	15	1683	1923	10	0	858	0
133	103	123	8	1899	2139	10	0	763	0
134	154	374	-12	0	7531	10	983	0	0
135	318	497	-21	0	7431	10	38	0	0
136	330	147	-21	3334	3574	10	227	0	0
137	241	180	-6	6718	6958	10	378	0	0
138	174	67	15	0	7489	10	0	695	0
139	235	288	-15	0	7647	10	474	0	0
140	94	192	1	0	7521	10	0	22	0
141	232	101	24	1324	1564	10	0	962	0
142	28	180	34	1482	1722	10	0	278	0
143	64	135	11	3413	3653	10	0	721	0
144	174	376	-18	0	7540	10	815	0	0
145	293	174	31	229	469	10	0	800	0
146	218	12	3	2116	2356	10	0	104	0
147	110	122	14	0	7498	10	0	236	0
148	459	53	20	0	7400	10	0	631	0
149	173	474	-27	0	7451	10	194	0	0
150	135	400	-20	0	7498	10	572	0	0
151	497	266	25	2930	3170	10	0	614	0
152	380	194	-25	0	7546	10	74	0	0
153	495	227	20	0	7441	10	0	94	0
154	268	351	7	6640	6880	10	0	880	0
155	213	399	18	876	1116	10	0	110	0
156	448	414	-25	0	7430	10	388	0	0
157	327	139	13	4969	5209	10	0	408	0
158	151	81	-18	0	7492	10	267	0	0
159	425	448	-2	3118	3358	10	352	0	0
160	92	259	-16	0	7529	10	59	0	0
161	59	388	20	2591	2831	10	0	88	0
162	468	360	16	0	7443	10	0	19	0
163	332	459	-19	0	7463	10	172	0	0
164	469	489	-12	2162	2402	10	554	0	0
165	248	176	-14	5546	5786	10	381	0	0
166	174	41	15	0	7465	10	0	541	0
167	343	205	26	3009	3249	10	0	637	0
168	154	392	9	0	7516	10	0	315	0
169	92	18	-32	0	7407	10	891	0	0
170	250	328	24	0	7609	10	0	790	0
171	88	484	5	0	7403	10	0	788	0
172	360	488	19	1202	1442	10	0	163	0
173	156	65	22	4089	4329	10	0	470	0
174	18	225	-19	2705	2945	10	495	0	0
175	152	476	45	2030	2270	10	0	575	0
176	176	470	-22	0	7455	10	235	0	0
177	195	450	-9	5884	6124	10	522	0	0
178	466	149	-19	4684	4924	10	853	0	0
179	221	269	14	0	7653	10	0	671	0
180	105	137	-20	0	7504	10	994	0	0
181	284	319	-7	3207	3447	10	453	0	0
182	41	120	-18	2724	2964	10	536	0	0
183	263	418	25	0	7519	10	0	848	0
184	218	271	-7	6235	6475	10	125	0	0
185	365	119	-24	0	7513	10	457	0	0
186	89	322	-10	4023	4263	10	448	0	0
187	180	283	23	2915	3155	10	0	218	0
188	385	17	40	3175	3415	10	0	708	0
189	401	314	-4	3846	4086	10	725	0	0
190	245	176	20	4879	5119	10	0	50	0
191	251	238	27	0	7675	10	0	253	0
192	139	438	24	796	1036	10	0	561	0
193	236	126	23	379	619	10	0	252	0
194	61	441	27	2115	2355	10	0	149	0
195	405	454	-23	0	7431	10	592	0	0
196	111	392	18	4616	4856	10	0	660	0
197	373	421	21	890	1130	10	0	358	0
198	247	443	17	0	7494	10	0	323	0
199	322	406	-15	0	7516	10	397	0	0
200	412	478	-10	3779	4019	10	391	0	0
201	374	346	27	0	7531	10	0	487	0
202	122	422	3	0	7473	10	0	327	0
203	261	359	10	0	7578	10	0	585	0
204	173	182	25	291	531	10	0	238	0
205	398	341	-12	0	7514	10	374	0	0
206	413	127	28	0	7483	10	0	770	0
207	325	311	-23	5229	5469	10	410	0	0
208	80	357	1	2062	2302	10	0	667	0
209	67	378	-17	0	7464	10	490	0	0
210	216	341	-17	0	7590	10	330	0	0
211	498	457	-13	0	7364	10	972	0	0
212	44	344	-12	0	7461	10	832	0	0
213	352	481	15	5079	5319	10	0	954	0
214	237	420	15	0	7517	10	0	757	0
215	389	43	21	0	7438	10	0	538	0
216	292	136	-30	0	7566	10	645	0	0
217	426	38	-30	0	7412	10	416	0	0
218	245	461	-23	0	7476	10	187	0	0
219	415	253	-27	0	7522	10	519	0	0
220	298	264	36	80	320	10	0	263	0
221	307	412	8	0	7516	10	0	380	0
222	53	204	8	4160	4400	10	0	670	0
223	480	152	26	0	7437	10	0	25	0
224	262	97	17	0	7534	10	0	598	0
225	83	169	21	0	7502	10	0	955	0
226	377	432	-27	0	7466	10	902	0	0
227	390	249	21	0	7547	10	0	136	0
228	132	479	11	910	1150	10	0	417	0
229	359	246	-10	5631	5871	10	14	0	0
230	314	205	22	6047	6287	10	0	580	0
231	124	448	6	0	7453	10	0	686	0
232	0	188	26	0	7430	10	0	118	0
233	343	166	-9	3444	3684	10	677	0	0
234	482	141	-20	3983	4223	10	83	0	0
235	162	306	22	417	657	10	0	176	0
236	24	71	-14	1324	1564	10	147	0	0
237	188	119	-17	3839	4079	10	295	0	0
238	100	85	-25	0	7465	10	204	0	0
239	103	177	28	2446	2686	10	0	649	0
240	26	67	15	0	7398	10	0	10	0
241	164	332	-15	5059	5299	10	435	0	0
242	385	285	-2	3412	3652	10	307	0	0
243	209	68	-24	0	7501	10	119	0	0
244	149	341	6	0	7552	10	0	103	0
245	415	95	15	4647	4887	10	0	15	0
246	167	488	17	940	1180	10	0	827	0
247	413	493	-23	4813	5053	10	483	0	0
248	439	222	22	3858	4098	10	0	444	0
249	150	484	16	2441	2681	10	0	610	0
250	299	353	34	0	7573	10	0	359	0
251	273	300	30	100	340	10	0	849	0
252	402	277	-23	5694	5934	10	193	0	0
253	239	15	-27	0	7452	10	191	0	0
254	363	225	35	3363	3603	10	0	268	0
255	65	343	38	769	1009	10	0	5	0
256	351	60	15	0	7472	10	0	923	0
257	60	246	25	640	880	10	0	934	0
258	144	35	-18	0	7448	10	901	0	0
259	463	253	23	4128	4368	10	0	945	0
260	332	382	-33	3982	4222	10	837	0	0
261	408	318	-22	2512	2752	10	4	0	0
262	452	206	31	1909	2149	10	0	101	0
263	471	368	-36	1652	1892	10	220	0	0
264	93	490	2	1457	1697	10	0	514	0
265	241	402	-26	0	7535	10	337	0	0
266	60	231	-30	0	7497	10	754	0	0
267	172	66	18	0	7488	10	0	158	0
268	404	207	-35	3582	3822	10	254	0	0
269	286	356	-15	328	568	10	313	0	0
270	489	338	-25	5529	5769	10	704	0	0
271	334	481	32	1262	1502	10	0	46	0
272	26	442	23	0	7392	10	0	583	0
273	226	175	-16	6715	6955	10	613	0	0
274	488	3	3	0	7344	10	0	603	0
275	178	150	33	0	7564	10	0	84	0
276	371	423	10	724	964	10	0	121	0
277	5	224	-23	0	7441	10	545	0	0
278	94	344	-34	2669	2909	10	142	0	0
279	153	235	10	273	513	10	0	602	0
280	12	367	-13	1243	1483	10	946	0	0
281	217	357	-19	0	7576	10	282	0	0
282	255	487	19	0	7450	10	0	281	0
283	149	214	7	0	7580	10	0	385	0
284	169	305	-14	0	7590	10	312	0	0
285	487	446	-8	5301	5541	10	808	0	0
286	267	374	-17	0	7562	10	854	0	0
287	360	294	9	0	7569	10	0	761	0
288	185	431	-33	0	7495	10	322	0	0
289	325	210	15	0	7602	10	0	443	0
290	175	352	-20	6600	6840	10	787	0	0
291	76	462	-13	3764	4004	10	736	0	0
292	19	273	25	0	7455	10	0	345	0
293	72	227	25	2195	2435	10	0	56	0
294	213	283	-20	0	7638	10	54	0	0
295	130	140	17	0	7525	10	0	237	0
296	274	442	-9	4205	4445	10	131	0	0
297	337	41	-20	0	7461	10	350	0	0
298	372	39	10	2834	3074	10	0	651	0
299	269	112	19	0	7548	10	0	441	0
300	224	56	13	0	7492	10	0	805	0
301	340	416	36	1224	1464	10	0	989	0
302	13	214	21	5354	5594	10	0	387	0
303	230	320	8	4708	4948	10	0	912	0
304	6	196	-19	4753	4993	10	418	0	0
305	87	3	-2	0	7392	10	777	0	0
306	133	202	-16	1782	2022	10	654	0	0
307	235	316	2	2563	2803	10	0	242	0
308	435	180	-12	0	7490	10	718	0	0
309	173	65	12	1734	1974	10	0	842	0
310	245	42	-33	2129	2369	10	100	0	0
311	384	149	-27	0	7520	10	693	0	0
312	51	286	14	0	7485	10	0	284	0
313	267	290	15	54	294	10	0	269	0
314	453	318	30	1435	1675	10	0	685	0
315	189	402	-9	0	7524	10	168	0	0
316	210	276	5	71	311	10	0	20	0
317	120	261	-23	3113	3353	10	991	0	0
318	35	263	27	0	7472	10	0	767	0
319	429	59	9	1775	2015	10	0	724	0
320	330	308	-24	0	7589	10	511	0	0
321	58	391	16	3469	3709	10	0	593	0
322	260	472	33	4084	4324	10	0	288	0
323	217	333	-17	0	7598	10	198	0	0
324	335	46	-8	5307	5547	10	55	0	0
325	198	85	-21	990	1230	10	743	0	0
326	138	28	23	4326	4566	10	0	723	0
327	29	336	-3	0	7450	10	202	0	0
328	200	27	-26	0	7459	10	663	0	0
329	157	269	31	0	7593	10	0	976	0
330	177	404	17	0	7517	10	0	210	0
331	202	28	-25	3677	3917	10	370	0	0
332	366	334	5	0	7544	10	0	436	0
333	149	458	13	0	7456	10	0	823	0
334	481	454	-13	1222	1462	10	700	0	0
335	377	385	6	3405	3645	10	0	66	0
336	217	207	26	0	7633	10	0	515	0
337	96	346	26	681	921	10	0	265	0
338	224	320	-2	5075	5315	10	699	0	0
339	206	97	33	1732	1972	10	0	711	0
340	438	127	-31	0	7463	10	369	0	0
341	494	468	31	1350	1590	10	0	555	0
342	494	165	-16	2357	2597	10	886	0	0
343	5	281	16	0	7441	10	0	689	0
344	441	60	-5	0	7418	10	673	0	0
345	14	232	-25	0	7451	10	292	0	0
346	288	439	16	1034	1274	10	0	517	0
347	420	224	10	1656	1896	10	0	749	0
348	267	162	6	0	7598	10	0	706	0
349	195	273	22	118	358	10	0	39	0
350	233	230	20	0	7661	10	0	297	0
351	382	360	-14	652	892	10	542	0	0
352	406	460	2	2817	3057	10	0	159	0
353	499	316	-7	0	7430	10	403	0	0
354	246	407	12	1186	1426	10	0	494	0
355	283	454	14	0	7481	10	0	750	0
356	426	231	-21	4054	4294	10	404	0	0
357	432	2	20	1806	2046	10	0	571	0
358	404	439	-21	0	7444	10	197	0	0
359	397	477	-34	0	7417	10	250	0	0
360	44	140	-16	3413	3653	10	899	0	0
361	330	138	-24	0	7550	10	40	0	0
362	39	153	-21	0	7455	10	857	0	0
363	397	153	-12	3470	3710	10	78	0	0
364	226	316	21	161	401	10	0	533	0
365	354	156	-21	0	7547	10	454	0	0
366	201	66	14	0	7497	10	0	535	0
367	389	156	-27	2802	3042	10	99	0	0
368	134	211	-35	422	662	10	816	0	0
369	386	154	31	0	7521	10	0	340	0
370	335	99	25	0	7514	10	0	331	0
371	356	256	19	0	7581	10	0	600	0
372	240	362	-29	0	7575	10	90	0	0
373	412	100	1	0	7467	10	0	870	0
374	394	322	12	4039	4279	10	0	205	0
375	48	150	15	0	7462	10	0	120	0
376	225	121	-21	0	7556	10	953	0	0
377	102	422	23	0	7461	10	0	566	0
378	339	41	6	0	7460	10	0	137	0
379	440	201	29	0	7491	0	0	1010	0
380	411	379	-8	4713	4953	10	221	0	0
381	219	210	14	0	7637	10	0	165	0
382	250	441	5	0	7496	10	0	780	0
383	210	29	-15	4143	4383	10	113	0	0
384	178	302	19	3486	3726	10	0	801	0
385	148	208	-7	0	7577	10	283	0	0
386	225	369	38	366	606	10	0	785	0
387	16	287	-21	0	7451	10	302	0	0
388	450	416	25	2247	2487	10	0	156	0
389	287	397	12	0	7536	10	0	468	0
390	285	247	-14	0	7652	10	668	0	0
391	351	481	10	1227	1467	10	0	200	0
392	243	408	-11	5675	5915	10	895	0	0
393	137	377	-26	0	7518	10	476	0	0
394	33	152	-3	5220	5460	10	845	0	0
395	68	303	22	825	1065	10	0	703	0
396	456	113	17	4849	5089	10	0	779	0
397	134	276	15	0	7569	10	0	199	0
398	26	221	28	0	7462	10	0	782	0
399	79	257	26	3752	3992	10	0	8	0
400	181	185	19	6395	6635	10	0	951	0
401	104	349	20	3977	4217	10	0	95	0
402	267	174	-19	6413	6653	10	911	0	0
403	475	267	7	0	7462	10	0	353	0
404	385	239	21	3082	3322	10	0	356	0
405	95	382	-33	865	1105	10	984	0	0
406	67	190	25	0	7495	10	0	499	0
407	32	94	-15	3661	3901	10	868	0	0
408	401	164	-13	0	7514	10	157	0	0
409	376	113	8	0	7501	10	0	675	0
410	409	255	23	0	7528	10	0	207	0
411	228	260	-8	6362	6602	10	861	0	0
412	363	34	19	0	7444	10	0	717	0
413	274	441	12	0	7495	10	0	501	0
414	146	188	-23	0	7566	10	867	0	0
415	212	186	-8	6826	7066	10	981	0	0
416	432	66	30	0	7429	10	0	217	0
417	83	300	-11	1939	2179	10	228	0	0
418	51	89	19	0	7432	10	0	304	0
419	379	486	22	2627	2867	10	0	439	0
420	440	284	-9	0	7494	10	574	0	0
421	175	239	-22	0	7612	10	44	0	0
422	282	1	-25	4110	4350	10	80	0	0
423	268	113	-36	2659	2899	10	546	0	0
424	480	131	-15	0	7429	10	442	0	0
425	429	67	-24	2869	3109	10	608	0	0
426	162	301	-22	6392	6632	10	130	0	0
427	281	96	1	4443	4683	10	0	684	0
428	495	199	-27	0	7437	10	885	0	0
429	372	115	-10	0	7506	10	636	0	0
430	396	83	-30	6286	6526	10	847	0	0
431	239	486	-23	0	7451	10	115	0	0
432	288	70	24	0	7504	10	0	683	0
433	66	163	-11	1522	1762	10	42	0	0
434	470	417	11	0	7411	10	0	863	0
435	226	423	15	728	968	10	0	241	0
436	342	319	-5	0	7572	10	332	0	0
437	174	122	14	0	7539	10	0	672	0
438	49	353	-21	5724	5964	10	966	0	0
439	448	495	-22	0	7372	10	419	0	0
440	13	465	-19	0	7368	10	941	0	0
441	489	159	-19	5651	5891	10	299	0	0
442	311	203	15	2830	3070	10	0	424	0
443	480	119	-15	2454	2694	10	289	0	0
444	442	153	-22	4695	4935	10	248	0	0
445	148	462	-9	2847	3087	10	562	0	0
446	233	87	18	950	1190	10	0	862	0
447	323	34	-7	0	7459	10	540	0	0
448	84	377	10	3645	3885	10	0	186	0
449	292	32	14	857	1097	10	0	117	0
450	418	75	11	1732	1972	10	0	500	0
451	451	305	-14	0	7479	10	82	0	0
452	225	269	-10	5023	5263	10	576	0	0
453	272	420	7	0	7516	10	0	181	0
454	318	280	21	177	417	10	0	365	0
455	250	57	-29	0	7494	10	524	0	0
456	77	372	-29	0	7476	10	833	0	0
457	385	58	24	1559	1799	10	0	185	0
458	44	496	32	0	7367	10	0	875	0
459	460	328	13	816	1056	10	0	772	0
460	67	24	-18	0	7397	10	634	0	0
461	91	27	-22	4667	4907	10	826	0	0
462	360	284	-24	2606	2846	10	917	0	0
463	82	183	17	4347	4587	10	0	913	0
464	153	362	7	4585	4825	10	0	60	0
465	52	412	-18	5563	5803	10	30	0	0
466	32	191	-20	2285	2525	10	647	0	0
467	325	147	-21	0	7560	10	797	0	0
468	328	458	-12	0	7465	10	389	0	0
469	133	273	20	357	597	10	0	678	0
470	147	30	-22	4375	4615	10	173	0	0
471	131	246	-19	3268	3508	10	698	0	0
472	433	319	-13	5445	5685	10	792	0	0
473	168	59	-27	0	7480	10	756	0	0
474	218	403	15	5217	5457	10	0	139	0
475	295	89	23	0	7520	10	0	831	0
476	118	314	26	1290	1530	10	0	393	0
477	251	63	-13	3890	4130	10	70	0	0
478	388	44	22	4463	4703	10	0	98	0
479	381	328	12	0	7535	10	0	744	0
480	132	32	18	0	7440	10	0	960	0
481	334	403	26	578	818	10	0	573	0
482	83	290	14	0	7516	10	0	869	0
483	411	396	23	3621	3861	10	0	247	0
484	243	402	13	0	7535	10	0	564	0
485	52	18	-3	0	7382	10	918	0	0
486	265	0	10	0	7437	10	0	952	0
487	268	288	-27	5008	5248	10	201	0	0
488	476	61	36	1735	1975	10	0	620	0
489	283	438	3	866	1106	10	0	714	0
490	191	215	17	154	394	10	0	209	0
491	253	50	-14	0	7487	10	565	0	0
492	71	282	-14	0	7506	10	1	0	0
493	297	304	4	166	406	10	0	713	0
494	244	368	-12	0	7569	10	354	0	0
495	80	279	19	0	7515	10	0	174	0
496	488	96	-11	4205	4445	10	998	0	0
497	142	30	-27	0	7442	10	970	0	0
498	68	240	11	3118	3358	0	0	1007	0
499	193	138	-25	0	7562	10	406	0	0
500	451	62	-11	0	7412	10	450	0	0
501	138	406	-12	4804	5044	10	413	0	0
502	306	42	11	1847	2087	10	0	789	0
503	247	219	-19	0	7656	10	609	0	0
504	98	29	14	4126	4366	10	0	905	0
505	102	6	-30	0	7402	10	601	0	0
506	142	360	20	0	7533	10	0	930	0
507	172	24	17	5749	5989	10	0	553	0
508	352	241	5	3109	3349	10	0	798	0
509	486	324	-10	0	7440	10	956	0	0
510	133	455	25	0	7451	10	0	919	0
511	440	292	24	3700	3940	10	0	320	0
512	364	173	-14	661	901	10	793	0	0
513	442	289	25	0	7492	0	0	1001	0
514	48	412	-2	0	7429	10	264	0	0
515	344	70	-26	4523	4763	10	336	0	0
516	78	406	-3	3782	4022	10	959	0	0
517	329	456	-16	936	1176	10	346	0	0
518	157	38	-18	0	7456	10	701	0	0
519	374	260	27	0	7563	10	0	219	0
520	297	283	-14	0	7630	10	528	0	0
521	210	113	28	0	7545	10	0	606	0
522	215	434	9	0	7500	10	0	177	0
523	262	92	-1	2462	2702	10	605	0	0
524	140	108	29	0	7508	10	0	455	0
525	235	108	-5	4258	4498	10	786	0	0
526	210	133	-13	0	7564	10	740	0	0
527	25	53	23	4020	4260	10	0	883	0
528	339	113	14	2982	3222	10	0	520	0
529	394	310	-10	4334	4574	10	752	0	0
530	126	391	-33	0	7500	10	974	0	0
531	343	34	7	2839	3079	10	0	65	0
532	354	416	10	2657	2897	10	0	641	0
533	202	391	-21	2434	2674	10	364	0	0
534	367	97	17	0	7495	10	0	91	0
535	188	151	-14	0	7571	10	366	0	0
536	111	178	18	506	746	10	0	182	0
537	456	157	-12	5760	6000	10	884	0	0
538	441	7	-21	0	7378	10	215	0	0
539	270	337	20	0	7598	0	0	1006	0
540	323	29	7	4490	4730	10	0	447	0
541	200	78	-15	0	7508	10	166	0	0
542	330	281	14	0	7602	10	0	351	0
543	438	488	-15	1249	1489	10	680	0	0
544	161	416	-12	0	7499	10	702	0	0
545	30	97	23	4781	5021	10	0	277	0
546	273	70	36	2417	2657	10	0	423	0
547	214	245	8	0	7651	10	0	43	0
548	221	291	9	124	364	10	0	865	0
549	79	467	22	1346	1586	10	0	771	0
550	423	315	-15	0	7503	10	690	0	0
551	395	474	26	0	7421	10	0	578	0
552	481	207	34	3364	3604	10	0	31	0
553	199	203	-17	0	7618	10	507	0	0
554	497	483	12	1354	1594	10	0	164	0
555	449	428	-31	4927	5167	10	341	0	0
556	100	266	-18	0	7537	10	57	0	0
557	214	274	-22	5416	5656	10	978	0	0
558	16	68	11	0	7391	10	0	906	0
559	475	198	-13	3281	3521	10	975	0	0
560	371	427	23	3773	4013	10	0	999	0
561	62	375	-24	1335	1575	10	192	0	0
562	163	472	9	2554	2794	10	0	445	0
563	13	314	-24	0	7442	10	765	0	0
564	376	385	-13	0	7503	10	484	0	0
565	231	29	14	4845	5085	10	0	491	0
566	89	358	-23	4929	5169	10	377	0	0
567	331	356	-29	0	7554	10	755	0	0
568	365	190	-24	5850	6090	10	900	0	0
569	256	441	34	0	7496	10	0	607	0
570	120	37	28	0	7438	10	0	746	0
571	349	43	-20	0	7458	10	357	0	0
572	230	487	20	0	7450	10	0	150	0
573	489	457	-26	0	7371	10	481	0	0
574	341	72	9	3159	3399	10	0	420	0
575	181	441	-45	0	7484	10	175	0	0
576	306	229	10	0	7628	10	0	452	0
577	492	326	19	4756	4996	10	0	927	0
578	347	459	-26	0	7457	10	551	0	0
579	66	88	2	0	7442	10	0	21	0
580	272	234	-22	6301	6541	10	230	0	0
581	134	194	-4	0	7559	10	709	0	0
582	320	211	16	0	7607	10	0	719	0
583	214	311	-23	0	7617	10	272	0	0
584	489	274	31	2075	2315	10	0	109	0
585	231	410	-10	0	7526	10	203	0	0
586	432	199	7	0	7498	10	0	726	0
587	29	358	-20	2383	2623	10	889	0	0
588	62	236	29	2172	2412	10	0	910	0
589	333	163	-2	4901	5141	10	642	0	0
590	364	71	5	0	7475	10	0	903	0
591	125	65	-16	0	7464	10	985	0	0
592	429	476	23	2233	2473	10	0	195	0
593	161	275	-16	5327	5567	10	321	0	0
594	365	274	14	350	590	0	0	1005	0
595	117	110	13	0	7494	10	0	2	0
596	166	345	-24	4459	4699	10	843	0	0
597	345	146	27	5696	5936	10	0	830	0
598	324	99	-17	1292	1532	10	224	0	0
599	72	477	-17	0	7399	10	806	0	0
600	487	320	-19	0	7440	10	371	0	0
601	120	17	30	0	7421	10	0	505	0
602	1	252	-10	1041	1281	10	279	0	0
603	303	186	-3	0	7604	10	274	0	0
604	428	302	-12	0	7502	10	812	0	0
605	264	135	1	0	7572	10	0	523	0
606	223	178	-28	0	7611	10	521	0	0
607	174	347	-34	0	7564	10	569	0	0
608	238	123	24	0	7560	10	0	425	0
609	187	61	19	2120	2360	10	0	503	0
610	52	303	-16	0	7483	10	249	0	0
611	89	185	-10	2339	2579	10	778	0	0
612	341	59	27	3099	3339	10	0	776	0
613	89	65	16	2821	3061	10	0	273	0
614	495	355	-25	4913	5153	10	151	0	0
615	368	452	16	2620	2860	10	0	96	0
616	164	473	26	1125	1365	10	0	741	0
617	171	34	-23	4512	4752	10	784	0	0
618	114	460	-12	0	7437	10	1000	0	0
619	224	3	-12	0	7439	10	67	0	0
620	472	57	-36	0	7393	10	488	0	0
621	448	404	15	2336	2576	10	0	18	0
622	390	120	-26	0	7496	10	877	0	0
623	386	225	-13	0	7549	10	61	0	0
624	301	239	31	89	329	10	0	871	0
625	115	296	-2	6055	6295	10	933	0	0
626	69	266	-24	0	7506	10	814	0	0
627	115	395	-4	3201	3441	10	657	0	0
628	68	53	-8	0	7419	10	51	0	0
629	33	268	-23	0	7470	10	938	0	0
630	450	45	24	1954	2194	10	0	661	0
631	351	5	-20	0	7422	10	148	0	0
632	351	148	-14	0	7544	10	664	0	0
633	80	458	30	1422	1662	10	0	646	0
634	60	5	18	4115	4355	10	0	460	0
635	10	407	-15	1678	1918	10	879	0	0
636	497	18	10	4460	4700	10	0	429	0
637	437	98	-26	4395	4635	10	167	0	0
638	130	494	-26	2975	3215	10	705	0	0
639	391	202	-23	0	7539	10	836	0	0
640	43	210	-26	0	7477	10	802	0	0
641	381	457	-10	0	7443	10	532	0	0
642	449	190	2	0	7480	10	0	589	0
643	429	169	8	3551	3791	10	0	888	0
644	105	140	-7	608	848	10	818	0	0
645	282	10	30	4986	5226	10	0	216	0
646	20	480	-30	2221	2461	10	633	0	0
647	61	170	20	0	7482	10	0	466	0
648	210	81	-28	0	7514	10	860	0	0
649	87	311	-28	0	7513	10	239	0	0
650	309	29	-15	0	7459	10	922	0	0
651	397	57	-10	5844	6084	10	298	0	0
652	337	232	-21	6222	6462	10	881	0	0
653	262	369	15	457	697	10	0	813	0
654	41	232	16	0	7478	10	0	306	0
655	69	414	-22	4993	5233	10	916	0	0
656	149	98	4	0	7505	10	0	114	0
657	207	487	4	0	7447	10	0	627	0
658	366	260	-25	0	7571	10	127	0	0
659	497	54	14	0	7372	10	0	63	0
660	210	379	-18	0	7552	10	196	0	0
661	437	19	-24	0	7390	10	630	0	0
662	181	260	-27	0	7618	10	876	0	0
663	125	61	26	2387	2627	10	0	328	0
664	368	311	14	0	7555	10	0	632	0
665	80	400	-21	5725	5965	10	666	0	0
666	75	118	21	0	7468	10	0	665	0
667	171	303	-1	0	7592	10	208	0	0
668	80	251	14	1154	1394	10	0	390	0
669	455	168	21	3407	3647	10	0	990	0
670	215	129	-8	4414	4654	10	222	0	0
671	179	318	-14	0	7589	10	179	0	0
672	187	73	-14	0	7500	10	437	0	0
673	394	47	5	1192	1432	10	0	344	0
674	31	175	-31	0	7456	10	915	0	0
675	339	144	-8	0	7549	10	409	0	0
676	492	34	5	0	7363	10	0	838	0
677	387	349	9	0	7518	10	0	233	0
678	142	372	-20	0	7525	10	469	0	0
679	291	213	23	4971	5211	10	0	739	0
680	421	387	15	0	7468	10	0	543	0
681	274	403	-26	0	7533	10	964	0	0
682	434	359	-33	5509	5749	10	893	0	0
683	257	57	-24	0	7494	10	432	0	0
684	428	202	-1	0	7503	10	427	0	0
685	355	174	-30	2801	3041	10	314	0	0
686	46	389	-6	0	7441	10	231	0	0
687	44	440	-11	0	7407	10	914	0	0
688	491	369	28	2858	3098	10	0	821	0
689	33	286	-16	0	7468	10	343	0	0
690	351	128	15	4953	5193	10	0	550	0
691	485	428	-5	0	7393	10	85	0	0
692	273	149	14	0	7584	10	0	828	0
693	447	184	27	0	7480	10	0	311	0
694	386	245	-24	0	7551	10	852	0	0
695	323	77	-15	5560	5800	10	138	0	0
696	21	70	15	3025	3265	10	0	62	0
697	9	101	-13	0	7404	10	107	0	0
698	71	304	19	2696	2936	10	0	471	0
699	43	360	2	3281	3521	10	0	338	0
700	396	417	13	0	7466	10	0	334	0
701	158	24	18	2385	2625	10	0	518	0
702	164	320	12	0	7577	10	0	544	0
703	195	386	-22	0	7541	10	395	0	0
704	306	235	25	112	352	10	0	270	0
705	66	314	26	659	899	10	0	638	0
706	95	64	-6	3004	3244	10	348	0	0
707	348	348	23	0	7549	10	0	87	0
708	495	83	-40	0	7391	10	188	0	0
709	61	214	4	1307	1547	10	0	581	0
710	240	240	35	6738	6978	0	0	1002	0
711	140	137	-33	2219	2459	10	339	0	0
712	242	106	-20	0	7543	10	971	0	0
713	392	491	-4	4471	4711	10	493	0	0
714	342	481	-3	5700	5940	10	489	0	0
715	478	300	-33	3498	3738	10	809	0	0
716	299	285	-27	4955	5195	10	929	0	0
717	481	84	-19	0	7403	10	412	0	0
718	271	128	12	0	7564	10	0	308	0
719	484	224	-16	0	7452	10	582	0	0
720	441	177	-19	3945	4185	10	987	0	0
721	46	163	-11	0	7466	10	143	0	0
722	493	493	20	3366	3606	10	0	128	0
723	253	74	-23	5340	5580	10	326	0	0
724	390	34	-9	4181	4421	10	319	0	0
725	374	306	4	3916	4156	10	0	189	0
726	436	295	-7	0	7496	10	586	0	0
727	371	315	-3	4603	4843	10	730	0	0
728	27	464	21	0	7378	10	0	907	0
729	3	471	-17	0	7356	10	735	0	0
730	418	269	3	0	7518	10	0	727	0
731	90	477	18	0	7410	10	0	129	0
732	141	426	23	0	7480	10	0	855	0
733	418	251	-15	4727	4967	10	937	0	0
734	57	183	-17	4341	4581	10	37	0	0
735	29	462	17	0	7381	10	0	729	0
736	55	318	13	1188	1428	10	0	291	0
737	18	24	32	2453	2693	10	0	17	0
738	263	153	-23	0	7590	10	824	0	0
739	289	220	-23	0	7638	10	679	0	0
740	84	255	13	0	7521	10	0	526	0
741	159	299	-26	0	7584	10	616	0	0
742	485	104	21	0	7411	10	0	894	0
743	178	135	21	0	7552	10	0	325	0
744	389	255	-12	0	7548	10	479	0	0
745	457	280	-20	3939	4179	10	921	0	0
746	171	24	-28	0	7448	10	570	0	0
747	330	371	-15	0	7542	10	897	0	0
748	10	237	19	0	7447	10	0	866	0
749	458	213	-10	0	7476	10	347	0	0
750	257	391	-14	6472	6712	10	355	0	0
751	482	184	-18	4367	4607	10	773	0	0
752	222	331	10	2098	2338	10	0	529	0
753	332	5	14	4071	4311	10	0	783	0
754	47	208	30	0	7480	10	0	266	0
755	489	437	29	0	7384	10	0	567	0
756	165	59	27	3711	3951	10	0	473	0
757	211	446	-15	0	7488	10	214	0	0
758	225	488	-7	0	7448	10	13	0	0
759	355	485	10	5856	6096	10	0	882	0
760	441	374	-8	833	1073	10	988	0	0
761	399	175	-9	2928	3168	10	287	0	0
762	103	464	-5	0	7428	10	768	0	0
763	244	13	-8	3992	4232	10	133	0	0
764	51	360	13	0	7460	0	0	1008	0
765	44	115	24	865	1105	10	0	563	0
766	312	453	6	0	7475	10	0	24	0
767	64	198	-27	4294	4534	10	318	0	0
768	67	451	5	0	7416	10	0	762	0
769	371	71	-21	0	7471	10	81	0	0
770	439	156	-28	2043	2283	10	206	0	0
771	105	474	-22	0	7421	10	549	0	0
772	366	288	-13	0	7565	10	459	0	0
773	415	207	18	3540	3780	10	0	751	0
774	58	39	12	4592	4832	10	0	781	0
775	197	202	-43	4755	4995	10	804	0	0
776	442	5	-27	0	7376	10	612	0	0
777	71	12	2	1112	1352	10	0	305	0
778	74	215	10	0	7508	10	0	611	0
779	347	192	-17	5893	6133	10	396	0	0
780	178	420	-5	0	7503	10	382	0	0
781	186	135	-12	0	7556	10	774	0	0
782	176	199	-28	0	7598	10	398	0	0
783	438	5	-14	0	7379	10	753	0	0
784	150	68	23	0	7480	10	0	617	0
785	185	434	-38	2234	2474	10	386	0	0
786	215	79	5	0	7513	10	0	525	0
787	177	486	20	6329	6569	10	0	290	0
788	49	437	-5	1650	1890	10	171	0	0
789	100	66	-11	0	7450	10	502	0	0
790	35	344	-24	3392	3632	10	170	0	0
791	433	447	-12	3117	3357	10	936	0	0
792	372	97	13	0	7492	10	0	472	0
793	344	203	14	609	849	10	0	512	0
794	423	170	27	1992	2232	10	0	105	0
795	171	188	30	2422	2662	10	0	839	0
796	64	5	-15	0	7380	10	52	0	0
797	371	163	21	0	7538	10	0	467	0
798	398	210	-5	0	7534	10	508	0	0
799	48	437	-9	0	7412	10	924	0	0
800	392	1	-31	2361	2601	10	145	0	0
801	195	464	-19	0	7467	10	384	0	0
802	211	248	26	0	7648	10	0	640	0
803	293	228	19	73	313	10	0	825	0
804	23	235	43	0	7460	10	0	775	0
805	213	185	-13	0	7613	10	300	0	0
806	172	292	17	308	548	10	0	599	0
807	228	287	21	52	292	10	0	810	0
808	387	394	8	0	7489	10	0	285	0
809	374	232	33	0	7562	10	0	715	0
810	48	366	-21	0	7455	10	807	0	0
811	44	311	-22	1570	1810	10	957	0	0
812	447	272	12	0	7489	10	0	604	0
813	132	477	-15	0	7432	10	653	0	0
814	80	117	24	0	7472	10	0	626	0
815	11	403	18	1312	1552	10	0	144	0
816	144	220	35	0	7577	10	0	368	0
817	473	491	-22	0	7359	10	982	0	0
818	210	219	7	0	7637	10	0	644	0
819	452	484	-34	5054	5294	10	23	0	0
820	365	28	9	0	7437	10	0	26	0
821	498	456	-28	5564	5804	10	688	0	0
822	84	453	-15	4832	5072	10	920	0	0
823	91	427	-13	3470	3710	10	333	0	0
824	178	72	23	2967	3207	10	0	738	0
825	409	155	-19	0	7502	10	803	0	0
826	132	151	22	0	7533	10	0	461	0
827	136	430	-17	2781	3021	10	246	0	0
828	292	104	-14	0	7536	10	692	0	0
829	443	167	17	2113	2353	10	0	35	0
830	321	149	-27	0	7564	10	597	0	0
831	235	13	-23	0	7450	10	475	0	0
832	166	440	12	711	951	10	0	212	0
833	112	433	29	0	7458	10	0	456	0
834	452	172	9	0	7471	10	0	942	0
835	37	281	-17	1913	2153	10	111	0	0
836	414	378	23	1919	2159	10	0	639	0
837	475	352	33	0	7440	10	0	260	0
838	400	71	-5	0	7454	10	676	0	0
839	286	244	-30	5076	5316	10	795	0	0
840	429	389	-15	1636	1876	10	73	0	0
841	92	76	4	4496	4736	10	0	967	0
842	124	111	-12	0	7500	10	309	0	0
843	268	458	24	0	7479	10	0	596	0
844	352	63	-10	4653	4893	10	41	0	0
845	49	118	3	0	7447	10	0	394	0
846	398	329	-14	551	791	10	112	0	0
847	382	9	30	1027	1267	10	0	430	0
848	229	322	-25	0	7612	10	183	0	0
849	279	355	-30	0	7579	10	251	0	0
850	266	221	9	0	7654	10	0	878	0
851	142	80	-9	1908	2148	10	986	0	0
852	359	287	24	0	7572	10	0	694	0
853	482	104	19	0	7413	10	0	178	0
854	284	457	17	5934	6174	10	0	286	0
855	64	294	-23	4345	4585	10	732	0	0
856	404	59	13	0	7442	10	0	97	0
857	68	160	21	0	7484	10	0	362	0
858	211	411	-15	4526	4766	10	132	0	0
859	30	155	9	5062	5302	10	0	931	0
860	240	34	28	6178	6418	10	0	648	0
861	107	374	8	3597	3837	10	0	411	0
862	404	140	-18	4975	5215	10	446	0	0
863	436	467	-11	0	7402	10	434	0	0
864	421	386	29	0	7469	10	0	33	0
865	182	480	-9	0	7448	10	548	0	0
866	9	233	-19	1165	1405	10	748	0	0
867	110	251	23	1931	2171	10	0	414	0
868	19	38	15	3329	3569	10	0	407	0
869	46	248	-14	3195	3435	10	482	0	0
870	308	199	-1	5973	6213	10	373	0	0
871	423	221	-31	973	1213	10	624	0	0
872	313	391	-7	538	778	10	977	0	0
873	413	345	-8	4812	5052	10	34	0	0
874	278	450	29	0	7486	10	0	126	0
875	94	497	-32	3069	3309	10	458	0	0
876	7	382	27	3022	3262	10	0	662	0
877	493	111	26	2104	2344	10	0	622	0
878	392	87	-9	0	7471	10	850	0	0
879	13	394	15	0	7410	10	0	635	0
880	259	301	-7	0	7636	10	154	0	0
881	351	233	21	5631	5871	10	0	652	0
882	313	493	-10	0	7436	10	759	0	0
883	65	62	-23	3846	4086	10	527	0	0
884	417	212	12	0	7516	10	0	537	0
885	450	194	27	2439	2679	10	0	428	0
886	470	138	16	0	7441	10	0	342	0
887	190	267	-21	0	7625	10	996	0	0
888	248	214	-8	5857	6097	10	643	0	0
889	50	383	20	980	1220	10	0	587	0
890	244	422	-8	2091	2331	10	124	0	0
891	60	29	32	0	7396	10	0	169	0
892	5	445	30	1184	1424	10	0	47	0
893	490	276	33	0	7446	10	0	682	0
894	441	100	-21	0	7445	10	742	0	0
895	162	388	11	0	7524	10	0	392	0
896	244	277	-26	5145	5385	10	9	0	0
897	406	408	15	5765	6005	10	0	747	0
898	265	240	9	18	258	10	0	102	0
899	130	186	16	465	705	10	0	360	0
900	382	110	24	4390	4630	10	0	568	0
901	142	14	18	0	7428	10	0	258	0
902	352	487	27	0	7429	10	0	226	0
903	307	52	-5	3622	3862	10	590	0	0
904	418	399	-23	0	7463	10	958	0	0
905	196	56	-14	0	7486	10	504	0	0
906	66	31	-11	0	7401	10	558	0	0
907	90	496	-21	0	7394	10	728	0	0
908	480	136	-23	0	7431	10	29	0	0
909	65	82	13	2898	3138	10	0	12	0
910	48	293	-29	0	7481	10	588	0	0
911	105	181	19	0	7527	10	0	402	0
912	215	282	-8	5702	5942	10	303	0	0
913	257	133	-17	0	7570	10	463	0	0
914	77	465	11	0	7412	10	0	687	0
915	43	135	31	0	7451	10	0	674	0
916	27	444	22	4261	4501	10	0	655	0
917	357	290	24	0	7573	10	0	462	0
918	38	15	3	0	7371	10	0	485	0
919	80	337	-25	4417	4657	10	510	0	0
920	36	451	15	3495	3735	10	0	822	0
921	291	251	20	44	284	10	0	745	0
922	195	111	15	3932	4172	10	0	650	0
923	383	17	-15	3702	3942	10	256	0	0
924	53	466	9	0	7395	10	0	799	0
925	114	102	21	0	7487	10	0	995	0
926	350	199	21	4746	4986	10	0	27	0
927	405	349	-19	0	7504	10	577	0	0
928	472	248	11	0	7465	10	0	28	0
929	333	293	27	2408	2648	10	0	716	0
930	174	397	-20	4919	5159	10	506	0	0
931	2	264	-9	0	7439	10	859	0	0
932	7	82	-35	1586	1826	10	939	0	0
933	34	329	2	0	7458	10	0	625	0
934	158	179	-25	0	7571	10	257	0	0
935	421	499	-25	5321	5561	10	968	0	0
936	345	431	12	0	7483	10	0	791	0
937	370	262	15	4338	4578	10	0	733	0
938	77	172	23	0	7498	10	0	629	0
939	87	51	35	0	7430	10	0	932	0
940	468	352	-33	3013	3253	10	122	0	0
941	63	420	19	2018	2258	10	0	440	0
942	347	184	-9	4255	4495	10	834	0	0
943	206	174	-29	3139	3379	10	947	0	0
944	209	212	-5	6051	6291	10	76	0	0
945	466	362	-23	0	7444	10	259	0	0
946	201	278	13	106	346	10	0	280	0
947	206	172	29	3092	3332	10	0	943	0
948	471	94	30	0	7417	10	0	68	0
949	331	134	11	4435	4675	10	0	965	0
950	274	261	-23	0	7661	10	58	0	0
951	219	215	-19	0	7641	10	400	0	0
952	349	76	-10	4063	4303	10	486	0	0
953	86	189	21	847	1087	10	0	376	0
954	336	493	-15	5912	6152	10	213	0	0
955	7	194	-21	3745	3985	10	225	0	0
956	492	335	10	3253	3493	10	0	509	0
957	248	386	22	0	7551	10	0	811	0
958	463	406	23	0	7423	10	0	904	0
959	199	438	3	0	7493	10	0	516	0
960	135	30	-18	0	7439	10	480	0	0
961	447	267	19	0	7490	10	0	69	0
962	235	33	-24	0	7470	10	141	0	0
963	63	155	7	0	7478	10	0	45	0
964	294	421	26	6242	6482	10	0	681	0
965	318	99	-11	4791	5031	10	949	0	0
966	21	146	21	0	7436	10	0	438	0
967	30	7	-4	4694	4934	10	841	0	0
968	410	399	25	875	1115	10	0	935	0
969	405	187	-13	4942	5182	10	64	0	0
970	109	56	27	0	7448	10	0	497	0
971	212	47	20	0	7481	10	0	712	0
972	479	387	13	0	7421	10	0	211	0
973	167	291	27	0	7595	10	0	36	0
974	259	498	33	0	7439	10	0	530	0
975	461	182	13	2456	2696	10	0	559	0
976	277	428	-31	1901	2141	10	329	0	0
977	290	328	7	515	755	10	0	872	0
978	146	313	22	4721	4961	10	0	557	0
979	40	304	-4	4519	4759	10	992	0	0
980	56	268	28	4196	4436	0	0	1004	0
981	104	28	8	0	7422	10	0	415	0
982	370	493	22	0	7416	10	0	817	0
983	136	265	12	340	580	10	0	134	0
984	247	306	33	104	344	10	0	405	0
985	241	38	16	2067	2307	10	0	591	0
986	180	162	9	634	874	10	0	851	0
987	253	118	19	2129	2369	10	0	720	0
988	413	391	8	808	1048	10	0	760	0
989	380	350	-36	3406	3646	10	301	0	0
990	391	112	-21	3941	4181	10	669	0	0
991	86	199	23	1051	1291	10	0	317	0
992	91	326	4	0	7511	10	0	979	0
993	287	256	-18	37	277	10	6	0	0
994	203	211	20	0	7626	10	0	180	0
995	79	80	-21	0	7446	10	925	0	0
996	32	319	21	1542	1782	10	0	887	0
997	167	445	-1	0	7476	10	53	0	0
998	439	237	11	3694	3934	10	0	496	0
999	373	418	-23	4978	5218	10	560	0	0
1000	26	342	12	1224	1464	10	0	618	0
1001	442	289	-25	0	7492	10	513	0	0
1002	240	240	-35	6738	6978	10	710	0	0
1003	36	301	-21	0	7468	10	7	0	0
1004	56	268	-28	4196	4436	10	980	0	0
1005	365	274	-14	350	590	10	594	0	0
1006	270	337	-20	0	7598	10	539	0	0
1007	68	240	-11	3118	3358	10	498	0	0
1008	51	360	-13	0	7460	10	764	0	0
1009	280	245	-21	0	7657	10	116	0	0
1010	440	201	-29	0	7491	10	379	0	0

