250	1000	1
0	250	250	0	0	7697	0	0	0
1	228	399	14	2329	2482	10	0	144	2331
2	325	56	-31	0	7480	10	145	0	332
3	290	145	5	5130	5242	10	0	191	5129
4	340	291	-14	1893	1991	10	542	0	1881
5	370	382	-26	0	7509	10	819	0	4902
6	273	255	18	0	7664	10	0	664	7411
7	36	301	21	0	7468	10	0	996	1454
8	117	178	-15	4484	4574	10	138	0	4241
9	295	283	26	3538	3728	10	0	895	3672
10	57	43	15	0	7404	10	0	909	2738
11	436	123	40	835	966	10	0	409	740
12	48	162	15	0	7467	10	0	795	2247
13	222	499	7	0	7437	10	0	843	7156
14	376	92	-10	0	7485	10	636	0	4302
15	437	90	12	0	7441	10	0	344	7131
16	3	23	11	1550	1702	10	0	796	1366
17	94	40	-14	4278	4387	10	407	0	3585
18	398	476	-7	0	7417	10	128	0	7027
19	307	249	10	0	7630	10	0	452	5053
20	179	286	8	1380	1469	10	0	544	1389
21	0	356	13	0	7416	0	0	1010	7144
22	143	158	12	0	7546	10	0	497	7162
23	413	476	34	4729	4823	10	0	195	4544
24	371	488	10	2285	2497	10	0	352	2230
25	415	118	19	0	7476	10	0	429	7241
26	440	77	14	0	7431	10	0	620	7088
27	261	201	-20	6060	6172	10	537	0	5736
28	490	286	29	2073	2224	10	0	727	1981
29	309	161	23	2287	2499	10	0	761	2392
30	39	162	-10	0	7459	10	778	0	7206
31	361	178	-17	3903	3996	10	490	0	269
32	261	138	1	0	7575	10	0	369	7272
33	447	383	17	889	1013	10	0	750	775
34	346	354	-16	3260	3399	10	615	0	2572
35	461	195	-34	0	7469	10	969	0	4963
36	187	263	-15	0	7623	10	696	0	2932
37	130	247	17	0	7567	10	0	384	3455
38	328	491	-7	2702	2845	10	453	0	2573
39	161	276	-36	476	711	10	887	0	608
40	365	74	24	3379	3529	10	0	763	3318
41	168	109	10	810	944	10	0	558	780
42	111	192	-12	0	7537	10	774	0	4522
43	87	213	18	0	7520	10	0	647	7254
44	45	166	22	0	7466	10	0	990	3502
45	62	94	-15	0	7443	10	240	0	7098
46	348	476	19	0	7441	10	0	982	7131
47	64	437	11	0	7424	10	0	291	3653
48	56	75	24	0	7426	10	0	789	7133
49	24	259	-21	0	7461	10	857	0	7139
50	295	247	-24	5212	5335	10	141	0	1332
51	6	53	-32	0	7374	10	891	0	7013
52	15	11	-9	0	7352	10	986	0	742
53	179	497	1	0	7430	10	0	474	4999
54	67	352	20	1514	1592	10	0	587	1382
55	317	45	8	0	7472	10	0	692	7245
56	40	278	-15	0	7476	10	734	0	4343
57	33	278	-7	5910	6108	10	963	0	5761
58	322	290	-22	0	7605	10	331	0	3632
59	159	226	16	314	439	10	0	466	344
60	208	445	22	0	7488	10	0	187	2733
61	453	360	13	858	990	10	0	189	759
62	34	169	-16	0	7457	10	611	0	2343
63	436	25	19	5113	5266	10	0	675	4974
64	393	98	-10	3013	3127	10	298	0	2778
65	466	96	-10	0	7422	10	576	0	7144
66	366	390	23	5266	5400	10	0	927	5218
67	303	78	-23	0	7508	10	475	0	7317
68	374	116	-21	0	7505	10	742	0	7106
69	424	288	-15	0	7509	10	214	0	7099
70	191	84	-23	0	7511	10	193	0	473
71	59	276	11	0	7495	10	0	979	4481
72	215	293	13	128	315	10	0	192	259
73	343	276	15	321	451	10	0	893	354
74	488	173	-15	4836	4966	10	245	0	4598
75	452	110	14	0	7442	10	0	862	4813
76	153	244	-10	0	7590	10	767	0	4288
77	176	200	17	2266	2394	10	0	165	2304
78	498	171	12	0	7427	10	0	838	7043
79	492	188	-13	2904	2939	10	975	0	2390
80	177	156	-19	0	7568	10	913	0	7357
81	398	49	-16	3167	3288	10	91	0	2978
82	497	296	-11	0	7436	10	928	0	7149
83	276	84	20	0	7519	10	0	670	4335
84	128	113	-20	0	7504	10	553	0	7310
85	422	498	5	0	7386	10	0	358	7070
86	460	424	-25	5786	5970	10	555	0	4862
87	246	314	-13	5773	5910	10	484	0	5659
88	0	422	-16	3300	3388	10	108	0	758
89	166	247	1	291	382	10	0	387	297
90	311	422	29	0	7505	10	0	374	3884
91	392	95	16	3060	3189	10	0	81	2978
92	460	117	-34	0	7439	10	552	0	3286
93	28	467	-20	0	7377	10	469	0	415
94	375	145	12	3719	3836	10	0	432	3672
95	240	255	33	6404	6604	0	0	1005	6592
96	440	436	-17	3549	3706	10	468	0	3359
97	454	201	-16	5218	5342	10	178	0	4609
98	407	35	-9	0	7421	10	898	0	104
99	420	383	27	0	7472	10	0	749	7075
100	264	180	33	0	7616	10	0	215	7171
101	440	294	-24	3836	3966	10	852	0	3759
102	500	228	8	3137	3237	10	0	223	2986
103	144	331	13	3709	3860	10	0	294	3726
104	98	2	-18	2361	2493	10	901	0	2177
105	461	186	16	0	7467	10	0	669	3304
106	68	450	-15	0	7417	10	516	0	3753
107	153	192	13	0	7574	10	0	414	7434
108	34	239	16	896	975	10	0	88	758
109	465	367	14	4087	4248	10	0	691	4003
110	208	488	22	1934	2007	10	0	896	1765
111	93	413	-5	849	961	10	316	0	195
112	371	332	14	0	7541	10	0	410	7285
113	231	167	15	246	435	10	0	784	349
114	179	75	13	2982	3057	10	0	295	2868
115	196	489	-11	4135	4226	10	914	0	3818
116	280	245	-44	0	7657	10	237	0	3871
117	108	37	23	0	7432	10	0	485	7056
118	1	101	-27	5021	5158	10	970	0	4791
119	420	80	-11	0	7447	10	650	0	7086
120	38	190	23	0	7467	10	0	239	2340
121	470	405	17	3694	3832	10	0	560	3562
122	448	397	-18	0	7441	10	840	0	1585
123	471	427	-13	0	7404	10	972	0	7086
124	146	376	8	928	1066	10	0	131	902
125	12	358	7	4891	5024	10	0	329	4762
126	175	422	-17	5771	5920	10	330	0	5721
127	297	131	-18	4640	4803	10	345	0	4255
128	457	492	7	0	7369	10	0	18	7027
129	69	423	32	0	7437	10	0	209	7158
130	97	288	-13	5142	5251	10	736	0	1158
131	172	314	-8	0	7587	10	124	0	902
132	170	347	15	1764	1842	10	0	150	1716
133	103	123	8	1966	2072	10	0	792	1877
134	154	374	36	0	7531	10	0	698	2612
135	318	497	21	0	7431	10	0	539	7164
136	330	147	28	3383	3525	10	0	534	3394
137	241	180	13	6789	6887	10	0	273	6774
138	174	67	15	0	7489	10	0	8	4241
139	235	288	-9	0	7647	10	522	0	7302
140	94	192	-33	0	7521	10	306	0	1851
141	232	101	24	1405	1483	10	0	50	1332
142	28	180	34	1551	1653	10	0	348	1420
143	64	135	11	3495	3571	10	0	628	3352
144	174	376	-14	0	7540	10	1	0	2331
145	293	174	31	279	420	10	0	2	332
146	218	12	3	2204	2268	10	0	782	2027
147	110	122	-31	0	7498	10	866	0	1101
148	459	53	20	0	7400	10	0	274	6988
149	173	474	-14	0	7451	10	823	0	3395
150	135	400	-15	0	7498	10	132	0	1716
151	497	266	25	2996	3104	10	0	715	2856
152	380	194	3	0	7546	10	0	487	4883
153	495	227	-10	0	7441	10	347	0	1676
154	268	351	-10	6698	6822	10	759	0	5808
155	213	399	18	941	1051	10	0	572	897
156	448	414	-15	0	7430	10	211	0	7031
157	327	139	-24	5021	5158	10	674	0	4618
158	151	81	28	0	7492	10	0	652	5972
159	425	448	9	3152	3324	10	0	200	3059
160	92	259	4	0	7529	10	0	689	7234
161	59	388	-19	2650	2772	10	495	0	2478
162	468	360	-14	0	7443	10	334	0	1097
163	332	459	-7	0	7463	10	977	0	626
164	469	489	-15	2211	2353	10	313	0	192
165	248	176	-17	5579	5753	10	77	0	2304
166	174	41	-13	0	7465	10	383	0	4089
167	343	205	26	3081	3178	10	0	744	3074
168	154	392	-7	0	7516	10	464	0	4613
169	92	18	8	0	7407	10	0	225	7060
170	250	328	-10	0	7609	10	315	0	7339
171	88	484	5	0	7403	10	0	627	2980
172	360	488	19	1252	1393	10	0	359	1130
173	156	65	22	4143	4275	10	0	581	4067
174	18	225	-28	2757	2893	10	398	0	2648
175	152	476	45	2112	2188	10	0	333	1941
176	176	470	-12	0	7455	10	702	0	7183
177	195	450	-13	5946	6061	10	946	0	225
178	466	149	16	4761	4848	10	0	97	4609
179	221	269	-16	0	7653	10	184	0	6390
180	105	137	32	0	7504	10	0	504	3981
181	284	319	-21	3270	3384	10	284	0	3160
182	41	120	-3	2791	2897	10	845	0	2638
183	263	418	-22	0	7519	10	957	0	7337
184	218	271	16	6280	6429	10	0	179	6390
185	365	119	-19	0	7513	10	342	0	2294
186	89	322	-2	4099	4186	10	307	0	2683
187	180	283	-22	2963	3107	10	60	0	2733
188	385	17	40	3186	3404	10	0	571	3134
189	401	314	-13	3875	4057	10	61	0	759
190	245	176	20	4943	5055	10	0	881	4980
191	251	238	-5	0	7675	10	3	0	5129
192	139	438	-13	865	966	10	72	0	259
193	236	126	23	400	598	10	0	70	473
194	61	441	27	2201	2268	10	0	764	1999
195	405	454	-34	0	7431	10	23	0	4544
196	111	392	-12	4693	4780	10	741	0	4561
197	373	421	-26	939	1080	10	481	0	601
198	247	443	-8	0	7494	10	218	0	7254
199	322	406	17	0	7516	10	0	532	2620
200	412	478	-9	3851	3946	10	159	0	3059
201	374	346	-15	0	7531	10	680	0	7239
202	122	422	3	0	7473	10	0	833	7218
203	261	359	-14	0	7578	10	355	0	7263
204	173	182	25	383	438	10	0	934	335
205	398	341	33	0	7514	10	0	459	753
206	413	127	-18	0	7483	10	311	0	7268
207	325	311	-27	5290	5409	10	243	0	4943
208	80	357	-26	2093	2271	10	802	0	2051
209	67	378	-32	0	7464	10	129	0	7158
210	216	341	19	0	7590	10	0	660	7406
211	498	457	15	0	7364	10	0	156	7031
212	44	344	12	0	7461	10	0	980	4050
213	352	481	15	5136	5261	10	0	954	5008
214	237	420	15	0	7517	10	0	69	7099
215	389	43	-33	0	7438	10	100	0	7171
216	292	136	28	0	7566	10	0	299	7383
217	426	38	23	0	7412	10	0	800	2207
218	245	461	8	0	7476	10	0	198	7254
219	415	253	-8	0	7522	10	221	0	7148
220	298	264	36	147	253	10	0	254	203
221	307	412	8	0	7516	10	0	219	7148
222	53	204	8	4206	4354	10	0	318	4151
223	480	152	-8	0	7437	10	102	0	2986
224	262	97	17	0	7534	10	0	546	2424
225	83	169	-8	0	7502	10	169	0	7060
226	377	432	20	0	7466	10	0	389	7207
227	390	249	-33	0	7547	10	809	0	7388
228	132	479	11	997	1063	10	0	827	805
229	359	246	-33	5725	5777	10	339	0	1760
230	314	205	-15	6086	6249	10	289	0	6141
231	124	448	6	0	7453	10	0	974	7050
232	0	188	-29	0	7430	10	955	0	3697
233	343	166	28	3512	3616	10	0	949	3490
234	482	141	-19	4028	4178	10	853	0	3856
235	162	306	22	494	580	10	0	323	475
236	24	71	11	1394	1494	10	0	868	1205
237	188	119	44	3903	4016	10	0	116	3871
238	100	85	14	0	7465	10	0	400	6232
239	103	177	-23	2494	2637	10	120	0	2340
240	26	67	15	0	7398	10	0	45	7098
241	164	332	-5	5107	5250	10	317	0	3181
242	385	285	-27	3478	3586	10	519	0	3424
243	209	68	27	0	7501	10	0	207	4943
244	149	341	6	0	7552	10	0	596	4478
245	415	95	15	4708	4825	10	0	74	4598
246	167	488	-9	972	1148	10	548	0	254
247	413	493	-23	4894	4971	10	817	0	4572
248	439	222	-21	3929	4028	10	454	0	265
249	150	484	-22	2498	2623	10	762	0	2302
250	299	353	-30	0	7573	10	251	0	232
251	273	300	30	153	288	10	0	250	232
252	402	277	5	5771	5856	10	0	658	5701
253	239	15	2	0	7452	10	0	366	7188
254	363	225	-36	3426	3541	10	220	0	203
255	65	343	38	802	976	10	0	635	768
256	351	60	15	0	7472	10	0	402	6229
257	60	246	25	704	816	10	0	699	625
258	144	35	26	0	7448	10	0	595	7164
259	463	253	-10	4171	4325	10	956	0	3173
260	332	382	2	4037	4167	10	0	479	4011
261	408	318	15	2558	2707	10	0	582	2534
262	452	206	31	1958	2099	10	0	885	1892
263	471	368	19	1718	1827	10	0	621	1576
264	93	490	2	1527	1626	10	0	377	1339
265	241	402	11	0	7535	10	0	585	7350
266	60	231	-35	0	7497	10	368	0	503
267	172	66	-2	0	7488	10	648	0	7263
268	404	207	-21	3634	3771	10	404	0	3138
269	286	356	30	354	542	10	0	529	430
270	489	338	-23	5551	5746	10	707	0	5456
271	334	481	-3	1323	1440	10	489	0	841
272	26	442	-31	0	7392	10	440	0	7035
273	226	175	-13	6798	6871	10	137	0	6774
274	488	3	-20	0	7344	10	148	0	6988
275	178	150	-24	0	7564	10	310	0	2086
276	371	423	10	810	878	10	0	551	666
277	5	224	-9	0	7441	10	869	0	3189
278	94	344	-12	2746	2832	10	354	0	1219
279	153	235	10	324	462	10	0	740	363
280	12	367	-40	1282	1444	10	931	0	1082
281	217	357	23	0	7576	10	0	616	1090
282	255	487	-33	0	7450	10	984	0	209
283	149	214	-35	0	7580	10	816	0	7452
284	169	305	21	0	7590	10	0	181	3160
285	487	446	9	5360	5482	10	0	950	5174
286	267	374	-27	0	7562	10	902	0	7152
287	360	294	9	0	7569	10	0	604	7305
288	185	431	15	0	7495	10	0	865	7196
289	325	210	15	0	7602	10	0	230	6141
290	175	352	-17	6652	6789	10	806	0	396
291	76	462	-11	3813	3955	10	47	0	3653
292	19	273	25	0	7455	10	0	686	7079
293	72	227	25	2258	2373	10	0	588	2142
294	213	283	-13	0	7638	10	103	0	3726
295	130	140	-13	0	7525	10	114	0	2868
296	274	442	-10	4301	4350	10	445	0	2792
297	337	41	-5	0	7461	10	590	0	7198
298	372	39	10	2886	3022	10	0	64	2778
299	269	112	-28	0	7548	10	216	0	7383
300	224	56	13	0	7492	10	0	499	7268
301	340	416	36	1293	1396	10	0	332	1207
302	13	214	-25	5428	5520	10	406	0	5258
303	230	320	-28	4770	4887	10	758	0	4469
304	6	196	-23	4772	4973	10	867	0	1954
305	87	3	13	0	7392	10	0	634	3970
306	133	202	33	1827	1978	10	0	140	1851
307	235	316	2	2616	2751	10	0	186	2683
308	435	180	37	0	7490	10	0	340	7202
309	173	65	12	1768	1940	10	0	922	1739
310	245	42	24	2203	2295	10	0	275	2086
311	384	149	18	0	7520	10	0	206	7268
312	51	286	14	0	7485	10	0	662	7273
313	267	290	15	111	236	10	0	164	192
314	453	318	-14	1489	1621	10	594	0	427
315	189	402	10	0	7524	10	0	170	7339
316	210	276	5	138	243	10	0	111	195
317	120	261	5	3154	3312	10	0	241	3181
318	35	263	-8	0	7472	10	222	0	4151
319	429	59	9	1827	1964	10	0	425	1702
320	330	308	24	0	7589	0	0	1008	7490
321	58	391	-22	3528	3651	10	349	0	260
322	260	472	-25	4143	4265	10	813	0	3871
323	217	333	-22	0	7598	10	235	0	475
324	335	46	18	5400	5453	10	0	350	5232
325	198	85	28	1032	1189	10	0	805	1016
326	138	28	23	4362	4530	10	0	491	4281
327	29	336	22	0	7450	10	0	1000	1136
328	200	27	-19	0	7459	10	609	0	2125
329	157	269	-7	0	7593	10	125	0	4762
330	177	404	17	0	7517	10	0	126	5721
331	202	28	22	3733	3860	10	0	58	3632
332	366	334	-36	0	7544	10	301	0	1207
333	149	458	-45	0	7456	10	175	0	1941
334	481	454	14	1278	1406	10	0	162	1097
335	377	385	-6	3486	3564	10	766	0	3247
336	217	207	26	0	7633	10	0	381	7569
337	96	346	26	765	836	10	0	506	654
338	224	320	-7	5187	5202	10	976	0	1931
339	206	97	33	1785	1920	10	0	229	1760
340	438	127	-37	0	7463	10	308	0	7202
341	494	468	-12	1417	1523	10	554	0	1158
342	494	165	19	2401	2553	10	0	185	2294
343	5	281	16	0	7441	10	0	910	7179
344	441	60	-12	0	7418	10	15	0	7131
345	14	232	18	0	7451	10	0	127	4255
346	288	439	16	1121	1187	10	0	730	994
347	420	224	10	1704	1848	10	0	153	1676
348	267	162	-34	0	7598	10	142	0	1420
349	195	273	22	156	320	10	0	321	260
350	233	230	-18	0	7661	10	324	0	5232
351	382	360	26	696	849	10	0	688	677
352	406	460	-10	2868	3006	10	24	0	2230
353	499	316	18	0	7430	10	0	577	4610
354	246	407	12	1235	1377	10	0	278	1219
355	283	454	14	0	7481	10	0	203	7263
356	426	231	24	4102	4245	10	0	557	4067
357	432	2	20	1848	2004	10	0	515	1696
358	404	439	-5	0	7444	10	85	0	7070
359	397	477	-19	0	7417	10	172	0	1130
360	44	140	11	3464	3602	10	0	786	3368
361	330	138	18	0	7550	10	0	971	7184
362	39	153	-18	0	7455	10	480	0	7044
363	397	153	-16	3507	3673	10	899	0	520
364	226	316	21	234	328	10	0	780	257
365	354	156	-6	0	7547	10	433	0	1514
366	201	66	-2	0	7497	10	253	0	7188
367	389	156	27	2851	2993	10	0	528	2825
368	134	211	35	458	626	10	0	266	503
369	386	154	-1	0	7521	10	32	0	7272
370	335	99	25	0	7514	10	0	415	6665
371	356	256	-21	0	7581	10	733	0	4756
372	240	362	23	0	7575	0	0	1006	7462
373	412	100	-13	0	7467	10	390	0	7227
374	394	322	-29	4111	4207	10	90	0	3884
375	48	150	-4	0	7462	10	706	0	2921
376	225	121	-30	0	7556	10	962	0	7239
377	102	422	-2	0	7461	10	264	0	1339
378	339	41	-11	0	7460	10	450	0	1653
379	440	201	-29	0	7491	10	444	0	4649
380	411	379	25	4781	4886	10	0	854	4679
381	219	210	-26	0	7637	10	336	0	7569
382	250	441	5	0	7496	10	0	757	7247
383	210	29	13	4213	4314	10	0	166	4089
384	178	302	-17	3553	3659	10	37	0	3455
385	148	208	22	0	7577	10	0	654	7248
386	225	369	38	432	541	10	0	533	419
387	16	287	-1	0	7451	10	89	0	297
388	450	416	-8	2281	2453	10	988	0	765
389	287	397	-20	0	7536	10	226	0	7207
390	285	247	13	0	7652	10	0	373	7227
391	351	481	10	1284	1410	10	0	863	1157
392	243	408	-9	5720	5870	10	562	0	2497
393	137	377	23	0	7518	10	0	752	2002
394	33	152	17	5278	5403	0	0	1001	5164
395	68	303	22	904	987	10	0	889	797
396	456	113	17	4922	5015	10	0	568	4767
397	134	276	-29	0	7569	10	492	0	7313
398	26	221	28	0	7462	10	0	174	2648
399	79	257	26	3803	3942	10	0	463	3770
400	181	185	-14	6436	6594	10	238	0	6232
401	104	349	-19	4058	4135	10	405	0	837
402	267	174	-15	6470	6596	10	256	0	6229
403	475	267	-13	0	7462	10	573	0	6945
404	385	239	21	3130	3274	10	0	268	3138
405	95	382	19	929	1041	10	0	401	837
406	67	190	25	0	7495	10	0	302	5258
407	32	94	14	3707	3854	10	0	17	3585
408	401	164	-27	0	7514	10	693	0	7246
409	376	113	-40	0	7501	10	11	0	740
410	409	255	-14	0	7528	10	112	0	7285
411	228	260	-25	6450	6514	10	646	0	2059
412	363	34	19	0	7444	10	0	769	7179
413	274	441	-27	0	7495	10	771	0	7045
414	146	188	-13	0	7566	10	107	0	7434
415	212	186	-25	6893	6999	10	370	0	6665
416	432	66	30	0	7429	10	0	531	2672
417	83	300	26	1987	2131	10	0	876	1956
418	51	89	-16	0	7432	10	613	0	2773
419	379	486	22	2679	2815	10	0	935	2546
420	440	284	-25	0	7494	10	513	0	7282
421	175	239	23	0	7612	10	0	710	6746
422	282	1	-14	4184	4276	10	753	0	3957
423	268	113	21	2734	2823	10	0	574	2684
424	480	131	5	0	7429	10	0	430	6083
425	429	67	-9	2938	3040	10	319	0	1702
426	162	301	-31	6423	6601	10	875	0	2953
427	281	96	-21	4532	4594	10	953	0	853
428	495	199	25	0	7437	10	0	779	5687
429	372	115	-19	0	7506	10	25	0	7241
430	396	83	-5	6362	6449	10	424	0	6083
431	239	486	3	0	7451	10	0	703	7185
432	288	70	-12	0	7504	10	94	0	3672
433	66	163	6	1566	1718	10	0	365	1514
434	470	417	11	0	7411	10	0	945	7102
435	226	423	15	832	863	10	0	550	688
436	342	319	-27	0	7572	10	821	0	5434
437	174	122	-10	0	7539	10	619	0	7151
438	49	353	-32	5810	5879	10	458	0	5405
439	448	495	-12	0	7372	10	936	0	7036
440	13	465	31	0	7368	10	0	272	7035
441	489	159	-25	5723	5818	10	704	0	233
442	311	203	-19	2892	3008	10	462	0	2676
443	480	119	-21	2515	2632	10	797	0	2355
444	442	153	29	4765	4865	10	0	379	4649
445	148	462	10	2906	3028	10	0	296	2792
446	233	87	18	966	1174	10	0	746	1010
447	323	34	-13	0	7459	10	856	0	7118
448	84	377	-11	3699	3831	10	848	0	3590
449	292	32	14	888	1066	10	0	597	843
450	418	75	11	1807	1896	10	0	378	1653
451	451	305	-15	0	7479	10	653	0	521
452	225	269	-10	5082	5205	10	19	0	5053
453	272	420	7	0	7516	10	0	38	2573
454	318	280	21	254	340	10	0	248	265
455	250	57	26	0	7494	10	0	781	7252
456	77	372	-16	0	7476	10	561	0	1274
457	385	58	24	1661	1697	0	0	1003	1462
458	44	496	32	0	7367	10	0	438	5405
459	460	328	-33	872	1001	10	205	0	753
460	67	24	10	0	7397	10	0	570	7082
461	91	27	-25	4699	4874	10	906	0	4552
462	360	284	19	2660	2792	10	0	442	2676
463	82	183	-26	4444	4490	10	399	0	3770
464	153	362	7	4647	4762	10	0	168	4613
465	52	412	-9	5608	5758	10	924	0	5401
466	32	191	-16	2344	2465	10	59	0	344
467	325	147	-19	0	7560	10	803	0	204
468	328	458	17	0	7465	10	0	96	3359
469	133	273	20	419	535	10	0	93	415
470	147	30	26	4424	4565	10	0	905	4322
471	131	246	-9	3348	3429	10	785	0	2187
472	433	319	-15	5509	5621	10	937	0	4424
473	168	59	6	0	7480	10	0	524	7233
474	218	403	-1	5305	5368	10	53	0	4999
475	295	89	23	0	7520	10	0	67	7317
476	118	314	26	1315	1505	10	0	501	1358
477	251	63	14	3981	4039	10	0	521	3851
478	388	44	-1	4519	4647	10	605	0	4367
479	381	328	-2	0	7535	10	260	0	4011
480	132	32	18	0	7440	10	0	362	7044
481	334	403	26	620	776	10	0	197	601
482	83	290	-5	0	7516	10	602	0	968
483	411	396	23	3667	3814	10	0	713	3596
484	243	402	13	0	7535	10	0	87	5659
485	52	18	-23	0	7382	10	117	0	7056
486	265	0	-24	0	7437	10	765	0	780
487	268	288	-3	5075	5181	10	152	0	4883
488	476	61	-5	1780	1930	10	500	0	1619
489	283	438	3	939	1032	10	0	271	841
490	191	215	17	211	338	10	0	31	269
491	253	50	-23	0	7487	10	326	0	4281
492	71	282	29	0	7506	10	0	397	7313
493	297	304	4	227	345	10	0	958	273
494	244	368	-6	0	7569	10	638	0	2882
495	80	279	19	0	7515	10	0	161	2478
496	488	96	22	4264	4386	10	0	651	4102
497	142	30	-12	0	7442	10	22	0	7162
498	68	240	-43	3176	3300	10	804	0	3017
499	193	138	-13	0	7562	10	300	0	7268
500	451	62	5	0	7412	10	0	488	1619
501	138	406	-26	4892	4956	10	476	0	1358
502	306	42	11	1944	1989	10	0	985	1773
503	247	219	-32	0	7656	10	589	0	4947
504	98	29	-32	4209	4284	10	180	0	3981
505	102	6	-21	0	7402	10	743	0	7106
506	142	360	-26	0	7533	10	337	0	654
507	172	24	-27	5814	5924	10	612	0	3070
508	352	241	5	3178	3280	10	0	745	3177
509	486	324	15	0	7440	10	0	739	7157
510	133	455	25	0	7451	10	0	732	7203
511	440	292	24	3776	3864	10	0	725	3669
512	364	173	30	700	862	10	0	948	724
513	442	289	25	0	7492	10	0	420	7282
514	48	412	-18	0	7429	10	815	0	1164
515	344	70	-20	4542	4743	10	357	0	1696
516	78	406	15	3818	3986	10	0	106	3753
517	329	456	19	1008	1104	10	0	641	883
518	157	38	-18	0	7456	10	701	0	2345
519	374	260	27	0	7563	10	0	242	3424
520	297	283	-29	0	7630	10	864	0	7240
521	210	113	-14	0	7545	10	477	0	3851
522	215	434	9	0	7500	10	0	139	7302
523	262	92	-10	2507	2657	10	598	0	1286
524	140	108	-6	0	7508	10	473	0	7233
525	235	108	-33	4307	4449	10	685	0	2866
526	210	133	-27	0	7564	10	831	0	7193
527	25	53	-8	4088	4193	10	981	0	3834
528	339	113	-27	3050	3154	10	367	0	2825
529	394	310	-30	4410	4498	10	269	0	430
530	126	391	19	0	7500	10	0	787	6195
531	343	34	-30	2882	3036	10	416	0	2672
532	354	416	-17	2719	2836	10	199	0	2620
533	202	391	-38	2497	2611	10	386	0	419
534	367	97	-28	0	7495	10	136	0	3394
535	188	151	-28	0	7571	10	860	0	6132
536	111	178	18	593	659	10	0	947	502
537	456	157	20	5788	5972	10	0	27	5736
538	441	7	20	0	7378	10	0	632	7057
539	270	337	-21	0	7598	10	135	0	7164
540	323	29	7	4533	4687	10	0	695	4454
541	200	78	31	0	7508	10	0	775	4652
542	330	281	14	0	7602	10	0	4	1881
543	438	488	18	1304	1433	10	0	592	1129
544	161	416	-8	0	7499	10	20	0	1389
545	30	97	23	4851	4951	10	0	593	4683
546	273	70	-17	2458	2617	10	224	0	2424
547	214	245	8	0	7651	10	0	754	7262
548	221	291	9	184	305	10	0	246	254
549	79	467	22	1400	1531	10	0	731	1254
550	423	315	-15	0	7503	10	435	0	688
551	395	474	-10	0	7421	10	276	0	666
552	481	207	34	3447	3521	10	0	92	3286
553	199	203	20	0	7618	10	0	84	7310
554	497	483	12	1407	1541	10	0	341	1158
555	449	428	25	4966	5129	10	0	86	4862
556	100	266	-12	0	7537	10	626	0	7314
557	214	274	-24	5490	5583	10	356	0	4067
558	16	68	-10	0	7391	10	41	0	780
559	475	198	-2	3335	3466	10	642	0	3220
560	371	427	-17	3811	3974	10	121	0	3562
561	62	375	16	1410	1500	10	0	456	1274
562	163	472	9	2611	2736	10	0	392	2497
563	13	314	14	0	7442	10	0	625	5879
564	376	385	12	0	7503	10	0	682	5414
565	231	29	14	4896	5035	10	0	994	4813
566	89	358	-7	4950	5147	10	649	0	4915
567	331	356	-20	0	7554	10	791	0	3025
568	365	190	-17	5897	6043	10	396	0	4767
569	256	441	34	0	7496	10	0	959	7234
570	120	37	-10	0	7438	10	460	0	7082
571	349	43	-40	0	7458	10	188	0	3134
572	230	487	-18	0	7450	10	155	0	897
573	489	457	13	0	7371	10	0	403	6945
574	341	72	-21	3243	3315	10	423	0	2684
575	181	441	-18	0	7484	10	678	0	7231
576	306	229	10	0	7628	10	0	65	7144
577	492	326	-18	4863	4890	10	353	0	4610
578	347	459	25	0	7457	10	0	747	7211
579	66	88	-30	0	7442	10	601	0	7075
580	272	234	-15	6353	6489	10	989	0	3424
581	134	194	-22	0	7559	10	173	0	4067
582	320	211	-15	0	7607	10	261	0	2534
583	214	311	14	0	7617	10	0	978	4741
584	489	274	31	2132	2258	10	0	677	2017
585	231	410	-11	0	7526	10	265	0	7350
586	432	199	-23	0	7498	10	720	0	3902
587	29	358	-20	2425	2581	10	54	0	1382
588	62	236	-25	2238	2345	10	293	0	2142
589	333	163	32	4973	5068	10	0	503	4947
590	364	71	5	0	7475	10	0	297	7198
591	125	65	17	0	7464	10	0	697	7049
592	429	476	-18	2314	2392	10	543	0	1129
593	161	275	-23	5370	5524	10	545	0	4683
594	365	274	14	395	545	10	0	314	427
595	117	110	-26	0	7494	10	258	0	7164
596	166	345	-6	4517	4642	10	244	0	4478
597	345	146	-14	5727	5905	10	449	0	843
598	324	99	10	1368	1455	10	0	523	1286
599	72	477	-21	0	7399	10	728	0	7033
600	487	320	21	0	7440	0	0	1002	7192
601	120	17	30	0	7421	10	0	579	7075
602	1	252	5	1103	1218	10	0	482	968
603	303	186	-18	0	7604	10	830	0	7429
604	428	302	-9	0	7502	10	287	0	7305
605	264	135	1	0	7572	10	0	478	4367
606	223	178	-6	0	7611	10	844	0	4613
607	174	347	3	0	7564	10	0	919	4362
608	238	123	24	0	7560	10	0	663	2287
609	187	61	19	2155	2325	10	0	328	2125
610	52	303	-15	0	7483	10	879	0	7096
611	89	185	16	2401	2517	10	0	62	2343
612	341	59	27	3156	3282	10	0	507	3070
613	89	65	16	2863	3019	10	0	418	2773
614	495	355	-9	4981	5084	10	940	0	2994
615	368	452	16	2673	2806	10	0	34	2572
616	164	473	-23	1149	1340	10	281	0	1090
617	171	34	21	4579	4685	10	0	944	4455
618	114	460	14	0	7437	10	0	997	7160
619	224	3	10	0	7439	10	0	437	7151
620	472	57	-14	0	7393	10	26	0	7088
621	448	404	-19	2407	2505	10	263	0	1576
622	390	120	-8	0	7496	10	721	0	6917
623	386	225	13	0	7549	10	0	773	3548
624	301	239	31	169	248	10	0	794	195
625	115	296	-14	6112	6239	10	563	0	5879
626	69	266	12	0	7506	10	0	556	7314
627	115	395	-5	3274	3368	10	171	0	2980
628	68	53	-11	0	7419	10	143	0	3352
629	33	268	-23	0	7470	10	938	0	7164
630	450	45	24	2005	2144	10	0	708	1857
631	351	5	-5	0	7422	10	673	0	1152
632	351	148	-20	0	7544	10	538	0	7057
633	80	458	30	1515	1569	10	0	858	1300
634	60	5	-13	4166	4304	10	305	0	3970
635	10	407	-38	1758	1838	10	255	0	768
636	497	18	10	4520	4641	10	0	14	4302
637	437	98	-17	4480	4549	10	829	0	2043
638	130	494	6	3036	3154	10	0	494	2882
639	391	202	14	0	7539	10	0	912	5526
640	43	210	20	0	7477	10	0	748	7183
641	381	457	-19	0	7443	10	517	0	883
642	449	190	2	0	7480	10	0	559	3220
643	429	169	8	3607	3735	10	0	886	3538
644	105	140	27	678	779	10	0	814	596
645	282	10	-15	5031	5181	10	883	0	3784
646	20	480	25	2297	2385	10	0	411	2059
647	61	170	-18	0	7482	10	43	0	7254
648	210	81	2	0	7514	10	0	267	7263
649	87	311	7	0	7513	10	0	566	4915
650	309	29	11	0	7459	10	0	119	7086
651	397	57	-22	5876	6052	10	496	0	4102
652	337	232	-28	6266	6418	10	158	0	5972
653	262	369	15	513	641	10	0	451	521
654	41	232	-22	0	7478	10	385	0	7248
655	69	414	-19	5007	5220	10	822	0	4730
656	149	98	-22	0	7505	10	826	0	7285
657	207	487	4	0	7447	10	0	890	1962
658	366	260	-5	0	7571	10	252	0	5701
659	497	54	14	0	7372	10	0	676	7017
660	210	379	-19	0	7552	10	210	0	7406
661	437	19	-16	0	7390	10	776	0	7053
662	181	260	-14	0	7618	10	312	0	7273
663	125	61	-24	2460	2554	10	608	0	2287
664	368	311	-18	0	7555	10	6	0	7411
665	80	400	-19	5772	5918	10	941	0	1953
666	75	118	21	0	7468	10	0	723	5133
667	171	303	18	0	7592	10	0	992	7322
668	80	251	14	1215	1334	10	0	943	1163
669	455	168	-16	3501	3554	10	105	0	3304
670	215	129	-20	4479	4589	10	83	0	4335
671	179	318	-27	0	7589	10	973	0	7456
672	187	73	-21	0	7500	10	925	0	7210
673	394	47	5	1223	1401	10	0	631	1152
674	31	175	24	0	7456	10	0	157	4618
675	339	144	-19	0	7549	10	63	0	4974
676	492	34	-14	0	7363	10	659	0	7017
677	387	349	-31	0	7518	10	584	0	2017
678	142	372	18	0	7525	10	0	575	7231
679	291	213	-12	5018	5163	10	851	0	1874
680	421	387	15	0	7468	10	0	201	7239
681	274	403	-29	0	7533	10	874	0	7273
682	434	359	-12	5585	5673	10	564	0	5414
683	257	57	-15	0	7494	10	842	0	7152
684	428	202	24	0	7503	10	0	870	5886
685	355	174	33	2847	2996	10	0	525	2866
686	46	389	-25	0	7441	10	292	0	7079
687	44	440	-26	0	7407	10	705	0	640
688	491	369	-26	2891	3065	10	351	0	677
689	33	286	-4	0	7468	10	160	0	7234
690	351	128	15	5010	5136	10	0	888	4977
691	485	428	-14	0	7393	10	109	0	4003
692	273	149	-8	0	7584	10	55	0	7245
693	447	184	27	0	7480	10	0	408	7246
694	386	245	16	0	7551	10	0	926	4740
695	323	77	-7	5590	5771	10	540	0	4454
696	21	70	15	3065	3224	10	0	36	2932
697	9	101	-17	0	7404	10	591	0	7049
698	71	304	-36	2745	2888	10	134	0	2612
699	43	360	-25	3339	3463	10	257	0	625
700	396	417	-20	0	7466	10	722	0	3171
701	158	24	18	2419	2590	10	0	518	2345
702	164	320	12	0	7577	10	0	176	7183
703	195	386	-3	0	7541	10	431	0	7185
704	306	235	25	172	291	10	0	441	233
705	66	314	26	723	835	10	0	687	640
706	95	64	4	3083	3164	10	0	375	2921
707	348	348	23	0	7549	10	0	270	5456
708	495	83	-24	0	7391	10	630	0	1857
709	61	214	4	1309	1545	10	0	952	1352
710	240	240	-23	6820	6897	10	421	0	6746
711	140	137	-23	2276	2401	10	991	0	1056
712	242	106	28	0	7543	10	0	987	2136
713	392	491	-23	4542	4641	10	483	0	3596
714	342	481	18	5769	5871	10	0	882	5622
715	478	300	-25	3589	3648	10	151	0	2856
716	299	285	-12	4991	5160	10	812	0	4803
717	481	84	17	0	7403	10	0	877	1961
718	271	128	12	0	7564	10	0	923	3587
719	484	224	7	0	7452	10	0	751	4252
720	441	177	23	4022	4107	10	0	586	3902
721	46	163	8	0	7466	10	0	622	6917
722	493	493	20	3457	3515	10	0	700	3171
723	253	74	-21	5375	5546	10	666	0	5133
724	390	34	-23	4201	4401	10	878	0	4121
725	374	306	-24	3992	4081	10	511	0	3669
726	436	295	11	0	7496	10	0	880	7257
727	371	315	-29	4679	4767	10	28	0	1981
728	27	464	21	0	7378	10	0	599	7033
729	3	471	-7	0	7356	10	788	0	1567
730	418	269	-16	0	7518	10	346	0	994
731	90	477	-22	0	7410	10	549	0	1254
732	141	426	-25	0	7480	10	510	0	7203
733	418	251	21	4770	4925	10	0	371	4756
734	57	183	15	4375	4548	10	0	56	4343
735	29	462	-12	0	7381	10	983	0	415
736	55	318	13	1250	1365	10	0	130	1158
737	18	24	-12	2551	2596	10	960	0	2220
738	263	153	12	0	7590	10	0	847	881
739	289	220	-15	0	7638	10	509	0	7157
740	84	255	-10	0	7521	10	279	0	363
741	159	299	12	0	7584	10	0	196	4561
742	485	104	21	0	7411	10	0	68	7106
743	178	135	21	0	7552	10	0	505	7106
744	389	255	-26	0	7548	10	167	0	3074
745	457	280	-5	4013	4105	10	508	0	3177
746	171	24	-18	0	7448	10	446	0	1010
747	330	371	-25	0	7542	10	578	0	7211
748	10	237	-20	0	7447	10	640	0	7183
749	458	213	-27	0	7476	10	99	0	7075
750	257	391	-17	6547	6637	10	33	0	775
751	482	184	-7	4437	4538	10	719	0	4252
752	222	331	-23	2158	2279	10	393	0	2002
753	332	5	14	4110	4272	10	0	422	3957
754	47	208	-8	0	7480	10	547	0	7262
755	489	437	-23	0	7384	10	836	0	1908
756	165	59	27	3762	3901	0	0	1004	3691
757	211	446	-5	0	7488	10	382	0	7247
758	225	488	28	0	7448	10	0	303	4469
759	355	485	10	5887	6066	10	0	154	5808
760	441	374	10	873	1034	10	0	999	806
761	399	175	-23	3020	3076	10	29	0	2392
762	103	464	22	0	7428	10	0	249	2302
763	244	13	-24	4068	4156	10	40	0	3318
764	51	360	-27	0	7460	10	194	0	1999
765	44	115	24	944	1027	10	0	486	780
766	312	453	6	0	7475	10	0	335	3247
767	64	198	10	4346	4482	10	0	76	4288
768	67	451	-22	0	7416	10	916	0	4176
769	371	71	-19	0	7471	10	412	0	7179
770	439	156	2	2101	2225	10	0	834	2013
771	105	474	27	0	7421	10	0	413	7045
772	366	288	29	0	7565	10	0	942	4195
773	415	207	-13	3588	3731	10	623	0	3548
774	58	39	12	4615	4808	10	0	42	4522
775	197	202	-31	4784	4966	10	541	0	4652
776	442	5	16	0	7376	10	0	661	7053
777	71	12	-32	1177	1286	10	951	0	978
778	74	215	10	0	7508	10	0	30	7206
779	347	192	-25	5930	6096	10	428	0	5687
780	178	420	-21	0	7503	10	364	0	257
781	186	135	-26	0	7556	10	455	0	7252
782	176	199	-3	0	7598	10	146	0	2027
783	438	5	-14	0	7379	10	793	0	645
784	150	68	-15	0	7480	10	113	0	349
785	185	434	9	2326	2383	10	0	471	2187
786	215	79	-11	0	7513	10	360	0	3368
787	177	486	-19	6397	6501	10	530	0	6195
788	49	437	7	1698	1842	10	0	729	1567
789	100	66	-24	0	7450	10	48	0	7133
790	35	344	-27	3418	3607	10	811	0	1534
791	433	447	20	3179	3294	10	0	567	3025
792	372	97	-8	0	7492	10	133	0	1877
793	344	203	14	708	751	10	0	783	645
794	423	170	-31	2022	2203	10	624	0	195
795	171	188	-15	2481	2604	10	12	0	2247
796	64	5	-11	0	7380	10	16	0	1366
797	371	163	21	0	7538	10	0	443	2355
798	398	210	-27	0	7534	10	929	0	2469
799	48	437	-30	0	7412	10	892	0	1063
800	392	1	-23	2419	2543	10	217	0	2207
801	195	464	20	0	7467	0	0	1009	7246
802	211	248	26	0	7648	10	0	208	2051
803	293	228	19	133	253	10	0	467	204
804	23	235	43	0	7460	10	0	498	3017
805	213	185	-28	0	7613	10	325	0	1016
806	172	292	17	370	485	10	0	290	396
807	228	287	21	97	248	10	0	832	204
808	387	394	-15	0	7489	10	897	0	5748
809	374	232	33	0	7562	10	0	227	7388
810	48	366	-12	0	7455	10	855	0	4336
811	44	311	27	1631	1749	10	0	790	1534
812	447	272	12	0	7489	10	0	716	4803
813	132	477	25	0	7432	10	0	322	3871
814	80	117	-27	0	7472	10	644	0	596
815	11	403	18	1416	1448	10	0	514	1164
816	144	220	35	0	7577	10	0	283	7452
817	473	491	23	0	7359	10	0	247	4572
818	210	219	-31	0	7637	10	915	0	7203
819	452	484	26	5136	5212	10	0	5	4902
820	365	28	-26	0	7437	10	828	0	7169
821	498	456	27	5611	5757	10	0	436	5434
822	84	453	19	4911	4993	10	0	655	4730
823	91	427	14	3548	3633	10	0	149	3395
824	178	72	23	3035	3139	10	0	839	2946
825	409	155	19	0	7502	10	0	900	4344
826	132	151	22	0	7533	10	0	656	7285
827	136	430	-11	2828	2973	10	228	0	805
828	292	104	26	0	7536	10	0	820	7169
829	443	167	17	2211	2254	10	0	637	2043
830	321	149	18	0	7564	10	0	603	7429
831	235	13	27	0	7450	10	0	526	7193
832	166	440	-21	772	890	10	807	0	204
833	112	433	-3	0	7458	10	202	0	7218
834	452	172	-2	0	7471	10	770	0	2013
835	37	281	-2	1940	2125	10	933	0	1836
836	414	378	23	1961	2117	10	0	755	1908
837	475	352	-25	0	7440	10	968	0	788
838	400	71	-12	0	7454	10	78	0	7043
839	286	244	-23	5150	5242	10	824	0	2946
840	429	389	18	1700	1812	10	0	122	1585
841	92	76	-25	4598	4634	10	932	0	1474
842	124	111	15	0	7500	10	0	683	7152
843	268	458	-7	0	7479	10	13	0	7156
844	352	63	6	4718	4827	10	0	606	4613
845	49	118	3	0	7447	10	0	182	2638
846	398	329	17	646	697	10	0	964	529
847	382	9	-12	1118	1176	10	738	0	881
848	229	322	11	0	7612	10	0	448	3590
849	279	355	9	0	7579	10	0	873	4739
850	266	221	9	0	7654	10	0	903	3563
851	142	80	12	1980	2076	10	0	679	1874
852	359	287	24	0	7572	10	0	101	3759
853	482	104	19	0	7413	10	0	234	3856
854	284	457	-25	6018	6090	10	380	0	4679
855	64	294	12	4402	4528	10	0	810	4336
856	404	59	13	0	7442	10	0	447	7118
857	68	160	21	0	7484	10	0	49	7139
858	211	411	-30	4631	4662	10	633	0	1300
859	30	155	-19	5129	5235	10	995	0	4894
860	240	34	28	6247	6349	10	0	535	6132
861	107	374	8	3642	3792	10	0	930	3602
862	404	140	-14	5063	5126	10	75	0	4813
863	436	467	-10	0	7402	10	391	0	1157
864	421	386	29	0	7469	10	0	520	7240
865	182	480	-15	0	7448	10	288	0	7196
866	9	233	31	1227	1343	10	0	147	1101
867	110	251	23	2007	2095	10	0	304	1954
868	19	38	-11	3376	3521	10	236	0	1205
869	46	248	9	3237	3394	10	0	277	3189
870	308	199	-24	5986	6201	10	684	0	5886
871	423	221	9	1022	1164	0	0	1007	988
872	313	391	5	600	716	10	0	904	561
873	413	345	-9	4872	4993	10	849	0	4739
874	278	450	29	0	7486	10	0	681	7273
875	94	497	31	3132	3246	10	0	426	2953
876	7	382	-26	3053	3231	10	417	0	1956
877	493	111	-17	2162	2286	10	717	0	1961
878	392	87	23	0	7471	10	0	724	4121
879	13	394	15	0	7410	10	0	610	7096
880	259	301	-11	0	7636	10	726	0	7257
881	351	233	-20	5692	5811	10	190	0	4980
882	313	493	-18	0	7436	10	714	0	5622
883	65	62	15	3883	4048	10	0	645	3784
884	417	212	-18	0	7516	10	993	0	201
885	450	194	-31	2495	2623	10	262	0	1892
886	470	138	-8	0	7441	10	643	0	3538
887	190	267	36	0	7625	10	0	39	608
888	248	214	-15	5955	5999	10	690	0	4977
889	50	383	-22	1056	1145	10	395	0	797
890	244	422	-4	2134	2288	10	657	0	1962
891	60	29	32	0	7396	10	0	51	7013
892	5	445	30	1230	1377	10	0	799	1063
893	490	276	-15	0	7446	10	73	0	354
894	441	100	31	0	7445	10	0	908	7125
895	162	388	-26	0	7524	10	9	0	3672
896	244	277	-22	5204	5326	10	110	0	1765
897	406	408	15	5799	5971	10	0	808	5748
898	265	240	9	21	123	10	0	98	104
899	130	186	16	513	656	10	0	363	520
900	382	110	-19	4427	4592	10	825	0	4344
901	142	14	18	0	7428	10	0	104	2177
902	352	487	27	0	7429	10	0	286	7152
903	307	52	-9	3703	3781	10	850	0	3563
904	418	399	-5	0	7463	10	872	0	561
905	196	56	-26	0	7486	10	470	0	4322
906	66	31	25	0	7401	10	0	461	4552
907	90	496	13	0	7394	10	0	920	3318
908	480	136	-31	0	7431	10	894	0	7125
909	65	82	-15	2966	3071	10	10	0	2738
910	48	293	-16	0	7481	10	343	0	7179
911	105	181	19	0	7527	10	0	965	4570
912	215	282	-14	5764	5879	10	639	0	5526
913	257	133	19	0	7570	10	0	80	7357
914	77	465	11	0	7412	10	0	115	3818
915	43	135	31	0	7451	10	0	818	7203
916	27	444	22	4290	4472	10	0	768	4176
917	357	290	-20	0	7573	10	921	0	158
918	38	15	3	0	7371	10	0	966	6977
919	80	337	-3	4483	4590	10	607	0	4362
920	36	451	-13	3538	3692	10	907	0	3318
921	291	251	20	129	200	10	0	917	158
922	195	111	-12	3991	4114	10	309	0	1739
923	383	17	-12	3765	3879	10	718	0	3587
924	53	466	9	0	7395	10	0	465	5401
925	114	102	21	0	7487	10	0	672	7210
926	350	199	-16	4787	4945	10	694	0	4740
927	405	349	-23	0	7504	10	66	0	5218
928	472	248	11	0	7465	10	0	82	7149
929	333	293	27	2494	2563	10	0	798	2469
930	174	397	-8	4978	5099	10	861	0	3602
931	2	264	40	0	7439	10	0	280	1082
932	7	82	25	1643	1770	10	0	841	1474
933	34	329	2	0	7458	10	0	835	1836
934	158	179	-25	0	7571	10	204	0	335
935	421	499	-22	5363	5519	10	419	0	2546
936	345	431	12	0	7483	10	0	439	7036
937	370	262	15	4371	4545	10	0	472	4424
938	77	172	23	0	7498	10	0	629	7164
939	87	51	35	0	7430	10	0	967	4555
940	468	352	9	3031	3235	10	0	614	2994
941	63	420	19	2071	2206	10	0	665	1953
942	347	184	-29	4316	4433	10	772	0	4195
943	206	174	-14	3201	3318	10	668	0	1163
944	209	212	-21	6142	6200	10	617	0	4455
945	466	362	-11	0	7444	10	434	0	7102
946	201	278	13	170	282	10	0	177	225
947	206	172	-18	3131	3293	10	536	0	502
948	471	94	-30	0	7417	10	512	0	724
949	331	134	-28	4479	4631	10	233	0	3490
950	274	261	-9	0	7661	10	285	0	5174
951	219	215	32	0	7641	10	0	777	978
952	349	76	-4	4121	4244	10	709	0	1352
953	86	189	21	906	1028	10	0	427	853
954	336	493	-15	5960	6103	10	213	0	5008
955	7	194	29	3784	3947	10	0	232	3697
956	492	335	10	3316	3430	10	0	259	3173
957	248	386	22	0	7551	10	0	183	7337
958	463	406	-4	0	7423	10	493	0	273
959	199	438	-34	0	7493	10	569	0	7234
960	135	30	12	0	7439	10	0	737	2220
961	447	267	-11	0	7490	10	998	0	3627
962	235	33	30	0	7470	10	0	376	7239
963	63	155	7	0	7478	10	0	57	5761
964	294	421	-17	6292	6431	10	846	0	529
965	318	99	-19	4854	4969	10	911	0	4570
966	21	146	-3	0	7436	10	918	0	6977
967	30	7	-35	4734	4895	10	939	0	4555
968	410	399	25	983	1007	10	0	837	788
969	405	187	34	4994	5131	10	0	35	4963
970	109	56	27	0	7448	10	0	118	4791
971	212	47	-18	0	7481	10	361	0	7184
972	479	387	13	0	7421	10	0	123	7086
973	167	291	27	0	7595	10	0	671	7456
974	259	498	-6	0	7439	10	231	0	7050
975	461	182	13	2540	2612	10	0	79	2390
976	277	428	7	1931	2112	10	0	338	1931
977	290	328	7	555	714	10	0	163	626
978	146	313	-14	4793	4890	10	583	0	4741
979	40	304	-11	4559	4718	10	71	0	4481
980	56	268	-12	4268	4364	10	212	0	4050
981	104	28	8	0	7422	10	0	527	3834
982	370	493	-19	0	7416	10	46	0	7131
983	136	265	12	390	530	10	0	735	415
984	247	306	33	182	266	10	0	282	209
985	241	38	-11	2127	2246	10	502	0	1773
986	180	162	9	653	855	10	0	52	742
987	253	118	-28	2191	2307	10	712	0	2136
988	413	391	8	876	981	10	0	388	765
989	380	350	15	3462	3589	10	0	580	3424
990	391	112	-22	4039	4084	10	44	0	3502
991	86	199	23	1114	1228	10	0	711	1056
992	91	326	-18	0	7511	10	667	0	7322
993	287	256	18	61	239	10	0	884	201
994	203	211	-14	0	7626	10	565	0	4813
995	79	80	19	0	7446	10	0	859	4894
996	32	319	-21	1621	1703	10	7	0	1454
997	167	445	-14	0	7476	10	618	0	7160
998	439	237	11	3811	3817	10	0	961	3627
999	373	418	-10	5034	5161	10	760	0	806
1000	26	342	-22	1298	1390	10	327	0	1136
1001	33	152	-17	5278	5403	10	394	0	5164
1002	487	320	-21	0	7440	10	600	0	7192
1003	385	58	-24	1661	1697	10	457	0	1462
1004	165	59	-27	3762	3901	10	756	0	3691
1005	240	255	-33	6404	6604	10	95	0	6592
1006	240	362	-23	0	7575	10	372	0	7462
1007	423	221	-9	1022	1164	10	871	0	988
1008	330	308	-24	0	7589	10	320	0	7490
1009	195	464	-20	0	7467	10	801	0	7246
1010	0	356	-13	0	7416	10	21	0	7144

