250	200	1
0	250	250	0	0	1821	0	0	0
1	440	436	18	0	1546	10	0	202	1269
2	214	394	-20	231	261	10	311	0	100
3	476	483	-10	0	1487	10	962	0	29
4	352	487	27	0	1553	0	0	1046	1294
5	230	197	-20	122	152	10	605	0	46
6	175	239	23	0	1736	10	0	302	1485
7	133	202	33	0	1685	10	0	995	1324
8	328	458	17	0	1589	10	0	850	1357
9	25	499	-10	0	1476	10	905	0	0
10	226	423	-7	0	1637	10	218	0	1409
11	313	282	-20	163	193	10	983	0	0
12	60	454	10	347	377	10	0	551	0
13	239	486	-12	1482	1512	10	324	0	532
14	102	264	10	148	178	10	0	43	29
15	408	452	-10	0	1555	10	671	0	55
16	451	62	5	0	1536	10	0	953	1152
17	203	390	40	0	1664	10	0	679	40
18	92	233	-10	0	1653	10	684	0	80
19	7	300	30	345	375	10	0	907	126
20	409	90	-20	0	1586	10	267	0	29
21	307	108	10	237	267	10	0	557	0
22	347	54	-30	0	1593	10	676	0	29
23	406	87	10	0	1586	10	0	96	1320
24	371	332	-5	530	560	10	826	0	296
25	116	466	20	254	284	10	0	465	29
26	441	265	-23	0	1620	10	801	0	1417
27	130	140	17	194	224	10	0	898	61
28	80	117	-18	824	854	10	305	0	29
29	421	387	-20	801	831	10	897	0	584
30	83	300	26	500	530	10	0	583	0
31	136	52	-10	293	323	10	653	0	69
32	18	462	20	398	428	10	0	111	0
33	390	120	-17	1004	1034	10	929	0	818
34	188	119	44	975	1005	10	0	166	0
35	467	114	-10	0	1555	10	219	0	1271
36	440	292	-10	940	970	10	768	0	60
37	268	400	-21	243	273	10	228	0	29
38	391	202	14	148	178	10	0	323	29
39	377	432	20	0	1590	10	0	262	1285
40	80	290	10	197	227	10	0	64	52
41	439	15	-3	0	1510	10	454	0	87
42	307	52	-8	920	950	10	982	0	681
43	111	192	-10	1199	1229	10	14	0	29
44	131	56	-7	0	1584	10	158	0	1346
45	88	286	10	0	1646	10	0	307	36
46	69	414	-31	1263	1293	10	899	0	484
47	41	232	16	0	1602	10	0	497	1380
48	323	77	-9	1405	1435	10	781	0	1206
49	340	416	36	321	351	10	0	224	162
50	86	199	-8	0	1640	10	407	0	1457
51	314	124	20	231	261	10	0	956	119
52	375	191	30	0	1673	10	0	958	1436
53	226	175	-14	1694	1724	10	652	0	1412
54	242	106	-12	0	1667	10	796	0	252
55	417	417	-30	0	1575	10	702	0	1322
56	419	459	20	0	1543	10	0	431	0
57	389	11	-20	0	1535	10	941	0	1243
58	450	416	-25	577	607	10	802	0	317
59	246	255	10	0	1805	10	0	149	1782
60	71	333	10	197	227	10	0	369	29
61	105	474	-10	471	501	10	917	0	48
62	20	489	-30	383	413	10	593	0	29
63	388	331	20	160	190	10	0	201	29
64	92	259	-10	399	429	10	40	0	52
65	200	261	10	166	196	10	0	610	144
66	400	288	30	0	1657	10	0	222	924
67	299	285	-20	0	1751	10	499	0	100
68	378	199	-20	207	237	10	143	0	84
69	325	147	14	0	1684	10	0	633	583
70	421	386	29	824	854	10	0	332	635
71	404	447	20	0	1561	10	0	253	0
72	412	478	7	0	1532	10	0	936	1224
73	26	67	15	1317	1347	10	0	438	1057
74	358	183	-30	0	1684	10	405	0	72
75	30	302	10	267	297	10	0	496	0
76	176	470	-31	0	1579	10	860	0	1317
77	96	270	-20	162	192	10	818	0	25
78	243	408	-40	0	1653	10	225	0	29
79	60	29	-3	0	1520	10	99	0	1167
80	34	169	-21	484	514	10	970	0	214
81	407	280	10	0	1652	10	0	567	1479
82	277	403	10	175	205	10	0	932	49
83	498	456	27	1406	1436	10	0	948	1113
84	384	491	20	348	378	10	0	277	102
85	355	174	33	0	1682	10	0	275	1536
86	97	288	22	0	1654	10	0	923	1453
87	316	284	-10	125	155	10	542	0	60
88	334	403	26	174	204	10	0	398	29
89	415	223	20	305	335	10	0	711	167
90	230	320	-36	0	1739	10	745	0	1648
91	432	199	-13	0	1622	10	890	0	1356
92	92	18	-20	1124	1154	10	596	0	848
93	273	300	30	55	85	10	0	657	29
94	269	112	19	0	1672	10	0	568	19
95	429	389	18	424	454	0	0	1013	227
96	371	71	-10	0	1595	10	23	0	1320
97	5	297	-10	0	1562	10	575	0	45
98	414	378	23	495	525	10	0	430	316
99	38	15	3	0	1495	10	0	79	1167
100	2	295	30	0	1559	10	0	993	1295
101	237	254	-10	83	113	10	230	0	36
102	54	445	-10	308	338	10	664	0	43
103	382	110	24	0	1619	10	0	824	37
104	438	488	18	0	1508	10	0	848	96
105	395	331	20	217	247	10	0	631	80
106	230	487	-15	1130	1160	10	370	0	908
107	249	407	10	174	204	10	0	710	46
108	488	26	-20	0	1485	10	288	0	1147
109	151	81	28	0	1616	10	0	450	535
110	483	14	10	0	1480	10	0	708	72
111	0	422	-20	821	851	10	32	0	0
112	429	67	16	732	762	10	0	670	0
113	195	464	20	1541	1571	10	0	734	1350
114	356	256	19	106	136	10	0	494	29
115	264	180	-23	1681	1711	10	667	0	604
116	94	235	20	156	186	10	0	945	29
117	474	96	30	0	1540	10	0	379	0
118	268	52	-30	306	336	10	849	0	58
119	44	440	24	0	1531	10	0	461	140
120	7	382	27	0	1535	10	0	634	1220
121	459	53	-9	0	1524	10	908	0	47
122	491	25	10	409	439	10	0	965	0
123	439	243	-10	0	1622	10	573	0	115
124	210	185	-32	76	106	10	234	0	17
125	150	68	-26	423	453	10	373	0	169
126	201	270	10	52	82	10	0	464	29
127	0	188	-30	0	1554	10	786	0	48
128	103	464	-15	0	1552	10	880	0	1150
129	325	56	-20	0	1604	10	553	0	122
130	44	344	12	1079	1109	10	0	601	0
131	418	75	11	448	478	10	0	444	235
132	472	57	-30	1295	1325	10	365	0	960
133	460	328	-10	0	1587	10	184	0	601
134	89	270	-20	0	1649	10	304	0	0
135	374	190	-22	0	1674	10	478	0	1525
136	463	253	-7	1047	1077	10	775	0	584
137	97	93	-22	0	1592	10	356	0	0
138	163	472	-30	653	683	10	752	0	108
139	29	336	-21	0	1574	10	569	0	202
140	84	453	-4	0	1549	10	348	0	1224
141	294	421	-8	1575	1605	10	617	0	1407
142	343	62	10	357	387	10	0	533	0
143	371	193	20	0	1678	10	0	68	84
144	142	372	-36	162	192	10	292	0	13
145	66	88	2	0	1566	10	0	914	115
146	395	332	10	0	1645	10	0	931	1463
147	93	413	-20	0	1585	10	268	0	29
148	267	394	-10	259	289	10	534	0	111
149	249	258	-10	0	1803	10	59	0	1782
150	472	129	10	0	1559	0	0	1018	1306
151	87	3	13	1433	1463	10	0	333	1167
152	62	326	-20	0	1609	10	830	0	0
153	212	186	-3	1707	1737	10	187	0	846
154	241	402	-10	0	1659	10	487	0	96
155	439	266	-20	189	219	10	375	0	18
156	79	80	19	0	1570	10	0	555	1197
157	62	453	10	0	1535	10	0	987	1247
158	188	151	7	0	1695	10	0	44	1346
159	386	154	-24	1101	1131	10	205	0	832
160	38	301	-10	296	326	10	645	0	82
161	192	265	10	0	1752	0	0	1001	1692
162	371	192	-22	134	164	10	790	0	17
163	64	294	-10	1101	1131	10	728	0	802
164	381	494	-30	0	1535	10	639	0	1245
165	437	12	-20	330	360	10	856	0	29
166	186	135	-44	0	1680	10	34	0	0
167	459	10	-20	0	1493	10	242	0	35
168	175	422	-7	1446	1476	10	697	0	1229
169	274	48	10	0	1608	10	0	810	1388
170	488	173	-20	0	1561	10	866	0	0
171	398	97	-10	0	1599	10	321	0	1359
172	385	17	-10	809	839	10	198	0	553
173	180	283	-8	0	1734	10	698	0	1641
174	71	12	-28	0	1514	10	942	0	1179
175	343	49	10	0	1590	10	0	406	1111
176	248	251	20	2	32	10	0	779	29
177	7	194	29	0	1562	0	0	1040	1312
178	322	290	-18	1479	1509	10	722	0	1306
179	410	399	25	0	1593	10	0	662	974
180	398	103	30	0	1603	10	0	814	1378
181	385	285	13	0	1672	10	0	992	305
182	179	497	-8	0	1554	10	761	0	467
183	464	13	-20	0	1492	10	195	0	51
184	492	335	10	828	858	10	0	133	601
185	27	464	21	0	1502	10	0	258	1183
186	231	29	-2	1226	1256	10	750	0	398
187	157	38	3	1048	1078	10	0	153	846
188	439	268	10	298	328	0	0	1014	138
189	149	214	-10	482	512	10	618	0	222
190	187	73	-31	292	322	10	723	0	118
191	429	169	8	0	1615	10	0	541	1142
192	350	199	-20	1201	1231	10	806	0	84
193	60	231	32	0	1621	10	0	538	1418
194	448	404	-30	599	629	10	537	0	0
195	481	20	20	347	377	10	0	183	51
196	436	25	19	0	1520	0	0	1005	0
197	111	459	20	359	389	0	0	1045	137
198	389	17	10	0	1540	10	0	172	553
199	148	208	-20	526	556	10	845	0	29
200	475	477	-25	0	1492	10	712	0	1134
201	390	325	-20	0	1653	10	63	0	29
202	346	354	-18	0	1670	10	1	0	1269
203	91	266	10	0	1652	10	0	424	1479
204	17	65	20	0	1514	10	0	572	118
205	391	112	24	1000	1030	10	0	159	832
206	224	203	20	0	1758	10	0	959	1645
207	426	231	24	1028	1058	0	0	1047	880
208	260	472	33	1036	1066	10	0	656	843
209	265	0	-20	896	926	10	377	0	37
210	391	293	20	0	1664	0	0	1043	1516
211	411	421	-20	0	1577	10	821	0	1324
212	132	30	20	0	1562	10	0	543	90
213	475	480	-20	379	409	10	949	0	70
214	286	244	-13	1284	1314	10	519	0	477
215	436	237	20	186	216	10	0	560	29
216	402	284	-14	0	1656	10	644	0	1490
217	287	397	12	564	594	0	0	1030	442
218	272	420	7	0	1640	10	0	10	1409
219	477	120	10	0	1550	10	0	35	1271
220	145	434	20	233	263	10	0	996	50
221	33	286	-20	1546	1576	10	334	0	29
222	370	262	-30	1099	1129	10	66	0	924
223	393	20	20	0	1541	10	0	952	1251
224	330	308	-36	0	1713	10	49	0	162
225	246	398	40	148	178	10	0	78	29
226	482	184	-10	0	1570	10	245	0	48
227	451	305	-25	208	238	10	495	0	11
228	226	316	21	70	100	10	0	37	29
229	110	459	-20	348	378	10	328	0	109
230	244	250	10	12	42	10	0	101	36
231	458	16	20	313	343	10	0	336	29
232	390	34	-30	1060	1090	10	616	0	728
233	423	214	20	217	247	10	0	592	70
234	219	215	32	46	76	10	0	124	17
235	326	118	10	0	1659	10	0	933	0
236	365	74	-5	848	878	10	322	0	0
237	331	356	-20	712	742	10	362	0	494
238	210	398	-38	0	1658	10	581	0	29
239	403	93	-10	0	1592	10	709	0	133
240	248	404	30	154	184	10	0	368	29
241	65	62	15	976	1006	10	0	921	742
242	460	13	20	322	352	10	0	167	35
243	0	293	30	279	309	10	0	811	55
244	211	248	26	39	69	10	0	635	29
245	484	174	10	265	295	10	0	226	48
246	175	352	12	0	1685	10	0	822	1364
247	455	168	21	0	1591	10	0	594	81
248	224	191	20	81	111	10	0	706	46
249	439	156	2	526	556	0	0	1012	344
250	434	359	13	0	1598	10	0	577	1299
251	118	314	-30	0	1665	10	869	0	1402
252	234	246	10	65	95	10	0	659	0
253	406	450	-20	0	1558	10	71	0	0
254	75	118	-21	0	1592	10	510	0	265
255	115	395	-30	815	845	10	867	0	0
256	329	456	19	249	279	10	0	910	0
257	218	403	-15	1319	1349	10	626	0	340
258	149	341	-21	0	1676	10	185	0	1183
259	253	74	-18	1350	1380	10	435	0	1062
260	436	241	-10	327	357	10	690	0	148
261	238	203	-20	94	124	10	453	0	65
262	405	455	-20	0	1554	10	39	0	1285
263	485	27	-20	0	1488	10	456	0	29
264	323	118	-30	0	1661	10	787	0	29
265	330	371	-20	559	589	10	404	0	0
266	25	65	10	0	1520	10	0	418	1216
267	406	96	20	219	249	10	0	20	29
268	49	451	20	284	314	10	0	147	29
269	307	249	-28	1377	1407	10	296	0	1304
270	178	135	-4	1514	1544	10	895	0	933
271	299	353	34	114	144	10	0	436	0
272	236	213	20	39	69	10	0	660	19
273	355	177	20	0	1684	10	0	727	1544
274	394	23	-10	0	1543	10	452	0	1252
275	306	235	-33	0	1754	10	85	0	1536
276	90	477	-11	277	307	10	833	0	3
277	379	486	-20	0	1543	10	84	0	102
278	435	16	10	367	397	10	0	282	98
279	8	497	-10	0	1466	10	489	0	50
280	150	484	-10	0	1557	10	585	0	1247
281	213	399	18	0	1658	10	0	387	1317
282	391	18	-10	0	1540	10	278	0	98
283	111	392	18	1169	1199	0	0	1007	1000
284	330	281	-15	1330	1360	10	934	0	500
285	344	203	14	0	1706	0	0	1010	1600
286	91	235	-35	269	299	10	508	0	29
287	346	60	-10	321	351	10	490	0	0
288	483	27	20	0	1489	10	0	108	1147
289	382	498	-30	0	1531	10	719	0	37
290	457	492	-10	508	538	10	939	0	147
291	291	213	23	0	1756	10	0	883	1542
292	154	374	36	0	1655	10	0	144	13
293	225	196	10	0	1752	10	0	961	1640
294	94	40	-20	0	1550	10	800	0	35
295	0	356	-27	1086	1116	10	513	0	828
296	297	283	28	1349	1379	10	0	269	1304
297	371	423	10	0	1600	10	0	999	1164
298	417	217	30	189	219	10	0	522	48
299	500	228	-20	782	812	10	888	0	29
300	412	214	-10	0	1646	10	527	0	1469
301	442	289	25	195	225	10	0	843	29
302	157	269	-23	1576	1606	10	6	0	1485
303	440	241	-10	301	331	10	692	0	34
304	100	266	20	0	1661	10	0	134	0
305	111	178	18	156	186	10	0	28	29
306	91	101	10	0	1594	0	0	1037	1376
307	25	307	-10	249	279	10	45	0	36
308	135	400	20	299	329	10	0	503	0
309	58	458	-20	323	353	10	703	0	57
310	133	26	10	0	1559	10	0	827	1288
311	211	386	20	0	1670	10	0	2	100
312	94	97	20	218	248	10	0	457	29
313	30	155	-18	1280	1310	10	614	0	366
314	208	184	20	0	1733	10	0	346	25
315	394	333	20	194	224	10	0	597	0
316	355	180	30	0	1685	10	0	350	40
317	241	180	13	0	1741	10	0	391	326
318	21	485	30	0	1483	10	0	624	60
319	80	251	14	0	1641	0	0	1015	0
320	476	61	-5	0	1517	10	901	0	94
321	406	94	10	0	1591	10	0	171	1359
322	364	71	5	0	1599	10	0	236	0
323	418	221	-14	291	321	10	38	0	29
324	274	441	12	695	725	10	0	13	532
325	304	97	20	182	212	10	0	636	49
326	297	102	10	155	185	10	0	884	29
327	250	405	20	162	192	10	0	853	37
328	111	463	20	0	1557	10	0	229	109
329	408	279	-20	0	1651	10	544	0	1474
330	263	418	25	0	1643	10	0	442	581
331	480	119	-21	0	1547	10	399	0	547
332	420	383	-29	0	1596	10	70	0	635
333	142	14	-13	0	1552	10	151	0	1167
334	73	328	20	193	223	10	0	221	29
335	50	438	-10	0	1537	10	770	0	1248
336	441	7	-20	392	422	10	231	0	29
337	462	14	-20	397	427	10	682	0	35
338	360	294	-20	1418	1448	10	545	0	1223
339	58	39	12	1163	1193	10	0	748	907
340	58	391	-10	0	1573	10	550	0	1164
341	410	285	-10	0	1648	10	352	0	29
342	96	97	20	0	1594	10	0	388	1364
343	21	64	20	0	1516	10	0	410	856
344	238	210	30	134	164	10	0	607	0
345	479	121	10	308	338	10	0	963	75
346	200	178	-20	94	124	10	314	0	25
347	216	341	19	0	1714	10	0	984	1452
348	48	437	4	0	1536	10	0	140	1224
349	200	270	20	59	89	10	0	427	35
350	357	181	-30	149	179	10	316	0	40
351	476	174	30	324	354	10	0	875	0
352	400	286	10	154	184	10	0	341	29
353	351	481	10	322	352	10	0	893	99
354	270	400	-30	0	1660	10	906	0	1466
355	95	234	10	163	193	10	0	367	37
356	128	113	22	363	393	10	0	137	0
357	133	455	25	808	838	10	0	608	0
358	16	463	-20	0	1495	10	376	0	39
359	59	388	20	663	693	10	0	628	457
360	376	190	-5	0	1672	10	977	0	1283
361	481	122	-2	0	1547	10	749	0	0
362	266	405	20	0	1656	10	0	237	494
363	374	232	33	125	155	10	0	416	29
364	398	20	20	0	1538	10	0	646	193
365	481	26	30	0	1490	10	0	132	960
366	63	444	20	0	1542	10	0	417	958
367	89	290	-10	0	1646	10	355	0	37
368	246	314	-30	1445	1475	10	240	0	29
369	40	304	-10	1145	1175	10	60	0	29
370	262	369	15	0	1692	10	0	106	908
371	323	29	7	0	1579	10	0	385	1263
372	89	65	16	720	750	10	0	574	504
373	144	35	26	0	1572	10	0	125	169
374	200	265	10	0	1759	10	0	911	1689
375	436	264	20	186	216	10	0	155	18
376	15	457	20	323	353	10	0	358	39
377	397	20	20	280	310	10	0	209	37
378	328	491	21	0	1558	10	0	463	1280
379	399	175	-30	0	1645	10	117	0	0
380	432	2	-20	467	497	10	729	0	0
381	63	336	-20	0	1606	10	587	0	47
382	6	296	10	320	350	10	0	842	101
383	146	376	-20	0	1648	10	466	0	98
384	295	247	-18	0	1766	10	590	0	1669
385	235	33	-7	0	1594	10	371	0	1263
386	233	204	20	54	84	10	0	695	34
387	142	360	-18	1532	1562	10	281	0	1317
388	177	156	-20	0	1692	10	342	0	1364
389	315	287	30	148	178	10	0	795	103
390	452	172	-20	0	1595	10	776	0	1281
391	263	153	-13	412	442	10	317	0	326
392	493	493	-4	856	886	10	658	0	260
393	320	283	30	0	1734	0	0	1039	1656
394	64	5	-10	0	1504	10	488	0	1135
395	95	235	10	155	185	10	0	509	29
396	203	211	-28	1306	1336	10	476	0	1206
397	16	497	20	0	1471	10	0	747	142
398	348	348	-26	0	1673	10	88	0	29
399	485	104	21	794	824	10	0	331	547
400	330	147	28	0	1681	10	0	502	0
401	443	237	20	193	223	10	0	713	0
402	316	286	-30	0	1736	10	792	0	0
403	335	46	-10	1342	1372	10	1000	0	41
404	381	495	20	0	1534	10	0	265	0
405	364	173	30	180	210	10	0	74	72
406	267	162	-10	1449	1479	10	175	0	1111
407	214	245	8	0	1775	10	0	50	1457
408	92	234	-30	0	1653	10	887	0	1479
409	347	459	25	0	1581	10	0	485	1271
410	30	7	-20	1189	1219	10	343	0	856
411	120	37	-10	0	1562	10	621	0	74
412	397	153	-19	882	912	10	778	0	29
413	210	29	-23	1051	1081	10	663	0	594
414	87	285	30	241	271	10	0	805	104
415	132	32	-26	784	814	10	632	0	415
416	390	294	-33	0	1665	10	363	0	29
417	67	451	-20	1216	1246	10	366	0	958
418	24	68	-10	0	1521	10	266	0	1216
419	146	439	-30	259	289	10	539	0	29
420	209	212	-10	0	1756	10	754	0	1641
421	6	292	10	0	1564	0	0	1035	1316
422	18	63	10	339	369	10	0	687	71
423	149	98	4	0	1629	10	0	947	1338
424	91	268	-10	0	1651	10	203	0	1479
425	103	177	28	626	656	0	0	1023	491
426	367	178	20	180	210	10	0	951	72
427	225	269	-20	0	1780	10	349	0	35
428	443	246	-10	0	1618	10	515	0	51
429	306	42	11	477	507	10	0	564	291
430	374	306	-23	0	1675	10	98	0	316
431	413	421	-20	0	1575	10	56	0	0
432	470	405	17	0	1542	10	0	831	1251
433	33	278	18	1487	1517	0	0	1033	1298
434	149	458	-25	1164	1194	10	815	0	902
435	257	57	18	1226	1256	10	0	259	1062
436	272	403	-34	190	220	10	271	0	0
437	221	291	9	50	80	10	0	549	29
438	1	101	-15	0	1521	10	73	0	1057
439	332	459	-20	0	1587	10	915	0	29
440	220	392	-30	258	288	10	855	0	29
441	253	50	-28	0	1611	10	836	0	1364
442	250	441	-25	756	786	10	330	0	581
443	471	484	10	340	370	10	0	840	0
444	480	152	-11	0	1561	10	131	0	235
445	404	83	-10	298	328	10	638	0	84
446	476	94	20	0	1537	10	0	938	1251
447	458	213	22	0	1600	10	0	764	1337
448	215	395	-10	0	1662	10	507	0	402
449	85	288	20	182	212	10	0	882	42
450	179	75	-28	740	770	10	109	0	535
451	228	287	21	43	73	10	0	974	29
452	397	18	10	0	1537	10	0	274	1252
453	238	204	20	0	1764	10	0	261	65
454	488	3	3	401	431	10	0	41	87
455	407	88	-20	0	1586	10	861	0	1347
456	459	14	20	315	345	10	0	263	29
457	120	17	-20	0	1545	10	312	0	29
458	235	316	-10	656	686	10	876	0	440
459	370	382	11	884	914	0	0	1004	0
460	405	454	11	1303	1333	10	0	807	1076
461	17	458	-24	433	463	10	119	0	140
462	43	135	-19	0	1575	10	536	0	1327
463	318	497	-21	0	1555	10	378	0	1280
464	199	268	-10	71	101	10	126	0	29
465	111	467	-20	0	1554	10	25	0	29
466	138	438	20	287	317	10	0	383	98
467	172	314	-11	0	1711	10	785	0	1462
468	494	468	31	0	1484	10	0	651	368
469	35	303	20	221	251	10	0	857	29
470	341	59	27	0	1600	10	0	721	1375
471	423	221	-20	258	288	10	629	0	100
472	395	295	-30	211	241	10	755	0	66
473	413	417	-15	356	386	10	758	0	137
474	339	60	20	211	241	10	0	732	0
475	277	428	-22	490	520	10	957	0	326
476	176	199	28	0	1722	10	0	396	1206
477	265	240	-17	0	1793	10	834	0	770
478	365	190	22	0	1682	10	0	135	1525
479	133	53	20	0	1582	10	0	885	0
480	387	488	20	362	392	10	0	680	117
481	385	295	20	0	1669	10	0	556	0
482	491	369	28	730	760	10	0	912	491
483	445	273	-10	0	1615	10	725	0	37
484	195	273	-17	0	1752	10	979	0	742
485	313	493	-25	0	1560	10	409	0	1271
486	495	227	-10	0	1565	10	756	0	76
487	241	403	10	220	250	10	0	154	96
488	30	72	10	0	1529	10	0	394	1135
489	21	487	10	350	380	10	0	279	50
490	324	99	10	0	1643	10	0	287	0
491	453	318	30	374	404	10	0	520	189
492	443	272	10	0	1617	10	0	918	313
493	447	184	27	0	1604	10	0	672	1383
494	366	288	-19	0	1689	10	114	0	29
495	440	284	25	0	1618	10	0	227	11
496	13	314	-10	0	1566	10	75	0	0
497	72	227	-16	0	1632	10	47	0	1380
498	377	385	6	0	1626	10	0	773	1160
499	477	478	20	392	422	10	0	67	100
500	204	185	-10	163	193	10	859	0	100
501	226	191	20	0	1748	10	0	864	1648
502	330	138	-28	0	1674	10	400	0	0
503	185	434	-20	574	604	10	308	0	0
504	483	22	-20	334	364	10	998	0	25
505	71	282	29	0	1630	10	0	623	1396
506	60	5	-8	0	1501	10	717	0	303
507	189	402	10	536	566	10	0	448	402
508	134	211	35	122	152	10	0	286	29
509	146	313	-10	1195	1225	10	395	0	29
510	21	146	21	487	517	10	0	254	265
511	37	281	-25	0	1596	10	696	0	266
512	416	417	-10	0	1576	10	798	0	29
513	44	311	27	0	1597	10	0	295	828
514	361	181	-20	197	227	10	588	0	86
515	444	242	10	216	246	10	0	428	51
516	444	271	-20	0	1616	10	548	0	167
517	359	179	-18	0	1681	10	529	0	1464
518	388	334	20	0	1650	10	0	685	26
519	401	164	13	621	651	10	0	214	477
520	499	316	-30	622	652	10	491	0	189
521	399	106	-30	0	1604	10	673	0	1283
522	425	215	-30	229	259	10	298	0	48
523	407	98	-20	0	1593	10	841	0	59
524	406	460	-20	0	1550	10	986	0	139
525	88	95	20	270	300	10	0	526	75
526	95	64	-20	766	796	10	525	0	75
527	306	229	10	0	1752	10	0	300	1469
528	273	55	20	0	1615	10	0	699	96
529	384	149	18	0	1644	10	0	517	1464
530	122	35	10	250	280	10	0	743	0
531	308	199	14	0	1734	0	0	1008	1656
532	390	301	-10	0	1662	10	894	0	1502
533	300	108	-10	0	1661	10	142	0	0
534	267	400	10	232	262	10	0	148	111
535	8	300	10	0	1564	10	0	988	1271
536	105	181	19	0	1651	10	0	462	1327
537	398	325	30	233	263	10	0	194	0
538	166	247	-32	0	1727	10	193	0	1418
539	140	431	30	211	241	10	0	419	29
540	253	118	19	547	577	10	0	765	444
541	359	246	-8	1423	1453	10	191	0	1142
542	321	277	10	0	1736	10	0	87	60
543	168	59	-20	366	396	10	212	0	90
544	406	285	20	0	1652	10	0	329	1474
545	391	334	20	0	1647	10	0	338	1223
546	437	19	-20	0	1514	10	873	0	127
547	201	278	13	56	86	10	0	744	29
548	435	267	20	323	353	10	0	516	167
549	245	408	-9	204	234	10	437	0	29
550	16	462	10	0	1496	10	0	340	1164
551	107	374	-10	914	944	10	12	0	0
552	477	97	10	0	1538	10	0	950	1236
553	346	57	20	308	338	10	0	129	122
554	14	459	-20	336	366	10	966	0	0
555	102	6	-19	0	1526	10	156	0	1197
556	359	287	-20	0	1696	10	481	0	0
557	297	131	-10	1165	1195	10	21	0	0
558	282	1	18	0	1560	10	0	852	1298
559	21	70	-10	0	1520	10	816	0	1212
560	440	244	-20	266	296	10	215	0	29
561	482	104	-20	0	1537	10	896	0	95
562	120	261	-20	793	823	10	737	0	146
563	125	29	30	283	313	10	0	916	0
564	292	32	-11	0	1589	10	429	0	291
565	262	92	-30	630	660	10	686	0	489
566	68	160	-15	1136	1166	10	688	0	926
567	405	276	-10	0	1654	10	81	0	1479
568	277	50	-19	201	231	10	94	0	19
569	32	319	21	401	431	10	0	139	202
570	344	70	24	1146	1176	0	0	1022	972
571	481	84	17	506	536	10	0	780	251
572	21	68	-20	401	431	10	204	0	118
573	441	244	10	277	307	10	0	123	115
574	57	43	-16	0	1528	10	372	0	504
575	1	293	10	268	298	10	0	97	45
576	481	96	20	0	1534	0	0	1042	1256
577	471	368	-13	0	1561	10	250	0	1299
578	236	126	23	124	154	10	0	700	29
579	406	99	-10	227	257	10	736	0	29
580	303	186	-15	1354	1384	10	804	0	1003
581	225	369	38	121	151	10	0	238	29
582	412	453	10	297	327	10	0	630	67
583	104	349	-26	1009	1039	10	30	0	0
584	173	182	25	0	1709	10	0	730	840
585	111	464	10	0	1556	10	0	280	1247
586	53	440	-20	0	1538	10	589	0	1167
587	69	336	20	218	248	10	0	381	47
588	359	182	20	209	239	10	0	514	86
589	13	459	20	0	1496	10	0	586	1167
590	244	277	18	0	1784	10	0	384	1669
591	484	177	20	0	1566	10	0	599	1304
592	452	206	-20	492	522	10	233	0	70
593	22	483	30	325	355	10	0	62	29
594	452	110	-21	340	370	10	247	0	81
595	347	192	-20	1488	1518	10	927	0	29
596	95	92	20	0	1590	10	0	92	848
597	368	311	-20	0	1679	10	315	0	0
598	479	387	-9	397	427	10	649	0	139
599	479	169	-20	0	1569	10	591	0	1304
600	497	266	-29	0	1564	10	928	0	1290
601	66	336	-12	0	1608	10	130	0	0
602	376	195	10	0	1674	10	0	954	99
603	401	281	-10	261	291	10	909	0	29
604	441	177	23	0	1607	10	0	877	1029
605	231	203	20	67	97	10	0	5	46
606	21	488	10	361	391	10	0	704	60
607	231	204	-30	0	1762	10	344	0	0
608	122	422	-25	1457	1487	10	357	0	0
609	65	453	30	282	312	10	0	739	37
610	206	261	-10	182	212	10	65	0	144
611	466	149	-16	1186	1216	10	669	0	967
612	313	119	-10	216	246	10	767	0	88
613	90	274	20	0	1650	10	0	803	1465
614	39	162	18	565	595	10	0	313	366
615	35	306	-5	229	259	10	922	0	23
616	437	15	30	0	1511	10	0	232	728
617	307	412	8	0	1640	10	0	141	1407
618	79	291	10	0	1636	10	0	189	222
619	64	437	11	918	948	0	0	1032	0
620	376	92	-20	991	1021	10	903	0	775
621	129	27	10	298	328	10	0	411	74
622	196	489	-12	0	1566	10	920	0	29
623	51	286	-29	0	1609	10	505	0	1396
624	20	488	-30	372	402	10	318	0	60
625	13	455	-20	0	1498	10	783	0	126
626	170	347	15	436	466	10	0	257	340
627	92	230	20	0	1652	10	0	772	415
628	117	467	-20	0	1557	10	359	0	457
629	413	217	20	0	1645	10	0	471	100
630	405	450	-10	0	1558	10	582	0	67
631	394	322	-20	0	1651	10	105	0	80
632	125	61	26	612	642	10	0	415	415
633	238	123	-14	781	811	10	69	0	583
634	11	403	-27	0	1528	10	120	0	1220
635	89	272	-26	0	1649	10	244	0	29
636	304	102	-20	0	1654	10	325	0	49
637	478	121	40	0	1550	10	0	813	47
638	408	84	10	284	314	10	0	445	84
639	376	494	30	0	1537	10	0	164	1245
640	20	73	10	290	320	10	0	881	0
641	159	299	-19	0	1708	10	642	0	57
642	95	382	19	231	261	10	0	641	57
643	352	63	6	0	1598	10	0	985	1160
644	365	274	14	0	1694	10	0	216	1490
645	30	301	10	278	308	10	0	160	82
646	351	5	-20	496	526	10	364	0	193
647	197	267	10	109	139	10	0	868	83
648	498	171	-16	0	1551	10	978	0	1204
649	468	352	9	0	1571	10	0	598	139
650	418	251	21	0	1643	0	0	1003	1474
651	489	437	-31	707	737	10	468	0	368
652	251	63	14	0	1624	10	0	53	1412
653	132	55	10	267	297	10	0	31	69
654	281	96	-20	1126	1156	10	751	0	63
655	333	293	-20	617	647	10	693	0	119
656	255	487	-33	0	1574	10	208	0	843
657	207	400	-30	0	1655	10	93	0	29
658	469	489	4	555	585	10	0	392	260
659	244	254	-10	100	130	10	252	0	0
660	233	207	-20	46	76	10	272	0	19
661	441	60	21	1459	1489	0	0	1026	1219
662	411	379	-25	1193	1223	10	179	0	974
663	178	72	23	757	787	10	0	413	594
664	51	447	10	294	324	10	0	102	43
665	478	118	20	0	1548	10	0	675	64
666	141	426	23	0	1604	10	0	837	18
667	295	89	23	742	772	10	0	115	604
668	112	433	29	235	265	10	0	913	35
669	320	211	16	0	1731	10	0	611	967
670	400	103	-16	0	1601	10	112	0	0
671	408	453	10	283	313	10	0	15	55
672	435	180	-27	0	1614	10	493	0	1383
673	432	66	30	0	1553	10	0	521	1283
674	374	116	-11	587	617	10	769	0	418
675	478	102	-20	324	354	10	665	0	64
676	335	57	30	210	240	10	0	22	29
677	385	239	-10	0	1676	10	889	0	1455
678	386	245	-21	479	509	10	854	0	353
679	208	396	-40	176	206	10	17	0	40
680	380	489	-20	0	1539	10	480	0	117
681	380	498	-5	0	1531	10	741	0	29
682	440	7	20	314	344	10	0	337	35
683	434	245	-20	342	372	10	971	0	165
684	90	232	10	212	242	10	0	18	80
685	389	334	-20	169	199	10	518	0	26
686	241	205	30	0	1766	10	0	565	489
687	18	24	-10	0	1488	10	422	0	71
688	57	183	15	0	1607	10	0	566	926
689	59	457	-23	334	364	10	835	0	29
690	442	243	10	0	1619	10	0	260	148
691	402	281	20	0	1656	0	0	1034	1500
692	445	237	10	200	230	10	0	303	34
693	441	273	20	282	312	10	0	655	119
694	31	175	24	247	277	10	0	788	45
695	234	202	-20	80	110	10	386	0	34
696	52	303	25	441	471	10	0	511	266
697	167	445	7	1412	1442	10	0	168	1229
698	179	286	8	0	1732	10	0	173	1641
699	269	48	-20	281	311	10	528	0	96
700	165	59	-23	943	973	10	578	0	29
701	461	8	-20	0	1490	10	829	0	1148
702	421	415	30	0	1574	10	0	55	1322
703	59	459	20	311	341	10	0	309	57
704	24	492	-10	0	1480	10	606	0	60
705	55	449	20	278	308	10	0	782	29
706	224	192	-20	0	1748	10	248	0	46
707	444	269	20	234	264	10	0	960	69
708	491	20	-10	394	424	10	110	0	72
709	313	126	10	243	273	10	0	239	133
710	283	438	-10	0	1621	10	107	0	46
711	352	241	-20	792	822	10	89	0	167
712	398	476	25	0	1541	10	0	200	1134
713	442	247	-20	241	271	10	401	0	0
714	217	207	26	1382	1412	0	0	1011	1357
715	233	87	18	253	283	0	0	1025	119
716	479	127	-22	270	300	10	784	0	24
717	6	53	8	587	617	10	0	506	303
718	478	300	-10	0	1578	10	777	0	156
719	378	493	30	282	312	10	0	289	37
720	303	78	-10	0	1632	10	819	0	1363
721	344	62	-27	0	1601	10	470	0	1375
722	371	315	18	0	1674	10	0	178	1306
723	200	78	31	0	1632	10	0	190	118
724	413	391	8	217	247	0	0	1002	31
725	415	216	10	176	206	10	0	483	37
726	397	57	17	1476	1506	0	0	1036	1263
727	293	228	-20	0	1763	10	273	0	1544
728	0	297	10	0	1557	10	0	163	802
729	435	20	20	381	411	10	0	380	0
730	195	111	-25	998	1028	10	584	0	840
731	417	218	-20	278	308	10	891	0	125
732	340	54	-20	238	268	10	474	0	0
733	132	57	20	0	1585	0	0	1038	1358
734	210	379	-20	0	1676	10	113	0	1350
735	228	260	12	0	1787	10	0	757	1534
736	399	104	10	0	1603	10	0	579	29
737	95	277	20	274	304	10	0	562	146
738	360	284	-15	0	1696	10	989	0	0
739	53	466	-30	0	1519	10	609	0	37
740	112	465	10	299	329	10	0	825	73
741	313	391	5	154	184	10	0	681	29
742	93	235	-10	246	276	10	900	0	47
743	125	32	-10	259	289	10	530	0	0
744	215	282	-13	1440	1470	10	547	0	29
745	224	320	36	0	1737	10	0	90	1648
746	134	428	20	308	338	10	0	839	125
747	26	490	-20	475	505	10	397	0	142
748	44	115	-12	0	1565	10	339	0	907
749	438	127	2	0	1587	10	0	361	0
750	239	15	2	604	634	10	0	186	398
751	342	54	20	250	280	10	0	654	63
752	109	463	30	334	364	10	0	138	108
753	199	187	-20	127	157	10	944	0	57
754	201	188	10	0	1732	10	0	420	1641
755	399	301	30	194	224	10	0	472	66
756	484	171	10	293	323	10	0	486	76
757	272	234	-12	1590	1620	10	735	0	1534
758	380	350	15	0	1647	10	0	473	137
759	140	108	-15	0	1632	10	964	0	1326
760	228	199	10	0	1756	10	0	763	68
761	245	461	8	649	679	10	0	182	467
762	305	107	-30	0	1658	10	870	0	1477
763	231	195	-10	109	139	10	760	0	68
764	450	265	-22	0	1611	10	447	0	1337
765	273	149	-19	0	1708	10	540	0	444
766	12	358	-30	1224	1254	10	937	0	963
767	315	121	10	203	233	10	0	612	88
768	420	213	10	204	234	10	0	36	60
769	331	134	11	0	1670	10	0	674	418
770	84	377	10	0	1602	10	0	335	1248
771	320	280	10	0	1735	0	0	1006	0
772	89	185	-20	600	630	10	627	0	415
773	472	481	-6	0	1491	10	498	0	1160
774	422	420	-29	0	1570	10	968	0	1266
775	475	267	7	780	810	10	0	136	584
776	470	125	20	0	1558	10	0	390	1281
777	435	268	10	312	342	10	0	718	156
778	409	155	19	185	215	10	0	412	29
779	243	248	-20	0	1804	10	176	0	29
780	488	96	-17	1066	1096	10	571	0	251
781	341	72	9	0	1612	10	0	48	1206
782	58	449	-20	363	393	10	705	0	29
783	16	460	20	411	441	10	0	625	126
784	480	136	22	256	286	10	0	716	24
785	162	388	11	0	1648	10	0	467	1462
786	47	208	30	226	256	10	0	127	48
787	324	127	30	143	173	10	0	264	29
788	87	96	-24	0	1587	10	694	0	45
789	140	137	-12	0	1654	10	904	0	29
790	314	205	22	0	1733	10	0	162	17
791	96	346	26	0	1630	0	0	1028	1448
792	321	280	30	77	107	10	0	402	0
793	245	251	10	0	1806	10	0	871	0
794	436	295	11	0	1620	0	0	1021	1428
795	274	261	-30	0	1785	10	389	0	103
796	271	128	12	346	376	10	0	54	252
797	275	45	20	225	255	10	0	981	48
798	422	409	10	234	264	10	0	512	29
799	146	188	-8	0	1690	10	832	0	1355
800	93	96	20	225	255	10	0	294	35
801	409	255	23	0	1652	10	0	26	1417
802	449	428	25	0	1545	10	0	58	317
803	90	285	-20	0	1648	10	613	0	1465
804	415	95	15	0	1585	10	0	580	1003
805	88	287	-30	263	293	10	414	0	104
806	379	196	20	194	224	10	0	192	84
807	368	452	-11	0	1578	10	460	0	1076
808	202	186	20	151	181	10	0	872	101
809	435	11	-10	302	332	10	844	0	12
810	269	46	-10	0	1607	10	169	0	1388
811	7	292	-30	0	1565	10	243	0	55
812	44	496	32	0	1491	0	0	1029	1170
813	478	99	-40	311	341	10	637	0	47
814	391	99	-30	0	1605	10	180	0	1378
815	132	477	25	0	1556	10	0	434	902
816	24	65	10	0	1519	10	0	559	1212
817	130	247	17	120	150	10	0	838	29
818	133	273	20	119	149	10	0	77	25
819	347	62	10	0	1600	10	0	720	1363
820	404	140	-10	0	1622	10	969	0	76
821	416	420	20	0	1574	10	0	211	1324
822	67	335	-12	0	1610	10	246	0	1364
823	92	270	20	257	287	10	0	919	127
824	411	95	-24	243	273	10	103	0	37
825	132	479	-10	0	1554	10	740	0	73
826	366	334	5	410	440	10	0	24	296
827	125	39	-10	0	1566	10	310	0	1288
828	419	422	-10	276	306	10	892	0	40
829	460	2	20	0	1487	10	0	701	1148
830	67	334	20	231	261	10	0	152	0
831	448	414	-17	0	1554	10	432	0	1251
832	46	163	8	0	1590	10	0	799	1355
833	77	465	11	275	305	10	0	276	3
834	284	319	17	817	847	10	0	477	770
835	102	422	23	226	256	10	0	689	29
836	240	34	28	0	1595	10	0	441	1364
837	141	428	-23	208	238	10	666	0	18
838	204	269	-17	0	1762	10	817	0	29
839	144	439	-20	0	1595	10	746	0	125
840	470	417	-10	0	1535	10	443	0	0
841	404	103	20	242	272	10	0	523	59
842	5	281	-10	1372	1402	10	382	0	101
843	487	320	-25	0	1564	10	301	0	29
844	398	23	10	270	300	10	0	809	12
845	90	296	20	166	196	10	0	199	29
846	386	13	-10	0	1538	10	990	0	1243
847	115	465	-7	0	1558	10	980	0	1201
848	473	475	-18	417	447	10	104	0	96
849	275	42	30	238	268	10	0	118	58
850	286	356	-17	0	1700	10	8	0	1357
851	15	69	10	296	326	10	0	943	29
852	267	44	-18	0	1605	10	558	0	1298
853	243	399	-20	235	265	10	327	0	37
854	390	249	21	0	1671	10	0	678	353
855	210	391	30	146	176	10	0	440	29
856	433	15	20	297	327	10	0	165	29
857	24	259	-20	0	1585	10	469	0	29
858	12	463	20	361	391	10	0	972	71
859	237	213	10	0	1772	10	0	500	100
860	182	480	31	0	1572	10	0	76	1317
861	409	88	20	0	1585	10	0	455	1347
862	244	368	25	414	444	0	0	1027	0
863	381	328	-10	717	747	10	973	0	572
864	213	185	-20	0	1737	10	501	0	1648
865	482	141	14	0	1555	0	0	1044	1298
866	319	124	20	0	1668	10	0	170	0
867	141	431	30	0	1600	10	0	255	0
868	198	264	-10	0	1758	10	647	0	83
869	69	334	30	0	1612	10	0	251	1402
870	299	98	30	0	1652	10	0	762	1477
871	240	250	-10	37	67	10	793	0	0
872	199	203	-20	1457	1487	10	808	0	101
873	459	17	20	411	441	10	0	546	127
874	423	217	20	0	1635	0	0	1048	0
875	477	179	-30	0	1574	10	351	0	0
876	213	397	10	0	1660	10	0	458	440
877	405	187	-23	1251	1281	10	604	0	1029
878	269	402	20	0	1658	0	0	1017	1504
879	53	204	-10	1055	1085	10	930	0	82
880	13	394	15	0	1534	10	0	128	1150
881	15	68	-10	303	333	10	640	0	0
882	56	268	-20	0	1617	10	449	0	42
883	360	184	-23	0	1683	10	291	0	1542
884	307	102	-10	210	240	10	326	0	29
885	130	57	-20	0	1584	10	479	0	0
886	250	328	24	249	279	0	0	1031	201
887	91	231	30	0	1651	10	0	408	1479
888	479	176	20	240	270	10	0	299	29
889	420	224	10	0	1640	10	0	677	1455
890	461	182	13	0	1590	10	0	91	1356
891	418	218	20	0	1640	10	0	731	125
892	419	418	10	249	279	10	0	828	40
893	336	493	-10	1493	1523	10	353	0	99
894	389	300	10	0	1664	10	0	532	1502
895	92	76	4	1139	1169	10	0	270	933
896	476	102	20	336	366	10	0	561	95
897	418	399	20	0	1587	10	0	29	584
898	109	56	-17	0	1572	10	27	0	61
899	13	465	31	774	804	10	0	46	484
900	92	232	10	177	207	10	0	742	47
901	394	47	5	313	343	10	0	320	94
902	16	287	12	0	1575	0	0	1041	1338
903	399	102	20	0	1601	10	0	620	775
904	143	158	12	141	171	10	0	789	29
905	18	484	10	329	359	10	0	9	0
906	250	411	30	0	1650	10	0	354	1466
907	19	273	-30	1017	1047	10	19	0	126
908	365	28	9	268	298	10	0	121	47
909	387	297	10	144	174	10	0	603	29
910	433	447	-19	794	824	10	256	0	0
911	214	274	-10	0	1768	10	374	0	1689
912	489	338	-28	0	1557	10	482	0	491
913	130	494	-29	759	789	10	668	0	35
914	23	67	-2	389	419	10	145	0	115
915	374	489	20	269	299	10	0	439	29
916	126	30	-30	272	302	10	563	0	0
917	112	467	10	276	306	10	0	61	48
918	489	274	-10	534	564	10	492	0	313
919	61	214	-20	342	372	10	823	0	127
920	166	440	12	207	237	10	0	622	29
921	56	75	-15	1438	1468	10	241	0	742
922	210	276	5	47	77	10	0	615	23
923	80	286	-22	0	1638	10	86	0	1453
924	17	459	10	0	1498	10	0	975	0
925	66	448	10	270	300	10	0	946	29
926	351	128	15	1253	1283	0	0	1019	1124
927	352	176	20	126	156	10	0	595	29
928	490	286	29	0	1569	10	0	600	1290
929	247	219	17	0	1780	10	0	33	818
930	86	268	10	217	247	10	0	879	82
931	398	329	-10	0	1644	10	146	0	1463
932	272	402	-10	0	1658	10	82	0	49
933	317	123	-10	0	1668	10	235	0	0
934	408	318	15	643	673	10	0	284	500
935	66	31	25	1048	1078	0	0	1024	791
936	425	448	-7	0	1547	10	72	0	1224
937	35	304	30	0	1590	10	0	766	963
938	471	94	-20	0	1541	10	446	0	1251
939	470	473	10	431	461	10	0	290	147
940	224	56	13	1186	1216	10	0	994	1020
941	343	47	20	0	1588	10	0	57	1243
942	52	18	28	0	1506	10	0	174	1179
943	16	68	-10	0	1515	10	851	0	29
944	195	185	20	0	1726	10	0	753	57
945	92	236	-20	0	1653	10	116	0	29
946	76	462	-10	0	1537	10	925	0	29
947	124	56	-4	0	1580	10	423	0	1338
948	481	454	-27	0	1503	10	83	0	1113
949	477	483	20	366	396	10	0	213	70
950	481	124	-10	0	1548	10	552	0	1236
951	389	156	-20	716	746	10	426	0	72
952	384	16	-20	0	1542	10	223	0	1251
953	492	34	-5	0	1487	10	16	0	1152
954	371	200	-10	224	254	10	602	0	99
955	153	235	10	0	1713	10	0	967	1590
956	428	202	-20	904	934	10	51	0	119
957	257	391	22	0	1670	10	0	475	326
958	421	218	-30	0	1638	10	52	0	1436
959	206	186	-20	0	1734	10	206	0	1645
960	393	301	-20	0	1660	10	707	0	69
961	204	187	-10	0	1733	10	293	0	1640
962	468	475	10	313	343	10	0	3	29
963	477	122	-10	330	360	10	345	0	75
964	100	66	15	0	1574	10	0	759	1326
965	489	27	-10	421	451	10	122	0	0
966	12	451	20	311	341	10	0	554	0
967	197	270	-10	0	1755	10	955	0	1590
968	311	422	29	0	1629	10	0	774	1266
969	489	17	10	380	410	10	0	820	76
970	13	214	21	0	1572	10	0	80	214
971	440	247	20	0	1621	10	0	683	165
972	28	467	-20	0	1501	10	858	0	71
973	388	325	10	0	1654	10	0	863	572
974	270	401	-21	0	1659	10	451	0	29
975	5	445	-10	0	1498	10	924	0	0
976	198	271	20	0	1755	0	0	1016	1698
977	480	131	5	0	1553	10	0	360	1283
978	437	98	16	0	1571	10	0	648	1204
979	131	246	17	832	862	10	0	484	742
980	49	437	7	0	1537	10	0	847	1201
981	270	49	-20	292	322	10	797	0	48
982	337	41	8	0	1585	10	0	42	681
983	318	280	20	0	1737	10	0	11	0
984	154	392	-19	0	1640	10	347	0	1452
985	493	111	-6	0	1532	10	643	0	1160
986	399	450	20	359	389	10	0	524	139
987	67	452	-10	0	1539	10	157	0	1247
988	34	239	-10	0	1595	10	535	0	1271
989	343	276	15	96	126	10	0	738	0
990	393	12	10	0	1534	10	0	846	1243
991	236	247	20	0	1797	0	0	1020	1782
992	340	291	-13	470	500	10	181	0	305
993	3	292	-30	0	1561	10	100	0	1295
994	209	68	-13	1568	1598	10	940	0	1020
995	18	225	-33	0	1578	10	7	0	1324
996	147	435	-20	245	275	10	220	0	50
997	335	99	25	0	1638	0	0	1009	1464
998	485	24	20	326	356	10	0	504	25
999	470	475	-10	0	1497	10	297	0	1164
1000	341	58	10	224	254	10	0	403	41
1001	192	265	-10	0	1752	10	161	0	1692
1002	413	391	-8	217	247	10	724	0	31
1003	418	251	-21	0	1643	10	650	0	1474
1004	370	382	-11	884	914	10	459	0	0
1005	436	25	-19	0	1520	10	196	0	0
1006	320	280	-10	0	1735	10	771	0	0
1007	111	392	-18	1169	1199	10	283	0	1000
1008	308	199	-14	0	1734	10	531	0	1656
1009	335	99	-25	0	1638	10	997	0	1464
1010	344	203	-14	0	1706	10	285	0	1600
1011	217	207	-26	1382	1412	10	714	0	1357
1012	439	156	-2	526	556	10	249	0	344
1013	429	389	-18	424	454	10	95	0	227
1014	439	268	-10	298	328	10	188	0	138
1015	80	251	-14	0	1641	10	319	0	0
1016	198	271	-20	0	1755	10	976	0	1698
1017	269	402	-20	0	1658	10	878	0	1504
1018	472	129	-10	0	1559	10	150	0	1306
1019	351	128	-15	1253	1283	10	926	0	1124
1020	236	247	-20	0	1797	10	991	0	1782
1021	436	295	-11	0	1620	10	794	0	1428
1022	344	70	-24	1146	1176	10	570	0	972
1023	103	177	-28	626	656	10	425	0	491
1024	66	31	-25	1048	1078	10	935	0	791
1025	233	87	-18	253	283	10	715	0	119
1026	441	60	-21	1459	1489	10	661	0	1219
1027	244	368	-25	414	444	10	862	0	0
1028	96	346	-26	0	1630	10	791	0	1448
1029	44	496	-32	0	1491	10	812	0	1170
1030	287	397	-12	564	594	10	217	0	442
1031	250	328	-24	249	279	10	886	0	201
1032	64	437	-11	918	948	10	619	0	0
1033	33	278	-18	1487	1517	10	433	0	1298
1034	402	281	-20	0	1656	10	691	0	1500
1035	6	292	-10	0	1564	10	421	0	1316
1036	397	57	-17	1476	1506	10	726	0	1263
1037	91	101	-10	0	1594	10	306	0	1376
1038	132	57	-20	0	1585	10	733	0	1358
1039	320	283	-30	0	1734	10	393	0	1656
1040	7	194	-29	0	1562	10	177	0	1312
1041	16	287	-12	0	1575	10	902	0	1338
1042	481	96	-20	0	1534	10	576	0	1256
1043	391	293	-20	0	1664	10	210	0	1516
1044	482	141	-14	0	1555	10	865	0	1298
1045	111	459	-20	359	389	10	197	0	137
1046	352	487	-27	0	1553	10	4	0	1294
1047	426	231	-24	1028	1058	10	207	0	880
1048	423	217	-20	0	1635	10	874	0	0

