250	200	1
0	250	250	0	0	1821	0	0	0
1	440	436	18	0	1546	10	0	598	120
2	214	394	-30	231	261	10	855	0	9
3	476	483	10	0	1487	10	0	200	115
4	352	487	-20	0	1553	10	485	0	125
5	230	197	40	122	152	10	0	293	9
6	175	239	23	0	1736	0	0	1033	166
7	133	202	-16	0	1685	10	772	0	45
8	328	458	-26	0	1589	10	88	0	134
9	25	499	-10	0	1476	10	747	0	112
10	226	423	15	0	1637	10	0	886	145
11	313	282	20	0	1741	10	0	296	165
12	60	454	10	347	377	10	0	46	9
13	239	486	3	1482	1512	10	0	327	127
14	102	264	10	0	1663	10	0	203	148
15	408	452	-20	0	1555	10	71	0	128
16	451	62	5	0	1536	10	0	131	124
17	203	390	-24	0	1664	10	168	0	128
18	92	233	-20	0	1653	10	116	0	148
19	7	300	-10	0	1563	10	421	0	129
20	409	90	20	0	1586	10	0	205	76
21	307	108	-20	0	1658	10	377	0	3
22	347	54	10	0	1593	10	0	371	131
23	406	87	-10	0	1586	10	455	0	134
24	371	332	-10	0	1665	10	892	0	131
25	116	466	20	254	284	10	0	357	2
26	441	265	40	0	1620	10	0	226	127
27	130	140	17	0	1649	10	0	799	146
28	80	117	24	824	854	10	0	508	63
29	421	387	-20	801	831	10	897	0	58
30	83	300	26	500	530	10	0	163	35
31	136	52	10	0	1583	10	0	743	129
32	18	462	20	0	1497	10	0	858	6
33	390	120	24	0	1620	10	0	267	1
34	188	119	-7	0	1667	10	158	0	150
35	467	114	-2	0	1555	10	749	0	128
36	440	292	24	940	970	10	0	777	77
37	268	400	20	0	1660	10	0	932	149
38	391	202	14	0	1663	10	0	604	139
39	377	432	-20	0	1590	10	986	0	130
40	80	290	10	0	1637	10	0	152	138
41	439	15	20	0	1510	10	0	926	82
42	307	52	-14	920	950	10	564	0	69
43	111	192	-21	0	1661	10	254	0	134
44	131	56	10	0	1584	10	0	450	133
45	88	286	10	0	1646	10	0	818	146
46	69	414	-10	0	1567	10	12	0	9
47	41	232	16	0	1602	10	0	882	135
48	323	77	36	1405	1435	10	0	933	124
49	340	416	36	0	1623	10	0	217	33
50	86	199	-10	0	1640	10	900	0	4
51	314	124	20	0	1670	10	0	264	149
52	375	191	-20	0	1673	10	806	0	8
53	226	175	23	0	1733	10	0	124	162
54	242	106	-27	0	1667	10	994	0	141
55	417	417	10	0	1575	10	0	473	132
56	419	459	-20	0	1543	10	253	0	126
57	389	11	20	0	1535	10	0	646	122
58	450	416	25	577	607	10	0	194	34
59	246	255	10	0	1805	10	0	344	170
60	71	333	-20	0	1614	10	334	0	2
61	105	474	27	0	1545	10	0	585	126
62	20	489	-30	0	1480	10	318	0	113
63	388	331	20	160	190	10	0	685	2
64	92	259	4	399	429	0	0	1032	27
65	200	261	10	166	196	10	0	230	14
66	400	288	-30	0	1657	10	755	0	6
67	299	285	3	0	1751	10	0	98	30
68	378	199	-30	207	237	10	162	0	2
69	325	147	14	0	1684	10	0	533	147
70	421	386	-25	0	1593	10	179	0	134
71	404	447	20	0	1561	10	0	15	128
72	412	478	7	0	1532	0	0	1031	125
73	26	67	-20	1317	1347	10	418	0	104
74	358	183	-20	0	1684	10	588	0	11
75	30	302	-30	0	1585	10	937	0	134
76	176	470	14	0	1579	10	0	622	129
77	96	270	20	162	192	10	0	930	3
78	243	408	-5	0	1653	10	442	0	59
79	60	29	-8	0	1520	10	717	0	113
80	34	169	11	484	514	10	0	748	28
81	407	280	-20	0	1652	10	691	0	148
82	277	403	-30	0	1656	10	436	0	6
83	498	456	27	1406	1436	10	0	651	111
84	384	491	-30	348	378	10	639	0	8
85	355	174	-20	0	1682	10	927	0	2
86	97	288	-30	0	1654	10	805	0	146
87	316	284	-20	0	1737	10	350	0	5
88	334	403	26	0	1637	10	0	8	134
89	415	223	-23	0	1644	10	801	0	144
90	230	320	8	0	1739	10	0	149	165
91	432	199	7	0	1622	10	0	874	141
92	92	18	-3	0	1531	10	555	0	122
93	273	300	30	55	85	10	0	475	2
94	269	112	-20	0	1672	10	528	0	140
95	429	389	18	0	1585	10	0	332	134
96	371	71	21	0	1595	10	0	819	134
97	5	297	10	0	1562	10	0	535	130
98	414	378	-3	495	525	10	67	0	30
99	38	15	3	0	1495	10	0	942	116
100	2	295	30	0	1559	10	0	243	129
101	237	254	20	0	1798	10	0	793	177
102	54	445	10	308	338	10	0	785	6
103	382	110	-20	0	1619	10	579	0	136
104	438	488	18	0	1508	10	0	262	119
105	395	331	20	217	247	10	0	146	8
106	230	487	-10	1130	1160	10	148	0	14
107	249	407	-25	0	1654	10	330	0	145
108	488	26	30	0	1485	0	0	1011	115
109	151	81	28	0	1616	10	0	723	137
110	483	14	-10	0	1480	10	969	0	112
111	0	422	-10	0	1508	10	625	0	114
112	429	67	-36	0	1556	10	320	0	120
113	195	464	-1	1541	1571	10	182	0	126
114	356	256	19	0	1705	10	0	222	99
115	264	180	33	1681	1711	0	0	1019	163
116	94	235	20	0	1655	10	0	18	148
117	474	96	-2	0	1540	10	249	0	124
118	268	52	10	0	1613	10	0	699	139
119	44	440	24	0	1531	10	0	147	123
120	7	382	27	0	1535	10	0	634	122
121	459	53	20	0	1524	0	0	1014	123
122	491	25	-30	0	1482	10	938	0	112
123	439	243	20	0	1622	10	0	303	141
124	210	185	-23	0	1735	10	53	0	162
125	150	68	-10	423	453	10	653	0	6
126	201	270	10	52	82	10	0	967	2
127	0	188	-8	0	1554	10	879	0	88
128	103	464	-20	0	1552	10	466	0	9
129	325	56	-20	0	1604	10	474	0	136
130	44	344	-15	0	1585	10	880	0	123
131	418	75	-5	0	1569	10	16	0	124
132	472	57	17	1295	1325	10	0	814	103
133	460	328	-29	0	1587	10	928	0	128
134	89	270	-17	0	1649	10	817	0	2
135	374	190	20	0	1674	10	0	669	152
136	463	253	23	0	1598	10	0	890	129
137	97	93	20	0	1592	10	0	788	134
138	163	472	9	653	683	10	0	860	44
139	29	336	-20	0	1574	10	469	0	130
140	84	453	-30	0	1549	10	609	0	3
141	294	421	-15	1575	1605	10	370	0	141
142	343	62	10	0	1602	10	0	676	137
143	371	193	20	0	1678	10	0	478	153
144	142	372	-20	0	1649	10	966	0	117
145	66	88	2	0	1566	10	0	339	88
146	395	332	-20	0	1645	10	105	0	8
147	93	413	-24	0	1585	10	119	0	123
148	267	394	10	259	289	10	0	106	14
149	249	258	-8	0	1803	10	90	0	165
150	472	129	10	0	1559	10	0	716	2
151	87	3	-10	1433	1463	10	530	0	2
152	62	326	-10	0	1609	10	40	0	138
153	212	186	11	1707	1737	10	0	859	165
154	241	402	-40	0	1659	10	225	0	2
155	439	266	10	189	219	10	0	707	2
156	79	80	19	0	1570	10	0	356	131
157	62	453	10	0	1535	10	0	980	122
158	188	151	7	0	1695	10	0	34	150
159	386	154	31	0	1645	10	0	824	3
160	38	301	-5	296	326	10	562	0	9
161	192	265	10	0	1752	10	0	976	167
162	371	192	30	134	164	10	0	68	2
163	64	294	-26	1101	1131	10	30	0	35
164	381	494	-20	0	1535	10	915	0	124
165	437	12	20	330	360	10	0	236	5
166	186	135	24	0	1680	0	0	1028	154
167	459	10	-20	0	1493	10	873	0	116
168	175	422	24	1446	1476	10	0	17	128
169	274	48	10	0	1608	10	0	568	139
170	488	173	-10	0	1561	10	245	0	4
171	398	97	-30	0	1599	10	445	0	134
172	385	17	-10	809	839	10	846	0	55
173	180	283	-8	0	1734	10	698	0	164
174	71	12	-18	0	1514	10	506	0	118
175	343	49	10	0	1590	10	0	941	135
176	248	251	20	2	32	10	0	757	2
177	7	194	-8	0	1562	10	407	0	130
178	322	290	23	1479	1509	10	0	402	142
179	410	399	25	0	1593	10	0	70	134
180	398	103	-10	0	1603	10	670	0	138
181	385	285	-30	0	1672	10	960	0	149
182	179	497	1	0	1554	10	0	113	126
183	464	13	20	0	1492	10	0	452	114
184	492	335	-18	828	858	10	520	0	39
185	27	464	21	0	1502	10	0	972	117
186	231	29	14	1226	1256	10	0	836	103
187	157	38	3	1048	1078	10	0	543	84
188	439	268	10	0	1622	10	0	486	129
189	149	214	-22	0	1704	10	199	0	157
190	187	73	18	0	1624	10	0	413	133
191	429	169	-30	0	1615	10	298	0	4
192	350	199	-20	0	1699	10	273	0	153
193	60	231	-25	0	1621	10	497	0	141
194	448	404	-25	0	1561	10	58	0	34
195	481	20	-10	347	377	10	504	0	3
196	436	25	19	0	1520	10	0	682	2
197	111	459	-20	0	1560	10	328	0	129
198	389	17	10	0	1540	10	0	952	125
199	148	208	22	0	1701	10	0	189	157
200	475	477	-10	0	1492	10	3	0	115
201	390	325	-12	0	1653	10	631	0	147
202	346	354	-19	0	1670	10	577	0	128
203	91	266	-10	0	1652	10	14	0	148
204	17	65	20	0	1514	10	0	343	120
205	391	112	-20	1000	1030	10	20	0	76
206	224	203	-14	0	1758	10	765	0	157
207	426	231	-10	0	1634	10	573	0	141
208	260	472	-20	1036	1066	10	362	0	83
209	265	0	-2	0	1561	10	750	0	39
210	391	293	20	0	1664	0	0	1034	151
211	411	421	20	0	1577	10	0	774	131
212	132	30	-10	0	1562	10	621	0	7
213	475	480	30	0	1490	0	0	1001	116
214	286	244	-23	1284	1314	10	291	0	121
215	436	237	20	186	216	10	0	471	2
216	402	284	-10	0	1656	10	909	0	2
217	287	397	-36	564	594	10	49	0	33
218	272	420	-10	0	1640	10	549	0	7
219	477	120	10	0	1550	10	0	611	91
220	145	434	-10	0	1600	10	419	0	136
221	33	286	-19	0	1592	10	857	0	132
222	370	262	-19	1099	1129	10	114	0	99
223	393	20	-7	0	1541	10	232	0	125
224	330	308	24	0	1713	10	0	795	160
225	246	398	40	148	178	10	0	154	2
226	482	184	-40	0	1570	10	26	0	127
227	451	305	13	208	238	10	0	693	2
228	226	316	-21	70	100	10	451	0	1
229	110	459	-19	0	1560	10	347	0	129
230	244	250	-10	0	1805	10	65	0	14
231	458	16	20	313	343	10	0	456	1
232	390	34	7	0	1554	10	0	223	125
233	423	214	20	217	247	10	0	672	7
234	219	215	32	46	76	10	0	753	2
235	326	118	10	0	1659	10	0	732	4
236	365	74	-20	0	1601	10	165	0	5
237	331	356	13	0	1678	10	0	409	133
238	210	398	10	0	1658	10	0	657	148
239	403	93	-17	0	1592	10	571	0	25
240	248	404	30	0	1657	10	0	906	147
241	65	62	15	0	1548	10	0	921	117
242	460	13	20	322	352	10	0	829	3
243	0	293	-30	0	1558	10	100	0	129
244	211	248	26	39	69	0	0	1040	2
245	484	174	10	265	295	10	0	170	4
246	175	352	12	0	1685	0	0	1017	155
247	455	168	-10	0	1591	10	300	0	135
248	224	191	-20	0	1747	10	763	0	8
249	439	156	2	0	1600	10	0	117	124
250	434	359	-25	0	1598	10	662	0	101
251	118	314	26	0	1665	10	0	845	0
252	234	246	-10	65	95	10	871	0	5
253	406	450	20	0	1558	10	0	56	126
254	75	118	21	0	1592	10	0	43	134
255	115	395	11	815	845	10	0	308	64
256	329	456	-35	0	1591	10	439	0	135
257	218	403	-25	0	1655	10	862	0	148
258	149	341	-15	0	1676	10	626	0	34
259	253	74	20	0	1635	10	0	429	25
260	436	241	-12	327	357	10	384	0	16
261	238	203	10	0	1763	10	0	386	169
262	405	455	-18	0	1554	10	104	0	119
263	485	27	-10	0	1488	10	965	0	114
264	323	118	-20	0	1661	10	51	0	149
265	330	371	-10	0	1666	10	297	0	137
266	25	65	-10	0	1520	10	851	0	2
267	406	96	-24	219	249	10	33	0	1
268	49	451	20	284	314	10	0	925	2
269	307	249	-20	0	1754	10	341	0	147
270	178	135	21	1514	1544	10	0	944	140
271	299	353	-36	0	1697	10	368	0	141
272	236	213	20	39	69	10	0	706	2
273	355	177	20	0	1684	10	0	192	153
274	394	23	20	0	1543	10	0	908	125
275	306	235	25	0	1754	10	0	527	167
276	90	477	18	277	307	10	0	628	2
277	379	486	-5	0	1543	10	741	0	126
278	435	16	10	0	1513	10	0	620	61
279	8	497	-10	0	1466	10	624	0	7
280	150	484	-10	0	1557	10	847	0	125
281	213	399	18	0	1658	10	0	641	143
282	391	18	-5	0	1540	10	901	0	9
283	111	392	18	0	1613	10	0	984	138
284	330	281	-22	1330	1360	10	992	0	123
285	344	203	14	0	1706	10	0	595	139
286	91	235	-1	0	1652	10	538	0	148
287	346	60	10	321	351	10	0	721	13
288	483	27	20	0	1489	10	0	998	114
289	382	498	-30	0	1531	10	719	0	123
290	457	492	7	0	1493	10	0	999	114
291	291	213	23	0	1756	10	0	214	121
292	154	374	-8	0	1655	10	383	0	147
293	225	196	-40	0	1752	10	5	0	9
294	94	40	-30	0	1550	10	563	0	5
295	0	356	-21	1086	1116	10	569	0	20
296	297	283	-20	0	1754	10	11	0	165
297	371	423	10	0	1600	10	0	265	137
298	417	217	30	189	219	10	0	191	4
299	500	228	8	0	1561	10	0	912	118
300	412	214	10	0	1646	10	0	247	135
301	442	289	-30	0	1616	10	491	0	18
302	157	269	-10	0	1717	10	742	0	147
303	440	241	-20	0	1621	10	123	0	141
304	100	266	-30	0	1661	10	887	0	145
305	111	178	18	156	186	10	0	566	2
306	91	101	-20	0	1594	10	525	0	135
307	25	307	10	0	1579	10	0	433	132
308	135	400	-11	0	1622	10	255	0	64
309	58	458	-30	323	353	10	689	0	5
310	133	26	10	0	1559	10	0	827	128
311	211	386	-23	0	1670	10	666	0	137
312	94	97	20	218	248	10	0	895	2
313	30	155	9	1280	1310	10	0	510	107
314	208	184	-19	0	1733	10	540	0	44
315	394	333	-20	0	1645	10	518	0	146
316	355	180	-20	0	1685	10	514	0	153
317	241	180	-27	0	1741	10	700	0	137
318	21	485	30	0	1483	10	0	62	113
319	80	251	-30	0	1641	10	786	0	4
320	476	61	36	0	1517	10	0	112	120
321	406	94	-10	0	1591	10	736	0	136
322	364	71	5	0	1599	10	0	990	124
323	418	221	10	291	321	10	0	891	15
324	274	441	-3	695	725	10	710	0	51
325	304	97	20	182	212	10	0	720	4
326	297	102	-30	0	1656	10	636	0	148
327	250	405	-3	0	1656	10	13	0	127
328	111	463	20	0	1557	10	0	197	129
329	408	279	20	0	1651	10	0	567	147
330	263	418	25	0	1643	10	0	107	145
331	480	119	7	0	1547	10	0	776	127
332	420	383	-18	0	1596	10	95	0	134
333	142	14	18	0	1552	10	0	415	52
334	73	328	20	193	223	10	0	60	2
335	50	438	-11	0	1537	10	619	0	124
336	441	7	20	392	422	10	0	616	11
337	462	14	20	0	1494	10	0	701	115
338	360	294	-20	1418	1448	10	481	0	127
339	58	39	-2	1163	1193	10	145	0	88
340	58	391	-19	0	1573	10	642	0	132
341	410	285	20	0	1648	10	0	269	147
342	96	97	20	0	1594	10	0	596	135
343	21	64	-20	0	1516	10	204	0	120
344	238	210	-10	0	1770	10	59	0	170
345	479	121	-8	0	1549	10	820	0	127
346	200	178	-10	94	124	10	959	0	2
347	216	341	19	0	1714	10	0	229	129
348	48	437	-20	0	1536	10	705	0	123
349	200	270	20	0	1758	10	0	911	168
350	357	181	20	149	179	10	0	87	5
351	476	174	-20	0	1573	10	599	0	131
352	400	286	-29	154	184	10	494	0	1
353	351	481	-20	322	352	10	893	0	6
354	270	400	10	0	1660	10	0	974	149
355	95	234	10	163	193	10	0	919	3
356	128	113	-19	0	1628	10	156	0	131
357	133	455	-20	0	1575	10	25	0	2
358	16	463	20	0	1495	10	0	899	116
359	59	388	20	663	693	10	0	770	45
360	376	190	-34	0	1672	10	877	0	111
361	481	122	30	0	1547	10	0	784	126
362	266	405	20	0	1656	10	0	208	83
363	374	232	33	125	155	10	0	677	2
364	398	20	20	0	1538	10	0	729	119
365	481	26	30	0	1490	10	0	638	115
366	63	444	20	0	1542	10	0	782	124
367	89	290	20	0	1646	10	0	923	145
368	246	314	36	1445	1475	10	0	271	141
369	40	304	-27	1145	1175	10	513	0	94
370	262	369	15	0	1692	10	0	141	141
371	323	29	-10	0	1579	10	22	0	131
372	89	65	-15	0	1566	10	964	0	130
373	144	35	-28	0	1572	10	411	0	128
374	200	265	-20	0	1759	10	868	0	169
375	436	264	20	186	216	10	0	548	2
376	15	457	20	323	353	10	0	739	3
377	397	20	20	280	310	10	0	21	3
378	328	491	-21	0	1558	10	463	0	128
379	399	175	13	0	1645	10	0	529	143
380	432	2	20	467	497	0	0	1003	18
381	63	336	-10	0	1606	10	601	0	138
382	6	296	10	320	350	10	0	496	10
383	146	376	8	0	1648	10	0	292	147
384	295	247	12	0	1766	10	0	260	16
385	235	33	30	0	1594	10	0	810	134
386	233	204	-10	0	1762	10	261	0	169
387	142	360	20	1532	1562	0	0	1004	140
388	177	156	-25	0	1692	10	584	0	155
389	315	287	-27	0	1737	10	655	0	55
390	452	172	9	0	1595	0	0	1025	137
391	263	153	12	412	442	0	0	1042	34
392	493	493	-10	0	1468	10	962	0	2
393	320	283	-18	0	1734	10	541	0	134
394	64	5	14	0	1504	10	0	935	73
395	95	235	-17	155	185	10	979	0	1
396	203	211	20	0	1750	10	0	420	167
397	16	497	-30	0	1471	10	593	0	111
398	348	348	23	0	1673	0	0	1021	153
399	485	104	-10	0	1535	10	552	0	124
400	330	147	28	0	1681	10	0	502	152
401	443	237	20	193	223	10	0	447	2
402	316	286	-23	0	1736	10	178	0	142
403	335	46	18	1342	1372	10	0	982	115
404	381	495	-10	0	1534	10	681	0	124
405	364	173	30	180	210	0	0	1036	7
406	267	162	-13	1449	1479	10	940	0	115
407	214	245	8	0	1775	10	0	177	130
408	92	234	10	0	1653	0	0	1023	149
409	347	459	-13	0	1581	10	237	0	133
410	30	7	-32	0	1484	10	687	0	112
411	120	37	28	0	1562	10	0	373	128
412	397	153	-13	882	912	10	519	0	47
413	210	29	-18	0	1587	10	190	0	133
414	87	285	30	0	1645	10	0	803	146
415	132	32	-18	784	814	10	333	0	52
416	390	294	-30	0	1665	10	537	0	9
417	67	451	5	0	1540	10	0	703	4
418	24	68	20	0	1521	10	0	73	104
419	146	439	10	0	1596	10	0	220	136
420	209	212	-20	0	1756	10	396	0	167
421	6	292	10	0	1564	10	0	19	129
422	18	63	-20	339	369	10	943	0	5
423	149	98	4	0	1629	10	0	574	122
424	91	268	10	0	1651	10	0	945	145
425	103	177	28	0	1647	10	0	536	147
426	367	178	20	0	1674	10	0	778	1
427	225	269	-22	0	1780	10	484	0	168
428	443	246	20	0	1618	10	0	725	139
429	306	42	-20	477	507	10	259	0	25
430	374	306	4	0	1675	10	0	482	126
431	413	421	10	0	1575	10	0	802	126
432	470	405	-31	0	1542	10	468	0	113
433	33	278	-10	0	1593	10	307	0	132
434	149	458	-10	0	1580	10	917	0	4
435	257	57	18	1226	1256	10	0	565	106
436	272	403	30	190	220	10	0	82	6
437	221	291	-3	0	1761	10	608	0	127
438	1	101	8	0	1521	10	0	640	118
439	332	459	35	0	1587	10	0	256	135
440	220	392	-20	258	288	10	448	0	12
441	253	50	-18	0	1611	10	715	0	11
442	250	441	5	756	786	10	0	78	59
443	471	484	10	340	370	10	0	773	4
444	480	152	-10	0	1561	10	756	0	7
445	404	83	30	0	1584	10	0	171	134
446	476	94	-20	0	1537	10	896	0	124
447	458	213	-20	0	1600	10	401	0	2
448	215	395	20	0	1662	10	0	440	12
449	85	288	20	0	1642	10	0	505	143
450	179	75	-10	0	1623	10	44	0	133
451	228	287	21	0	1768	10	0	228	1
452	397	18	-20	0	1537	10	183	0	114
453	238	204	20	0	1764	10	0	695	169
454	488	3	-16	0	1468	10	978	0	110
455	407	88	10	0	1586	10	0	23	134
456	459	14	-20	315	345	10	231	0	1
457	120	17	-10	0	1545	10	916	0	126
458	235	316	-10	656	686	10	876	0	44
459	370	382	-20	884	914	10	480	0	52
460	405	454	-14	0	1555	10	948	0	116
461	17	458	-10	433	463	10	924	0	13
462	43	135	-20	0	1575	10	572	0	120
463	318	497	21	0	1555	10	0	378	128
464	199	268	20	0	1757	10	0	647	7
465	111	467	-10	0	1554	10	740	0	128
466	138	438	20	287	317	10	0	128	9
467	172	314	9	0	1711	0	0	1015	161
468	494	468	31	0	1484	10	0	432	113
469	35	303	20	0	1590	10	0	139	130
470	341	59	27	0	1600	10	0	553	11
471	423	221	-20	258	288	10	215	0	2
472	395	295	-10	0	1660	10	894	0	149
473	413	417	-10	0	1578	10	55	0	132
474	339	60	20	0	1602	10	0	129	136
475	277	428	-30	490	520	10	93	0	2
476	176	199	-20	0	1722	10	991	0	162
477	265	240	-27	0	1793	10	951	0	146
478	365	190	-20	0	1682	10	143	0	153
479	133	53	-40	0	1582	10	885	0	133
480	387	488	20	0	1537	10	0	459	52
481	385	295	20	0	1669	10	0	338	127
482	491	369	-4	0	1543	10	430	0	126
483	445	273	-11	0	1615	10	794	0	138
484	195	273	22	0	1752	10	0	427	168
485	313	493	20	0	1560	10	0	4	125
486	495	227	-10	0	1565	10	188	0	129
487	241	403	-10	220	250	10	853	0	8
488	30	72	-10	0	1529	10	881	0	120
489	21	487	10	350	380	10	0	606	5
490	324	99	-30	0	1643	10	612	0	10
491	453	318	30	374	404	10	0	301	18
492	443	272	10	0	1617	10	0	516	141
493	447	184	27	0	1604	10	0	602	138
494	366	288	29	0	1689	10	0	352	1
495	440	284	25	0	1618	0	0	1020	142
496	13	314	-10	0	1566	10	382	0	10
497	72	227	25	0	1632	10	0	193	141
498	377	385	6	0	1626	10	0	630	129
499	477	478	20	392	422	10	0	848	10
500	204	185	-20	0	1732	10	808	0	163
501	226	191	20	0	1748	0	0	1041	168
502	330	138	-28	0	1674	10	400	0	152
503	185	434	-12	0	1616	10	920	0	2
504	483	22	10	334	364	10	0	195	3
505	71	282	-20	0	1630	10	449	0	143
506	60	5	18	0	1501	10	0	174	118
507	189	402	-30	536	566	10	867	0	28
508	134	211	-24	0	1689	10	28	0	63
509	146	313	22	0	1690	10	0	744	126
510	21	146	-9	0	1560	10	313	0	107
511	37	281	-12	0	1596	10	902	0	132
512	416	417	20	0	1576	10	0	821	132
513	44	311	27	0	1597	10	0	369	94
514	361	181	20	0	1681	10	0	316	153
515	444	242	10	216	246	10	0	690	5
516	444	271	-10	0	1616	10	492	0	141
517	359	179	-14	0	1681	10	531	0	153
518	388	334	20	0	1650	10	0	315	146
519	401	164	13	621	651	10	0	412	47
520	499	316	18	622	652	10	0	184	39
521	399	106	-20	0	1604	10	841	0	137
522	425	215	10	0	1633	10	0	731	144
523	407	98	-20	0	1593	10	861	0	134
524	406	460	-20	0	1550	10	680	0	122
525	88	95	20	0	1587	10	0	306	135
526	95	64	-20	766	796	10	947	0	52
527	306	229	-25	0	1752	10	275	0	167
528	273	55	20	0	1615	10	0	94	140
529	384	149	-13	0	1644	10	379	0	143
530	122	35	10	250	280	10	0	151	2
531	308	199	14	0	1734	10	0	517	153
532	390	301	-15	0	1662	10	934	0	50
533	300	108	-14	0	1661	10	69	0	147
534	267	400	10	0	1661	10	0	761	45
535	8	300	-10	0	1564	10	97	0	130
536	105	181	-28	0	1651	10	425	0	147
537	398	325	30	233	263	10	0	416	9
538	166	247	1	0	1727	10	0	286	148
539	140	431	-23	0	1600	10	835	0	2
540	253	118	19	547	577	10	0	314	44
541	359	246	18	1423	1453	10	0	393	134
542	321	277	-20	0	1736	10	983	0	164
543	168	59	-3	0	1604	10	187	0	84
544	406	285	-20	0	1652	10	603	0	13
545	391	334	20	0	1647	10	0	758	145
546	437	19	15	0	1514	10	0	809	119
547	201	278	13	0	1755	0	0	1035	169
548	435	267	-20	323	353	10	375	0	2
549	245	408	10	204	234	10	0	218	7
550	16	462	10	0	1496	10	0	783	11
551	107	374	-10	914	944	10	664	0	56
552	477	97	10	0	1538	10	0	399	124
553	346	57	-27	308	338	10	470	0	11
554	14	459	-20	336	366	10	589	0	3
555	102	6	3	0	1526	10	0	92	122
556	359	287	-19	0	1696	10	738	0	156
557	297	131	25	0	1684	10	0	870	148
558	282	1	-29	0	1560	10	759	0	119
559	21	70	15	0	1520	10	0	816	121
560	440	244	-20	266	296	10	971	0	9
561	482	104	-10	0	1537	10	813	0	124
562	120	261	5	0	1681	10	0	160	9
563	125	29	30	283	313	10	0	294	5
564	292	32	14	0	1589	10	0	42	69
565	262	92	-18	0	1653	10	435	0	106
566	68	160	-18	1136	1166	10	305	0	2
567	405	276	-20	0	1654	10	329	0	147
568	277	50	-10	0	1610	10	169	0	139
569	32	319	21	401	431	10	0	295	20
570	344	70	-9	0	1608	10	781	0	139
571	481	84	17	506	536	10	0	239	25
572	21	68	20	0	1519	10	0	462	120
573	441	244	10	0	1620	10	0	207	141
574	57	43	-4	0	1528	10	423	0	122
575	1	293	-10	268	298	10	728	0	2
576	481	96	20	0	1534	0	0	1008	125
577	471	368	19	0	1561	10	0	202	128
578	236	126	-15	0	1687	10	730	0	148
579	406	99	20	0	1594	10	0	103	136
580	303	186	-9	1354	1384	10	674	0	109
581	225	369	38	121	151	10	0	734	2
582	412	453	10	297	327	10	0	910	6
583	104	349	-20	0	1635	10	822	0	138
584	173	182	25	0	1709	10	0	388	155
585	111	464	-27	0	1556	10	61	0	126
586	53	440	-30	0	1538	10	975	0	116
587	69	336	-30	218	248	10	869	0	3
588	359	182	20	209	239	10	0	74	11
589	13	459	20	0	1496	10	0	554	3
590	244	277	18	0	1784	10	0	850	157
591	484	177	-20	0	1566	10	875	0	131
592	452	206	31	492	522	0	0	1024	31
593	22	483	30	0	1486	10	0	397	111
594	452	110	14	340	370	10	0	661	12
595	347	192	-14	1488	1518	10	285	0	139
596	95	92	-20	0	1590	10	342	0	135
597	368	311	14	0	1679	10	0	722	152
598	479	387	-18	0	1545	10	1	0	120
599	479	169	20	0	1569	10	0	351	131
600	497	266	25	0	1564	10	0	918	29
601	66	336	10	0	1608	10	0	381	138
602	376	195	-27	0	1674	10	493	0	138
603	401	281	20	261	291	10	0	544	13
604	441	177	-14	0	1607	10	38	0	139
605	231	203	-10	0	1761	10	660	0	2
606	21	488	-10	361	391	10	489	0	5
607	231	204	-10	0	1762	10	760	0	169
608	122	422	3	1457	1487	10	0	437	127
609	65	453	30	282	312	10	0	140	3
610	206	261	-30	0	1766	10	779	0	170
611	466	149	-10	1186	1216	10	219	0	91
612	313	119	30	216	246	10	0	490	10
613	90	274	20	0	1650	0	0	1030	148
614	39	162	-8	0	1583	10	832	0	134
615	35	306	20	0	1589	10	0	766	126
616	437	15	-20	0	1511	10	336	0	11
617	307	412	-29	0	1640	10	968	0	143
618	79	291	10	0	1636	10	0	737	144
619	64	437	11	0	1548	10	0	335	124
620	376	92	-10	991	1021	10	278	0	61
621	129	27	10	298	328	10	0	212	7
622	196	489	-14	0	1566	10	76	0	129
623	51	286	-16	0	1609	10	842	0	130
624	20	488	10	372	402	10	0	279	7
625	13	455	10	0	1498	10	0	111	114
626	170	347	15	436	466	10	0	258	34
627	92	230	-10	0	1652	10	955	0	148
628	117	467	-18	0	1557	10	276	0	2
629	413	217	-10	0	1645	10	683	0	18
630	405	450	-6	0	1558	10	498	0	129
631	394	322	12	0	1651	10	0	201	147
632	125	61	-20	0	1585	10	733	0	134
633	238	123	24	781	811	10	0	864	68
634	11	403	-27	0	1528	10	120	0	122
635	89	272	-20	0	1649	10	823	0	12
636	304	102	30	0	1654	10	0	326	148
637	478	121	-10	0	1550	10	950	0	127
638	408	84	-30	0	1582	10	365	0	115
639	376	494	30	0	1537	10	0	84	8
640	20	73	-8	0	1521	10	438	0	118
641	159	299	-18	0	1708	10	281	0	143
642	95	382	19	0	1608	10	0	340	132
643	352	63	-17	0	1598	10	726	0	126
644	365	274	-16	0	1694	10	678	0	151
645	30	301	-25	0	1586	10	696	0	26
646	351	5	-20	0	1546	10	57	0	122
647	197	267	-20	109	139	10	464	0	7
648	498	171	-20	0	1551	10	888	0	2
649	468	352	-12	0	1571	10	718	0	127
650	418	251	21	0	1643	10	0	768	142
651	489	437	-27	0	1508	10	83	0	111
652	251	63	14	0	1624	0	0	1016	143
653	132	55	10	267	297	10	0	125	6
654	281	96	-30	0	1654	10	849	0	138
655	333	293	27	617	647	10	0	389	55
656	255	487	19	0	1574	10	0	957	132
657	207	400	-10	0	1655	10	238	0	148
658	469	489	4	0	1487	10	0	949	5
659	244	254	20	100	130	10	0	686	12
660	233	207	10	46	76	10	0	605	2
661	441	60	-14	1459	1489	10	594	0	12
662	411	379	25	1193	1223	10	0	250	101
663	178	72	23	0	1619	0	0	1013	142
664	51	447	10	0	1531	10	0	551	56
665	478	118	-26	0	1548	10	985	0	124
666	141	426	23	0	1604	10	0	311	137
667	295	89	-25	742	772	10	997	0	54
668	112	433	29	235	265	10	0	839	3
669	320	211	-20	0	1731	10	135	0	152
670	400	103	10	0	1601	10	0	180	138
671	408	453	10	0	1554	10	0	702	126
672	435	180	-20	0	1614	10	233	0	7
673	432	66	-20	0	1553	10	708	0	9
674	374	116	9	0	1629	10	0	580	109
675	478	102	10	0	1540	10	0	780	80
676	335	57	-10	0	1601	10	142	0	137
677	385	239	-33	0	1676	10	363	0	2
678	386	245	16	0	1675	10	0	644	151
679	208	396	-36	176	206	10	745	0	4
680	380	489	20	0	1539	10	0	524	122
681	380	498	10	0	1531	10	0	404	124
682	440	7	-19	314	344	10	196	0	2
683	434	245	10	342	372	10	0	629	18
684	90	232	10	0	1650	10	0	970	132
685	389	334	-20	0	1649	10	63	0	2
686	241	205	-20	0	1766	10	659	0	12
687	18	24	32	0	1488	10	0	410	112
688	57	183	15	0	1607	10	0	694	3
689	59	457	30	0	1530	10	0	309	5
690	442	243	-10	0	1619	10	515	0	5
691	402	281	20	0	1656	10	0	81	148
692	445	237	10	200	230	10	0	956	3
693	441	273	-13	0	1619	10	227	0	2
694	31	175	-15	247	277	10	688	0	3
695	234	202	-20	0	1761	10	453	0	169
696	52	303	25	441	471	10	0	645	26
697	167	445	-11	0	1600	10	825	0	128
698	179	286	8	0	1732	10	0	173	164
699	269	48	-10	0	1609	10	118	0	139
700	165	59	27	0	1602	10	0	317	137
701	461	8	-20	0	1490	10	337	0	115
702	421	415	-10	0	1574	10	671	0	126
703	59	459	-5	311	341	10	417	0	4
704	24	492	10	0	1480	10	0	905	113
705	55	449	20	0	1533	10	0	348	123
706	224	192	-20	0	1748	10	272	0	2
707	444	269	-10	0	1617	10	155	0	2
708	491	20	20	394	424	10	0	673	9
709	313	126	-11	243	273	10	769	0	10
710	283	438	3	0	1621	10	0	324	51
711	352	241	-10	0	1709	10	958	0	145
712	398	476	25	0	1541	0	0	1012	127
713	442	247	10	0	1619	10	0	889	140
714	217	207	26	0	1757	10	0	754	164
715	233	87	18	253	283	10	0	441	11
716	479	127	-10	270	300	10	150	0	2
717	6	53	8	0	1498	10	0	79	113
718	478	300	12	0	1578	10	0	649	127
719	378	493	30	0	1537	10	0	289	123
720	303	78	-20	0	1632	10	325	0	4
721	344	62	-10	0	1601	10	287	0	13
722	371	315	-14	0	1674	10	597	0	152
723	200	78	-28	0	1632	10	109	0	137
724	413	391	8	0	1596	10	0	826	136
725	415	216	-20	0	1643	10	428	0	139
726	397	57	17	1476	1506	10	0	643	126
727	293	228	-22	0	1763	10	790	0	164
728	0	297	10	0	1557	10	0	575	2
729	435	20	-20	0	1516	10	364	0	119
730	195	111	15	0	1662	10	0	578	148
731	417	218	-10	0	1641	10	522	0	144
732	340	54	-10	238	268	10	235	0	4
733	132	57	20	0	1585	10	0	632	134
734	210	379	-38	0	1676	10	581	0	2
735	228	260	-30	0	1787	10	838	0	170
736	399	104	10	0	1603	10	0	321	136
737	95	277	-10	0	1654	10	618	0	144
738	360	284	19	0	1696	10	0	556	156
739	53	466	-20	0	1519	10	376	0	3
740	112	465	10	0	1556	10	0	465	128
741	313	391	5	0	1657	10	0	277	126
742	93	235	10	0	1654	10	0	302	147
743	125	32	-10	0	1560	10	31	0	129
744	215	282	-22	1440	1470	10	509	0	126
745	224	320	36	0	1737	10	0	679	4
746	134	428	-5	0	1599	10	922	0	2
747	26	490	10	0	1483	10	0	9	112
748	44	115	-11	0	1565	10	80	0	28
749	438	127	2	0	1587	10	0	35	128
750	239	15	2	604	634	10	0	209	39
751	342	54	-30	0	1595	10	787	0	136
752	109	463	30	334	364	0	0	1009	10
753	199	187	-32	0	1730	10	234	0	2
754	201	188	-26	0	1732	10	714	0	164
755	399	301	30	194	224	10	0	66	6
756	484	171	10	293	323	10	0	444	7
757	272	234	-20	1590	1620	10	176	0	2
758	380	350	-20	0	1647	10	545	0	145
759	140	108	29	0	1632	10	0	558	119
760	228	199	10	0	1756	10	0	607	169
761	245	461	-10	649	679	10	534	0	45
762	305	107	20	0	1658	10	0	884	148
763	231	195	20	109	139	10	0	248	8
764	450	265	10	0	1611	0	0	1027	141
765	273	149	14	0	1708	10	0	206	157
766	12	358	-20	0	1550	10	615	0	126
767	315	121	10	203	233	10	0	866	8
768	420	213	-21	0	1638	10	650	0	142
769	331	134	11	0	1670	10	0	709	10
770	84	377	-20	0	1602	10	359	0	45
771	320	280	-30	0	1735	10	792	0	164
772	89	185	16	600	630	10	0	7	45
773	472	481	-10	0	1491	10	443	0	4
774	422	420	-20	0	1570	10	211	0	131
775	475	267	7	0	1586	10	0	843	127
776	470	125	-7	0	1558	10	331	0	127
777	435	268	-24	0	1626	10	36	0	77
778	409	155	-20	185	215	10	426	0	1
779	243	248	30	0	1804	10	0	610	170
780	488	96	-10	1066	1096	10	675	0	80
781	341	72	9	0	1612	10	0	570	139
782	58	449	-20	0	1535	10	366	0	124
783	16	460	-10	411	441	10	550	0	11
784	480	136	-30	0	1555	10	361	0	126
785	162	388	-10	0	1648	10	102	0	6
786	47	208	30	226	256	10	0	319	4
787	324	127	30	0	1668	10	0	751	136
788	87	96	-20	0	1587	10	137	0	134
789	140	137	32	0	1654	10	0	852	127
790	314	205	22	0	1733	10	0	727	164
791	96	346	-20	0	1630	10	830	0	138
792	321	280	30	0	1734	10	0	771	164
793	245	251	-20	0	1806	10	101	0	177
794	436	295	11	0	1620	10	0	483	138
795	274	261	-24	0	1785	10	224	0	160
796	271	128	12	346	376	0	0	1022	25
797	275	45	-30	0	1605	10	981	0	138
798	422	409	10	234	264	10	0	931	2
799	146	188	-17	0	1690	10	27	0	146
800	93	96	-12	225	255	10	904	0	2
801	409	255	23	0	1652	10	0	89	144
802	449	428	-10	0	1545	10	431	0	126
803	90	285	-30	0	1648	10	414	0	146
804	415	95	15	0	1585	10	0	903	134
805	88	287	30	0	1645	10	0	86	146
806	379	196	20	194	224	10	0	52	8
807	368	452	16	0	1578	0	0	1010	134
808	202	186	20	0	1731	10	0	500	163
809	435	11	-15	0	1509	10	546	0	119
810	269	46	-30	0	1607	10	385	0	134
811	7	292	-20	0	1565	10	993	0	130
812	44	496	-30	0	1491	10	987	0	115
813	478	99	10	0	1538	10	0	561	124
814	391	99	-17	0	1605	10	132	0	103
815	132	477	25	0	1556	10	0	913	125
816	24	65	-15	0	1519	10	559	0	121
817	130	247	17	120	150	10	0	134	2
818	133	273	-10	0	1692	10	45	0	146
819	347	62	-21	0	1600	10	96	0	134
820	404	140	8	0	1622	10	0	345	127
821	416	420	-20	0	1574	10	512	0	132
822	67	335	20	0	1610	10	0	583	138
823	92	270	20	257	287	10	0	635	12
824	411	95	-31	243	273	10	159	0	3
825	132	479	11	0	1554	10	0	697	128
826	366	334	-8	0	1668	10	724	0	136
827	125	39	-10	0	1566	10	310	0	128
828	419	422	20	276	306	10	0	831	6
829	460	2	-20	0	1487	10	242	0	3
830	67	334	20	0	1610	10	0	791	138
831	448	414	-20	0	1554	10	828	0	6
832	46	163	8	0	1590	10	0	614	134
833	77	465	-18	0	1536	10	946	0	124
834	284	319	17	817	847	0	0	1039	77
835	102	422	23	226	256	10	0	539	2
836	240	34	-14	0	1595	10	186	0	103
837	141	428	20	208	238	10	0	996	2
838	204	269	30	0	1762	10	0	735	170
839	144	439	-29	0	1595	10	668	0	3
840	470	417	11	0	1535	0	0	1002	125
841	404	103	20	0	1599	10	0	521	137
842	5	281	16	0	1565	10	0	623	130
843	487	320	-7	0	1564	10	775	0	127
844	398	23	10	270	300	10	0	856	2
845	90	296	-26	166	196	10	251	0	0
846	386	13	10	0	1538	10	0	172	55
847	115	465	10	0	1558	10	0	280	125
848	473	475	-20	0	1495	10	499	0	10
849	275	42	30	0	1602	10	0	654	138
850	286	356	-18	0	1700	10	590	0	157
851	15	69	10	296	326	10	0	266	2
852	267	44	-32	0	1605	10	789	0	127
853	243	399	10	235	265	10	0	487	8
854	390	249	21	0	1671	0	0	1026	153
855	210	391	30	0	1665	10	0	2	9
856	433	15	-10	0	1514	10	844	0	2
857	24	259	19	0	1585	10	0	221	132
858	12	463	-20	361	391	10	32	0	6
859	237	213	-11	0	1772	10	153	0	165
860	182	480	-9	0	1572	10	138	0	44
861	409	88	20	0	1585	10	0	523	134
862	244	368	25	0	1693	10	0	257	148
863	381	328	-10	717	747	10	973	0	57
864	213	185	-24	0	1737	10	633	0	68
865	482	141	-10	0	1555	10	963	0	9
866	319	124	-10	0	1668	10	767	0	8
867	141	431	30	0	1600	10	0	507	28
868	198	264	20	0	1758	10	0	374	169
869	69	334	30	0	1612	10	0	587	3
870	299	98	-25	0	1652	10	557	0	148
871	240	250	10	37	67	10	0	252	5
872	199	203	-30	1457	1487	10	961	0	138
873	459	17	20	0	1498	10	0	167	116
874	423	217	-7	0	1635	10	91	0	141
875	477	179	20	0	1574	10	0	591	131
876	213	397	10	0	1660	10	0	458	44
877	405	187	34	1251	1281	10	0	360	111
878	269	402	20	0	1658	0	0	1029	150
879	53	204	8	1055	1085	10	0	127	88
880	13	394	15	0	1534	10	0	130	123
881	15	68	10	0	1514	10	0	488	120
882	56	268	-16	0	1617	10	47	0	135
883	360	184	10	0	1683	10	0	954	9
884	307	102	-20	0	1653	10	762	0	148
885	130	57	40	0	1584	10	0	479	133
886	250	328	-15	0	1733	10	10	0	145
887	91	231	30	0	1651	10	0	304	145
888	479	176	20	240	270	10	0	648	2
889	420	224	-10	0	1640	10	713	0	140
890	461	182	-23	0	1590	10	136	0	129
891	418	218	-10	0	1640	10	323	0	15
892	419	418	10	0	1573	10	0	24	131
893	336	493	20	0	1554	10	0	353	6
894	389	300	10	0	1664	10	0	472	149
895	92	76	-20	1139	1169	10	312	0	2
896	476	102	20	0	1541	10	0	446	124
897	418	399	20	0	1587	10	0	29	58
898	109	56	27	0	1572	0	0	1007	133
899	13	465	-20	0	1492	10	358	0	116
900	92	232	10	177	207	10	0	50	4
901	394	47	5	313	343	10	0	282	9
902	16	287	12	0	1575	10	0	511	132
903	399	102	-15	0	1601	10	804	0	134
904	143	158	12	0	1670	10	0	800	2
905	18	484	-10	0	1482	10	704	0	113
906	250	411	-30	0	1650	10	240	0	147
907	19	273	25	0	1579	0	0	1018	134
908	365	28	-20	0	1561	10	274	0	125
909	387	297	10	144	174	10	0	216	2
910	433	447	-10	794	824	10	582	0	6
911	214	274	-20	0	1768	10	349	0	168
912	489	338	-8	0	1557	10	299	0	118
913	130	494	-25	0	1540	10	815	0	125
914	23	67	30	0	1520	0	0	1006	122
915	374	489	20	0	1542	10	0	164	124
916	126	30	10	0	1559	10	0	457	126
917	112	467	10	276	306	10	0	434	4
918	489	274	-25	534	564	10	600	0	29
919	61	214	-10	342	372	10	355	0	3
920	166	440	12	207	237	10	0	503	2
921	56	75	-15	1438	1468	10	241	0	117
922	210	276	5	47	77	10	0	746	2
923	80	286	-20	0	1638	10	367	0	145
924	17	459	10	0	1498	10	0	461	13
925	66	448	-20	0	1541	10	268	0	2
926	351	128	-20	1253	1283	10	41	0	82
927	352	176	20	126	156	10	0	85	2
928	490	286	29	0	1569	10	0	133	128
929	247	219	17	0	1780	0	0	1038	174
930	86	268	-20	0	1647	10	77	0	3
931	398	329	-10	0	1644	10	798	0	2
932	272	402	-20	0	1658	10	37	0	149
933	317	123	-36	0	1668	10	48	0	124
934	408	318	15	643	673	10	0	532	50
935	66	31	-14	1048	1078	10	394	0	73
936	425	448	-10	0	1547	10	939	0	117
937	35	304	30	0	1590	10	0	75	134
938	471	94	30	0	1541	10	0	122	112
939	470	473	10	0	1498	10	0	936	117
940	224	56	13	0	1616	10	0	406	115
941	343	47	-10	0	1588	10	175	0	135
942	52	18	-3	0	1506	10	99	0	116
943	16	68	20	0	1515	10	0	422	5
944	195	185	-21	0	1726	10	270	0	140
945	92	236	-10	0	1653	10	424	0	145
946	76	462	18	0	1537	10	0	833	124
947	124	56	20	0	1580	10	0	526	52
948	481	454	14	0	1503	10	0	460	116
949	477	483	-4	366	396	10	658	0	5
950	481	124	10	0	1548	10	0	637	127
951	389	156	27	0	1644	10	0	477	146
952	384	16	-10	0	1542	10	198	0	125
953	492	34	-5	0	1487	10	977	0	112
954	371	200	-10	224	254	10	883	0	9
955	153	235	10	0	1713	10	0	627	148
956	428	202	-10	904	934	10	692	0	3
957	257	391	-19	0	1670	10	656	0	132
958	421	218	10	0	1638	10	0	711	145
959	206	186	10	0	1734	10	0	346	2
960	393	301	30	0	1660	10	0	181	149
961	204	187	30	0	1733	10	0	872	138
962	468	475	10	313	343	10	0	392	2
963	477	122	10	330	360	10	0	865	9
964	100	66	15	0	1574	10	0	372	130
965	489	27	10	0	1485	10	0	263	114
966	12	451	20	0	1500	10	0	144	117
967	197	270	-10	0	1755	10	126	0	2
968	311	422	29	0	1629	10	0	617	143
969	489	17	10	0	1478	10	0	110	112
970	13	214	-10	0	1572	10	684	0	132
971	440	247	20	0	1621	10	0	560	9
972	28	467	-21	0	1501	10	185	0	117
973	388	325	10	0	1654	10	0	863	57
974	270	401	-10	0	1659	10	354	0	149
975	5	445	30	0	1498	10	0	586	116
976	198	271	-10	0	1755	10	161	0	167
977	480	131	5	0	1553	10	0	953	112
978	437	98	16	0	1571	10	0	454	110
979	131	246	17	0	1692	10	0	395	1
980	49	437	-10	0	1537	10	157	0	122
981	270	49	30	0	1610	10	0	797	138
982	337	41	-18	0	1585	10	403	0	115
983	318	280	20	0	1737	10	0	542	164
984	154	392	-18	0	1640	10	283	0	138
985	493	111	26	0	1532	10	0	665	124
986	399	450	20	0	1562	10	0	39	130
987	67	452	30	0	1539	10	0	812	115
988	34	239	-8	0	1595	10	995	0	133
989	343	276	15	96	126	0	0	1037	2
990	393	12	-5	0	1534	10	322	0	124
991	236	247	20	0	1797	10	0	476	162
992	340	291	22	0	1713	10	0	284	123
993	3	292	20	0	1561	10	0	811	130
994	209	68	27	1568	1598	10	0	54	141
995	18	225	8	0	1578	10	0	988	133
996	147	435	-20	245	275	10	837	0	2
997	335	99	25	0	1638	10	0	667	54
998	485	24	-20	0	1485	10	288	0	114
999	470	475	-7	0	1497	10	290	0	114
1000	341	58	10	224	254	0	0	1005	4
1001	475	480	-30	0	1490	10	213	0	116
1002	470	417	-11	0	1535	10	840	0	125
1003	432	2	-20	467	497	10	380	0	18
1004	142	360	-20	1532	1562	10	387	0	140
1005	341	58	-10	224	254	10	1000	0	4
1006	23	67	-30	0	1520	10	914	0	122
1007	109	56	-27	0	1572	10	898	0	133
1008	481	96	-20	0	1534	10	576	0	125
1009	109	463	-30	334	364	10	752	0	10
1010	368	452	-16	0	1578	10	807	0	134
1011	488	26	-30	0	1485	10	108	0	115
1012	398	476	-25	0	1541	10	712	0	127
1013	178	72	-23	0	1619	10	663	0	142
1014	459	53	-20	0	1524	10	121	0	123
1015	172	314	-9	0	1711	10	467	0	161
1016	251	63	-14	0	1624	10	652	0	143
1017	175	352	-12	0	1685	10	246	0	155
1018	19	273	-25	0	1579	10	907	0	134
1019	264	180	-33	1681	1711	10	115	0	163
1020	440	284	-25	0	1618	10	495	0	142
1021	348	348	-23	0	1673	10	398	0	153
1022	271	128	-12	346	376	10	796	0	25
1023	92	234	-10	0	1653	10	408	0	149
1024	452	206	-31	492	522	10	592	0	31
1025	452	172	-9	0	1595	10	390	0	137
1026	390	249	-21	0	1671	10	854	0	153
1027	450	265	-10	0	1611	10	764	0	141
1028	186	135	-24	0	1680	10	166	0	154
1029	269	402	-20	0	1658	10	878	0	150
1030	90	274	-20	0	1650	10	613	0	148
1031	412	478	-7	0	1532	10	72	0	125
1032	92	259	-4	399	429	10	64	0	27
1033	175	239	-23	0	1736	10	6	0	166
1034	391	293	-20	0	1664	10	210	0	151
1035	201	278	-13	0	1755	10	547	0	169
1036	364	173	-30	180	210	10	405	0	7
1037	343	276	-15	96	126	10	989	0	2
1038	247	219	-17	0	1780	10	929	0	174
1039	284	319	-17	817	847	10	834	0	77
1040	211	248	-26	39	69	10	244	0	2
1041	226	191	-20	0	1748	10	501	0	168
1042	263	153	-12	412	442	10	391	0	34

