250	200	1
0	250	250	0	0	1821	0	0	0
1	440	436	18	892	922	0	0	1015	492
2	214	394	-10	231	261	10	876	0	71
3	476	483	10	0	1487	10	0	392	398
4	352	487	27	0	1553	10	0	524	315
5	230	197	40	122	152	0	0	1044	71
6	175	239	23	75	105	10	0	30	21
7	133	202	33	461	491	0	0	1046	273
8	328	458	17	0	1589	10	0	353	65
9	25	499	-40	0	1476	10	279	0	69
10	226	423	-20	0	1637	10	220	0	38
11	313	282	20	163	193	10	0	655	91
12	60	454	10	347	377	10	0	366	73
13	239	486	-30	1482	1512	10	839	0	884
14	102	264	10	148	178	10	0	930	22
15	408	452	10	0	1555	10	0	582	42
16	451	62	5	282	312	10	0	320	27
17	203	390	-21	159	189	10	451	0	22
18	92	233	-10	0	1653	10	684	0	60
19	7	300	-10	345	375	10	811	0	22
20	409	90	20	258	288	10	0	580	46
21	307	108	10	237	267	10	0	259	85
22	347	54	10	295	325	10	0	852	79
23	406	87	-10	0	1586	10	455	0	1011
24	371	332	-30	530	560	10	201	0	91
25	116	466	20	254	284	10	0	168	22
26	441	265	40	0	1620	10	0	560	55
27	130	140	-6	194	224	10	799	0	31
28	80	117	24	824	854	10	0	306	478
29	421	387	-17	801	831	10	432	0	374
30	83	300	-23	500	530	10	6	0	21
31	136	52	-10	293	323	10	653	0	51
32	18	462	-6	398	428	10	258	0	77
33	390	120	24	1004	1034	10	0	926	632
34	188	119	-17	975	1005	10	929	0	635
35	467	114	10	376	406	10	0	611	112
36	440	292	-31	940	970	10	918	0	242
37	268	400	-10	243	273	10	534	0	83
38	391	202	14	148	178	10	0	493	21
39	377	432	-20	831	861	10	630	0	423
40	80	290	10	197	227	10	0	367	39
41	439	15	-20	343	373	10	474	0	23
42	307	52	-10	920	950	10	278	0	74
43	111	192	-15	1199	1229	10	688	0	719
44	131	56	10	0	1584	10	0	759	607
45	88	286	10	0	1646	10	0	803	95
46	69	414	-4	1263	1293	10	64	0	203
47	41	232	-32	209	239	10	193	0	14
48	323	77	36	1405	1435	0	0	1027	935
49	340	416	36	321	351	10	0	265	121
50	86	199	23	0	1640	0	0	1036	1101
51	314	124	20	231	261	10	0	103	89
52	375	191	30	0	1673	10	0	731	82
53	226	175	-7	1694	1724	10	158	0	907
54	242	106	-10	1268	1298	10	767	0	66
55	417	417	10	332	362	10	0	83	94
56	419	459	20	316	346	10	0	986	57
57	389	11	20	0	1535	10	0	232	585
58	450	416	25	577	607	10	0	651	260
59	246	255	10	113	143	10	0	214	102
60	71	333	-13	197	227	10	547	0	14
61	105	474	-18	471	501	10	144	0	21
62	20	489	-10	383	413	10	624	0	53
63	388	331	20	160	190	10	0	537	22
64	92	259	4	399	429	10	0	46	203
65	200	261	10	166	196	10	0	610	108
66	400	288	30	154	184	10	0	711	21
67	299	285	-17	0	1751	10	931	0	21
68	378	199	-20	207	237	10	806	0	62
69	325	147	-27	1187	1217	10	951	0	433
70	421	386	29	824	854	0	0	1014	476
71	404	447	20	250	280	10	0	671	22
72	412	478	7	960	990	10	0	712	532
73	26	67	-10	1317	1347	10	266	0	86
74	358	183	20	234	264	10	0	478	102
75	30	302	10	267	297	10	0	645	53
76	176	470	-30	0	1579	10	539	0	21
77	96	270	20	162	192	10	0	203	27
78	243	408	-30	0	1653	10	240	0	22
79	60	29	32	0	1520	10	0	313	659
80	34	169	11	484	514	10	0	832	212
81	407	280	-25	0	1652	10	600	0	977
82	277	403	10	175	205	10	0	436	37
83	498	456	-10	1406	1436	10	55	0	94
84	384	491	-10	348	378	10	164	0	64
85	355	174	33	715	745	10	0	557	461
86	97	288	-20	1284	1314	10	737	0	109
87	316	284	20	125	155	10	0	992	60
88	334	403	26	174	204	10	0	910	22
89	415	223	20	305	335	10	0	184	125
90	230	320	-20	1192	1222	10	679	0	40
91	432	199	7	639	669	10	0	956	359
92	92	18	-10	1124	1154	10	916	0	37
93	273	300	30	55	85	0	0	1042	22
94	269	112	-30	1263	1293	10	870	0	817
95	429	389	18	424	454	10	0	98	170
96	371	71	21	287	317	10	0	400	75
97	5	297	-14	0	1562	10	496	0	22
98	414	378	-18	495	525	10	95	0	170
99	38	15	3	0	1495	10	0	964	767
100	2	295	30	306	336	10	0	382	62
101	237	254	-10	83	113	10	871	0	42
102	54	445	-20	308	338	10	705	0	22
103	382	110	-20	0	1619	10	51	0	89
104	438	488	18	0	1508	10	0	821	891
105	395	331	-20	217	247	10	315	0	43
106	230	487	-12	1130	1160	10	920	0	21
107	249	407	10	174	204	10	0	549	35
108	488	26	30	433	463	10	0	288	102
109	151	81	-27	1558	1588	10	700	0	572
110	483	14	10	0	1480	10	0	263	90
111	0	422	-10	821	851	10	625	0	369
112	429	67	-10	732	762	10	321	0	371
113	195	464	-1	1541	1571	10	182	0	887
114	356	256	19	106	136	10	0	222	22
115	264	180	-15	1681	1711	10	730	0	658
116	94	235	20	156	186	10	0	319	21
117	474	96	30	0	1540	0	0	1009	951
118	268	52	-20	306	336	10	528	0	22
119	44	440	-34	0	1531	10	972	0	796
120	7	382	27	770	800	0	0	1011	392
121	459	53	20	0	1524	10	0	454	56
122	491	25	-20	409	439	10	998	0	22
123	439	243	-20	0	1622	10	375	0	22
124	210	185	-10	76	106	10	293	0	13
125	150	68	-22	423	453	10	356	0	157
126	201	270	10	52	82	10	0	868	21
127	0	188	-21	932	962	10	510	0	199
128	103	464	-29	1273	1303	10	668	0	26
129	325	56	-10	0	1604	10	287	0	103
130	44	344	12	1079	1109	10	0	369	661
131	418	75	-20	448	478	10	861	0	54
132	472	57	17	1295	1325	10	0	361	773
133	460	328	13	224	254	10	0	491	22
134	89	270	-20	204	234	10	613	0	35
135	374	190	20	0	1674	0	0	1024	1152
136	463	253	-10	1047	1077	10	764	0	636
137	97	93	-32	240	270	10	789	0	30
138	163	472	9	653	683	0	0	1020	333
139	29	336	22	332	362	10	0	163	93
140	84	453	-10	0	1549	10	742	0	88
141	294	421	-25	1575	1605	10	357	0	451
142	343	62	10	357	387	10	0	982	132
143	371	193	20	133	163	10	0	529	21
144	142	372	18	162	192	10	0	61	21
145	66	88	2	830	860	10	0	241	461
146	395	332	-18	206	236	10	722	0	44
147	93	413	17	226	256	10	0	178	22
148	267	394	-20	259	289	10	974	0	22
149	249	258	-20	0	1803	10	176	0	22
150	472	129	10	252	282	10	0	345	21
151	87	3	-10	1433	1463	10	530	0	22
152	62	326	20	286	316	10	0	513	84
153	212	186	-20	1707	1737	10	212	0	976
154	241	402	11	0	1659	10	0	834	443
155	439	266	10	189	219	10	0	971	21
156	79	80	-20	1382	1412	10	525	0	56
157	62	453	10	295	325	10	0	309	36
158	188	151	7	1297	1327	10	0	53	907
159	386	154	31	1101	1131	0	0	1038	723
160	38	301	-20	296	326	10	304	0	70
161	192	265	-20	124	154	10	976	0	59
162	371	192	30	134	164	10	0	778	13
163	64	294	-22	1101	1131	10	139	0	93
164	381	494	10	333	363	10	0	84	64
165	437	12	20	330	360	10	0	952	42
166	186	135	24	0	1680	0	0	1030	1161
167	459	10	10	335	365	10	0	701	35
168	175	422	-20	1446	1476	10	25	0	22
169	274	48	10	211	241	10	0	564	28
170	488	173	-10	279	309	10	245	0	36
171	398	97	10	212	242	10	0	445	21
172	385	17	40	809	839	10	0	196	427
173	180	283	23	744	774	10	0	911	522
174	71	12	2	297	327	10	0	717	21
175	343	49	-30	0	1590	10	676	0	21
176	248	251	20	2	32	10	0	149	22
177	7	194	29	951	981	10	0	497	548
178	322	290	-17	1479	1509	10	147	0	22
179	410	399	25	234	264	10	0	250	34
180	398	103	30	278	308	0	0	1033	74
181	385	285	13	0	1672	10	0	603	93
182	179	497	1	1411	1441	10	0	113	887
183	464	13	-30	0	1492	10	365	0	854
184	492	335	-20	828	858	10	89	0	125
185	27	464	21	1291	1321	0	0	1007	758
186	231	29	14	1226	1256	10	0	836	775
187	157	38	-18	1048	1078	10	305	0	22
188	439	268	-20	298	328	10	691	0	92
189	149	214	7	482	512	10	0	961	303
190	187	73	18	292	322	0	0	1045	100
191	429	169	-20	903	933	10	446	0	419
192	350	199	-31	1201	1231	10	592	0	236
193	60	231	32	0	1621	10	0	47	14
194	448	404	-20	599	629	10	897	0	273
195	481	20	20	347	377	10	0	546	38
196	436	25	-40	0	1520	10	172	0	427
197	111	459	-10	359	389	10	628	0	22
198	389	17	10	366	396	10	0	274	93
199	148	208	-20	526	556	10	991	0	326
200	475	477	20	0	1492	10	0	948	862
201	390	325	30	251	281	10	0	24	91
202	346	354	8	817	847	10	0	459	529
203	91	266	-20	233	263	10	77	0	27
204	17	65	20	327	357	10	0	572	44
205	391	112	-10	1000	1030	10	490	0	149
206	224	203	20	53	83	10	0	706	21
207	426	231	-10	1028	1058	10	303	0	105
208	260	472	33	1036	1066	10	0	485	632
209	265	0	-10	896	926	10	235	0	22
210	391	293	-10	226	256	10	352	0	22
211	411	421	-10	315	345	10	892	0	30
212	132	30	20	0	1562	10	0	153	976
213	475	480	-20	379	409	10	949	0	52
214	286	244	-10	1284	1314	10	59	0	102
215	436	237	20	186	216	10	0	690	22
216	402	284	-29	165	195	10	494	0	20
217	287	397	-15	564	594	10	370	0	320
218	272	420	7	0	1640	10	0	439	109
219	477	120	10	342	372	10	0	648	82
220	145	434	20	233	263	10	0	10	38
221	33	286	11	1546	1576	0	0	1023	1017
222	370	262	-19	1099	1129	10	114	0	22
223	393	20	-10	391	421	10	452	0	35
224	330	308	24	1170	1200	10	0	795	825
225	246	398	40	148	178	10	0	862	22
226	482	184	-10	1107	1137	10	756	0	57
227	451	305	13	208	238	10	0	482	22
228	226	316	21	70	100	10	0	745	22
229	110	459	30	348	378	10	0	697	94
230	244	250	10	12	42	10	0	531	27
231	458	16	20	313	343	10	0	456	14
232	390	34	-20	1060	1090	10	57	0	585
233	423	214	-10	217	247	10	725	0	28
234	219	215	32	46	76	10	0	501	21
235	326	118	10	152	182	10	0	209	22
236	365	74	-30	848	878	10	405	0	54
237	331	356	13	712	742	10	0	332	456
238	210	398	-31	0	1658	10	860	0	991
239	403	93	-30	0	1592	10	673	0	631
240	248	404	30	154	184	10	0	78	22
241	65	62	-2	976	1006	10	145	0	461
242	460	13	20	322	352	10	0	364	26
243	0	293	30	279	309	10	0	842	41
244	211	248	26	39	69	10	0	823	22
245	484	174	10	265	295	10	0	170	36
246	175	352	12	0	1685	0	0	1039	1168
247	455	168	21	0	1591	10	0	595	882
248	224	191	20	81	111	10	0	344	34
249	439	156	-10	526	556	10	958	0	82
250	434	359	-25	0	1598	10	179	0	34
251	118	314	-30	338	368	10	805	0	95
252	234	246	-30	65	95	10	779	0	35
253	406	450	20	259	289	0	0	1016	26
254	75	118	21	409	439	10	0	538	164
255	115	395	-20	815	845	10	783	0	94
256	329	456	-25	249	279	10	330	0	18
257	218	403	-5	1319	1349	10	442	0	446
258	149	341	6	0	1676	10	0	32	77
259	253	74	-10	1350	1380	10	21	0	85
260	436	241	-25	327	357	10	275	0	21
261	238	203	10	94	124	10	0	994	56
262	405	455	40	341	371	10	0	297	85
263	485	27	-10	446	476	10	110	0	90
264	323	118	20	161	191	10	0	884	30
265	330	371	-36	559	589	10	49	0	121
266	25	65	10	376	406	10	0	73	86
267	406	96	20	219	249	10	0	638	22
268	49	451	20	284	314	10	0	606	22
269	307	249	-20	1377	1407	10	472	0	66
270	178	135	-18	1514	1544	10	415	0	424
271	299	353	34	114	144	10	0	662	22
272	236	213	20	39	69	10	0	605	22
273	355	177	20	0	1684	10	0	470	422
274	394	23	-10	404	434	10	198	0	93
275	306	235	25	57	87	10	0	260	21
276	90	477	18	277	307	10	0	752	21
277	379	486	-21	672	702	10	463	0	280
278	435	16	10	367	397	10	0	42	74
279	8	497	40	408	438	10	0	9	69
280	150	484	-11	0	1557	10	825	0	22
281	213	399	18	234	264	10	0	440	82
282	391	18	-10	0	1540	10	846	0	70
283	111	392	-10	1169	1199	10	395	0	21
284	330	281	14	1330	1360	10	0	771	955
285	344	203	14	0	1706	10	0	588	73
286	91	235	-10	269	299	10	408	0	79
287	346	60	10	321	351	10	0	129	103
288	483	27	-30	458	488	10	108	0	102
289	382	498	10	0	1531	10	0	681	928
290	457	492	-10	508	538	10	848	0	97
291	291	213	23	0	1756	10	0	866	37
292	154	374	36	0	1655	10	0	503	277
293	225	196	10	0	1752	10	0	124	13
294	94	40	-25	0	1550	10	935	0	593
295	0	356	-17	1086	1116	10	511	0	230
296	297	283	-10	1349	1379	10	853	0	86
297	371	423	-40	0	1600	10	262	0	85
298	417	217	30	189	219	10	0	678	36
299	500	228	-20	782	812	10	401	0	22
300	412	214	10	0	1646	0	0	1019	1110
301	442	289	25	195	225	10	0	483	21
302	157	269	-17	1576	1606	10	979	0	557
303	440	241	10	301	331	10	0	207	105
304	100	266	20	0	1661	10	0	160	70
305	111	178	18	156	186	10	0	187	22
306	91	101	-24	0	1594	10	28	0	478
307	25	307	-20	249	279	10	615	0	27
308	135	400	20	299	329	10	0	393	104
309	58	458	-10	323	353	10	157	0	36
310	133	26	-28	0	1559	10	411	0	416
311	211	386	20	0	1670	10	0	368	932
312	94	97	20	218	248	10	0	970	22
313	30	155	-32	1280	1310	10	79	0	659
314	208	184	20	0	1733	10	0	753	44
315	394	333	20	194	224	10	0	105	43
316	355	180	30	0	1685	10	0	762	1074
317	241	180	13	0	1741	10	0	715	81
318	21	485	30	0	1483	10	0	489	29
319	80	251	-20	304	334	10	116	0	21
320	476	61	-5	449	479	10	16	0	27
321	406	94	10	0	1591	10	0	112	371
322	364	71	-20	1348	1378	10	708	0	68
323	418	221	-20	291	321	10	874	0	71
324	274	441	12	695	725	10	0	968	399
325	304	97	20	182	212	10	0	751	37
326	297	102	10	155	185	0	0	1026	22
327	250	405	20	162	192	10	0	475	27
328	111	463	20	0	1557	10	0	585	967
329	408	279	-20	0	1651	10	341	0	44
330	263	418	25	0	1643	10	0	256	18
331	480	119	-30	0	1547	10	938	0	929
332	420	383	-13	982	1012	10	237	0	456
333	142	14	-10	0	1552	10	621	0	55
334	73	328	20	193	223	10	0	340	22
335	50	438	20	0	1537	10	0	641	438
336	441	7	20	392	422	10	0	371	84
337	462	14	-20	397	427	10	682	0	26
338	360	294	-24	1418	1448	10	556	0	22
339	58	39	12	1163	1193	10	0	423	680
340	58	391	-20	882	912	10	334	0	22
341	410	285	20	193	223	10	0	329	44
342	96	97	-12	217	247	10	904	0	14
343	21	64	-28	0	1516	10	942	0	859
344	238	210	-20	134	164	10	248	0	34
345	479	121	-10	308	338	10	150	0	21
346	200	178	20	94	124	10	0	450	27
347	216	341	-10	0	1714	10	740	0	55
348	48	437	-31	804	834	10	899	0	344
349	200	270	20	59	89	10	0	647	26
350	357	181	20	149	179	10	0	514	38
351	476	174	-20	324	354	10	591	0	27
352	400	286	10	154	184	10	0	210	22
353	351	481	-17	322	352	10	8	0	65
354	270	400	10	0	1660	10	0	878	52
355	95	234	10	163	193	10	0	900	27
356	128	113	22	363	393	10	0	125	157
357	133	455	25	808	838	10	0	141	451
358	16	463	20	375	405	10	0	551	66
359	59	388	-10	663	693	10	461	0	112
360	376	190	-10	155	185	10	602	0	24
361	481	122	-17	0	1547	10	132	0	773
362	266	405	-10	217	247	10	932	0	27
363	374	232	33	125	155	0	0	1028	22
364	398	20	-20	0	1538	10	242	0	26
365	481	26	30	0	1490	10	0	183	854
366	63	444	-10	380	410	10	12	0	73
367	89	290	-10	0	1646	10	40	0	39
368	246	314	-20	1445	1475	10	311	0	932
369	40	304	-12	1145	1175	10	130	0	661
370	262	369	15	0	1692	10	0	217	320
371	323	29	-20	0	1579	10	336	0	84
372	89	65	-20	720	750	10	947	0	22
373	144	35	26	239	269	10	0	632	21
374	200	265	10	152	182	10	0	458	97
375	436	264	20	186	216	10	0	123	22
376	15	457	20	323	353	10	0	858	29
377	397	20	20	280	310	10	0	990	27
378	328	491	21	0	1558	10	0	936	340
379	399	175	-14	747	777	10	594	0	93
380	432	2	-20	467	497	10	873	0	95
381	63	336	-20	266	296	10	587	0	35
382	6	296	-30	320	350	10	100	0	62
383	146	376	8	234	264	10	0	744	75
384	295	247	-20	1303	1333	10	659	0	92
385	235	33	-30	1337	1367	10	686	0	76
386	233	204	20	54	84	10	0	714	26
387	142	360	-20	1532	1562	10	583	0	646
388	177	156	25	0	1692	10	0	733	27
389	315	287	-30	148	178	10	402	0	68
390	452	172	-10	0	1595	10	963	0	74
391	263	153	12	412	442	10	0	540	258
392	493	493	-10	856	886	10	3	0	398
393	320	283	-20	0	1734	10	308	0	104
394	64	5	14	1129	1159	10	0	410	638
395	95	235	10	155	185	10	0	283	21
396	203	211	-20	1306	1336	10	808	0	75
397	16	497	20	426	456	0	0	1001	86
398	348	348	23	0	1673	10	0	512	997
399	485	104	21	794	824	0	0	1010	410
400	330	147	-21	0	1681	10	96	0	75
401	443	237	20	193	223	10	0	299	22
402	316	286	30	137	167	10	0	389	68
403	335	46	-10	1342	1372	10	844	0	21
404	381	495	-25	322	352	10	409	0	46
405	364	173	30	180	210	10	0	236	54
406	267	162	-10	1449	1479	10	533	0	941
407	214	245	-8	0	1775	10	879	0	662
408	92	234	10	235	265	10	0	286	79
409	347	459	25	0	1581	10	0	404	46
410	30	7	-14	1189	1219	10	394	0	638
411	120	37	28	775	805	10	0	310	416
412	397	153	-20	882	912	10	891	0	94
413	210	29	-18	1051	1081	10	558	0	557
414	87	285	-20	241	271	10	449	0	32
415	132	32	18	784	814	10	0	270	424
416	390	294	-30	237	267	10	792	0	22
417	67	451	-7	1216	1246	10	980	0	703
418	24	68	-30	0	1521	10	914	0	95
419	146	439	-20	259	289	10	996	0	47
420	209	212	-20	1528	1558	10	500	0	85
421	6	292	10	0	1564	10	0	882	585
422	18	63	-10	339	369	10	851	0	22
423	149	98	-12	0	1629	10	339	0	680
424	91	268	-17	245	275	10	817	0	22
425	103	177	28	626	656	10	0	427	368
426	367	178	20	180	210	10	0	643	54
427	225	269	-28	1271	1301	10	425	0	368
428	443	246	20	230	260	10	0	889	50
429	306	42	-30	477	507	10	981	0	90
430	374	306	-12	0	1675	10	863	0	445
431	413	421	10	303	333	10	0	545	72
432	470	405	17	0	1542	10	0	29	374
433	33	278	-30	1487	1517	10	869	0	27
434	149	458	-10	1164	1194	10	917	0	36
435	257	57	-20	1226	1256	10	941	0	62
436	272	403	-10	190	220	10	82	0	37
437	221	291	9	50	80	10	0	466	22
438	1	101	-18	0	1521	10	506	0	816
439	332	459	-7	369	399	10	218	0	109
440	220	392	-18	258	288	10	281	0	82
441	253	50	27	226	256	10	0	750	41
442	250	441	5	756	786	10	0	257	446
443	471	484	10	340	370	10	0	460	36
444	480	152	-20	1022	1052	10	888	0	22
445	404	83	-10	298	328	10	171	0	21
446	476	94	20	0	1537	10	0	191	419
447	458	213	-21	1128	1158	10	650	0	693
448	215	395	-30	242	272	10	855	0	22
449	85	288	20	182	212	10	0	414	32
450	179	75	-20	740	770	10	346	0	27
451	228	287	21	43	73	10	0	17	22
452	397	18	10	292	322	10	0	223	35
453	238	204	20	0	1764	10	0	652	1068
454	488	3	-20	401	431	10	121	0	56
455	407	88	10	0	1586	10	0	23	1011
456	459	14	-20	315	345	10	231	0	14
457	120	17	30	0	1545	0	0	1008	958
458	235	316	-10	656	686	10	374	0	97
459	370	382	-8	884	914	10	202	0	529
460	405	454	-10	1303	1333	10	443	0	36
461	17	458	10	433	463	10	0	359	112
462	43	135	-28	0	1575	10	476	0	21
463	318	497	21	0	1555	10	0	277	280
464	199	268	-10	71	101	10	793	0	22
465	111	467	20	287	317	0	0	1013	44
466	138	438	-9	287	317	10	437	0	22
467	172	314	9	0	1711	10	0	791	16
468	494	468	31	352	382	10	0	939	41
469	35	303	-10	221	251	10	618	0	14
470	341	59	-20	790	820	10	273	0	422
471	423	221	-10	258	288	10	522	0	60
472	395	295	20	211	241	10	0	269	66
473	413	417	-20	356	386	10	828	0	48
474	339	60	20	211	241	10	0	41	23
475	277	428	-20	490	520	10	327	0	27
476	176	199	28	89	119	10	0	462	21
477	265	240	-16	0	1793	10	669	0	1230
478	365	190	-20	0	1682	10	74	0	102
479	133	53	20	0	1582	10	0	743	20
480	387	488	20	362	392	10	0	680	87
481	385	295	20	0	1669	0	0	1040	1145
482	491	369	-13	730	760	10	227	0	22
483	445	273	-25	258	288	10	301	0	21
484	195	273	-12	59	89	10	735	0	14
485	313	493	-33	1193	1223	10	208	0	632
486	495	227	20	0	1565	0	0	1022	989
487	241	403	-38	220	250	10	581	0	22
488	30	72	-27	0	1529	10	898	0	21
489	21	487	-30	350	380	10	318	0	29
490	324	99	10	338	368	10	0	205	149
491	453	318	-13	374	404	10	133	0	22
492	443	272	-20	270	300	10	707	0	51
493	447	184	-14	0	1604	10	38	0	21
494	366	288	29	0	1689	10	0	216	20
495	440	284	25	852	882	10	0	912	516
496	13	314	14	245	275	10	0	97	22
497	72	227	-29	0	1632	10	177	0	548
498	377	385	-25	0	1626	10	802	0	948
499	477	478	-10	392	422	10	962	0	22
500	204	185	20	163	193	10	0	420	85
501	226	191	-32	0	1748	10	234	0	21
502	330	138	-25	0	1674	10	997	0	806
503	185	434	-36	574	604	10	292	0	277
504	483	22	10	334	364	10	0	965	28
505	71	282	-19	0	1630	10	642	0	43
506	60	5	18	0	1501	10	0	438	816
507	189	402	10	536	566	10	0	657	301
508	134	211	35	122	152	10	0	887	22
509	146	313	-15	1195	1225	10	626	0	255
510	21	146	21	487	517	10	0	127	199
511	37	281	17	493	523	10	0	295	230
512	416	417	-23	0	1576	10	398	0	997
513	44	311	-20	407	437	10	152	0	84
514	361	181	-20	197	227	10	350	0	38
515	444	242	10	216	246	10	0	541	38
516	444	271	10	0	1616	10	0	548	103
517	359	179	20	0	1681	10	0	883	1153
518	388	334	20	0	1650	10	0	598	112
519	401	164	-15	621	651	10	989	0	22
520	499	316	-19	622	652	10	577	0	155
521	399	106	-20	302	332	10	903	0	65
522	425	215	10	229	259	10	0	471	60
523	407	98	-21	0	1593	10	661	0	914
524	406	460	-27	719	749	10	4	0	315
525	88	95	20	270	300	10	0	156	56
526	95	64	-40	766	796	10	885	0	392
527	306	229	-37	1320	1350	10	672	0	42
528	273	55	20	196	226	10	0	118	22
529	384	149	-20	1197	1227	10	143	0	21
530	122	35	10	250	280	10	0	151	22
531	308	199	-10	0	1734	10	230	0	27
532	390	301	10	165	195	10	0	934	34
533	300	108	10	0	1661	10	0	406	941
534	267	400	10	232	262	10	0	37	83
535	8	300	10	0	1564	10	0	728	968
536	105	181	19	0	1651	10	0	694	24
537	398	325	-20	233	263	10	63	0	22
538	166	247	-21	0	1727	10	254	0	164
539	140	431	30	211	241	10	0	76	21
540	253	118	-12	547	577	10	391	0	258
541	359	246	-10	1423	1453	10	515	0	38
542	321	277	10	0	1736	0	0	1035	1245
543	168	59	6	366	396	10	0	663	141
544	406	285	20	0	1652	10	0	649	402
545	391	334	-10	0	1647	10	431	0	72
546	437	19	-20	1014	1044	10	195	0	38
547	201	278	13	56	86	10	0	60	14
548	435	267	-10	323	353	10	516	0	103
549	245	408	-10	204	234	10	107	0	35
550	16	462	-9	0	1496	10	739	0	54
551	107	374	-20	914	944	10	358	0	66
552	477	97	-17	0	1538	10	571	0	188
553	346	57	20	308	338	10	0	570	91
554	14	459	20	336	366	10	0	924	38
555	102	6	3	0	1526	10	0	559	301
556	359	287	24	115	145	10	0	338	22
557	297	131	-33	1165	1195	10	85	0	461
558	282	1	18	0	1560	10	0	413	557
559	21	70	-3	771	801	10	555	0	301
560	440	244	-40	266	296	10	26	0	55
561	482	104	-16	0	1537	10	978	0	930
562	120	261	-20	793	823	10	945	0	97
563	125	29	-20	283	313	10	827	0	35
564	292	32	-10	0	1589	10	169	0	28
565	262	92	25	630	660	10	0	940	376
566	68	160	-18	1136	1166	10	614	0	274
567	405	276	-7	0	1654	10	775	0	438
568	277	50	10	201	231	10	0	699	21
569	32	319	21	401	431	10	0	907	151
570	344	70	-20	1146	1176	10	553	0	91
571	481	84	17	506	536	10	0	552	188
572	21	68	-20	401	431	10	204	0	44
573	441	244	10	277	307	10	0	683	86
574	57	43	15	0	1528	0	0	1005	933
575	1	293	-20	268	298	10	993	0	26
576	481	96	20	297	327	10	0	985	37
577	471	368	19	428	458	10	0	520	155
578	236	126	23	124	154	10	0	723	21
579	406	99	20	227	257	10	0	824	29
580	303	186	-20	1354	1384	10	20	0	46
581	225	369	38	121	151	10	0	487	22
582	412	453	-10	297	327	10	15	0	42
583	104	349	20	1009	1039	10	0	387	646
584	173	182	25	102	132	10	0	895	21
585	111	464	-20	0	1556	10	328	0	967
586	53	440	-10	323	353	10	664	0	32
587	69	336	20	218	248	10	0	381	35
588	359	182	-14	209	239	10	285	0	73
589	13	459	20	347	377	10	0	619	45
590	244	277	18	0	1784	0	0	1041	1317
591	484	177	20	252	282	10	0	351	27
592	452	206	31	492	522	10	0	192	236
593	22	483	30	325	355	10	0	905	14
594	452	110	14	340	370	10	0	379	93
595	347	192	-21	1488	1518	10	247	0	882
596	95	92	20	0	1590	10	0	921	895
597	368	311	-15	0	1679	10	758	0	548
598	479	387	-20	397	427	10	518	0	112
599	479	169	-20	0	1569	10	875	0	983
600	497	266	25	0	1564	10	0	81	977
601	66	336	10	253	283	10	0	880	59
602	376	195	10	0	1674	10	0	360	24
603	401	281	-13	261	291	10	181	0	93
604	441	177	23	0	1607	10	0	877	771
605	231	203	-20	67	97	10	272	0	22
606	21	488	-20	361	391	10	268	0	22
607	231	204	-10	150	180	10	660	0	22
608	122	422	3	1457	1487	10	0	785	954
609	65	453	-10	282	312	10	925	0	19
610	206	261	-10	182	212	10	65	0	108
611	466	149	-10	1186	1216	10	35	0	112
612	313	119	30	216	246	10	0	633	75
613	90	274	20	179	209	10	0	134	35
614	39	162	18	565	595	10	0	566	274
615	35	306	20	229	259	10	0	307	27
616	437	15	-10	0	1511	10	969	0	57
617	307	412	-5	404	434	10	741	0	22
618	79	291	10	0	1636	10	0	469	14
619	64	437	-20	918	948	10	589	0	45
620	376	92	-14	991	1021	10	765	0	592
621	129	27	10	298	328	10	0	333	55
622	196	489	23	1030	1060	10	0	710	611
623	51	286	-20	0	1609	10	845	0	22
624	20	488	10	372	402	10	0	62	53
625	13	455	10	0	1498	10	0	111	369
626	170	347	15	436	466	10	0	509	255
627	92	230	20	0	1652	10	0	772	311
628	117	467	10	254	284	10	0	197	22
629	413	217	20	0	1645	10	0	677	453
630	405	450	20	0	1558	10	0	39	423
631	394	322	-30	0	1651	10	960	0	1101
632	125	61	-26	612	642	10	373	0	21
633	238	123	-30	781	811	10	612	0	75
634	11	403	18	343	373	10	0	770	66
635	89	272	10	0	1649	0	0	1031	1114
636	304	102	-20	0	1654	10	797	0	36
637	478	121	40	319	349	10	0	665	65
638	408	84	-20	284	314	10	267	0	22
639	376	494	30	274	304	0	0	1012	22
640	20	73	10	290	320	10	0	881	19
641	159	299	-20	1016	1046	10	335	0	438
642	95	382	19	231	261	10	0	505	43
643	352	63	-20	1178	1208	10	426	0	54
644	365	274	14	117	147	10	0	954	22
645	30	301	-10	278	308	10	75	0	53
646	351	5	-20	496	526	10	729	0	86
647	197	267	-20	109	139	10	349	0	26
648	498	171	-10	1256	1286	10	219	0	82
649	468	352	-20	768	798	10	544	0	402
650	418	251	21	0	1643	10	0	447	693
651	489	437	-25	707	737	10	58	0	260
652	251	63	-20	0	1624	10	453	0	1068
653	132	55	10	267	297	10	0	31	51
654	281	96	-30	1126	1156	10	849	0	43
655	333	293	-20	617	647	10	11	0	91
656	255	487	19	0	1574	0	0	1029	1002
657	207	400	-10	0	1655	10	507	0	301
658	469	489	4	555	585	0	0	1002	195
659	244	254	20	100	130	10	0	384	92
660	233	207	10	46	76	10	0	607	22
661	441	60	21	1459	1489	10	0	523	914
662	411	379	-34	1193	1223	10	271	0	22
663	178	72	-6	757	787	10	543	0	141
664	51	447	10	294	324	10	0	586	32
665	478	118	-40	354	384	10	637	0	65
666	141	426	-20	0	1604	10	837	0	21
667	295	89	-12	742	772	10	720	0	21
668	112	433	29	235	265	10	0	128	26
669	320	211	16	0	1731	10	0	477	1230
670	400	103	10	0	1601	10	0	781	411
671	408	453	-20	283	313	10	71	0	22
672	435	180	37	225	255	10	0	527	42
673	432	66	30	1071	1101	10	0	239	631
674	374	116	-10	587	617	10	736	0	277
675	478	102	10	324	354	10	0	780	61
676	335	57	30	210	240	10	0	175	21
677	385	239	-20	786	816	10	629	0	453
678	386	245	-30	479	509	10	298	0	36
679	208	396	20	176	206	10	0	90	40
680	380	489	-20	379	409	10	480	0	87
681	380	498	-10	0	1531	10	289	0	928
682	440	7	20	314	344	10	0	337	26
683	434	245	-10	342	372	10	573	0	86
684	90	232	10	212	242	10	0	18	60
685	389	334	20	169	199	10	0	831	27
686	241	205	30	118	148	10	0	385	76
687	18	24	32	628	658	10	0	816	250
688	57	183	15	0	1607	10	0	43	719
689	59	457	-11	334	364	10	833	0	21
690	442	243	-20	289	319	10	215	0	22
691	402	281	20	0	1656	10	0	188	92
692	445	237	10	200	230	10	0	713	25
693	441	273	20	282	312	10	0	794	89
694	31	175	-19	247	277	10	536	0	24
695	234	202	10	80	110	10	0	760	44
696	52	303	25	441	471	0	0	1018	199
697	167	445	-30	1412	1442	10	229	0	94
698	179	286	-30	341	371	10	967	0	52
699	269	48	-10	281	311	10	568	0	21
700	165	59	27	943	973	10	0	109	572
701	461	8	-10	369	399	10	167	0	35
702	421	415	30	237	267	10	0	774	22
703	59	459	20	311	341	10	0	747	43
704	24	492	-30	0	1480	10	987	0	854
705	55	449	20	278	308	10	0	102	22
706	224	192	-20	0	1748	10	206	0	21
707	444	269	20	234	264	10	0	492	51
708	491	20	20	394	424	10	0	322	68
709	313	126	-20	243	273	10	927	0	22
710	283	438	-23	0	1621	10	622	0	611
711	352	241	-30	792	822	10	66	0	21
712	398	476	-7	0	1541	10	72	0	532
713	442	247	-10	241	271	10	692	0	25
714	217	207	-20	1382	1412	10	386	0	26
715	233	87	-13	253	283	10	317	0	81
716	479	127	-8	270	300	10	820	0	18
717	6	53	-2	587	617	10	174	0	21
718	478	300	-10	890	920	10	777	0	117
719	378	493	-20	282	312	10	915	0	20
720	303	78	12	179	209	10	0	667	21
721	344	62	-10	346	376	10	732	0	39
722	371	315	18	0	1674	10	0	146	44
723	200	78	-23	0	1632	10	578	0	21
724	413	391	8	217	247	10	0	840	23
725	415	216	10	176	206	10	0	233	28
726	397	57	-15	1476	1506	10	804	0	735
727	293	228	-22	0	1763	10	790	0	1109
728	0	297	-10	0	1557	10	535	0	968
729	435	20	20	381	411	10	0	646	86
730	195	111	15	998	1028	10	0	115	658
731	417	218	-30	278	308	10	52	0	82
732	340	54	10	238	268	10	0	721	39
733	132	57	-25	244	274	10	388	0	27
734	210	379	-23	709	739	10	835	0	21
735	228	260	12	0	1787	10	0	484	14
736	399	104	10	0	1603	10	0	674	277
737	95	277	20	274	304	10	0	86	109
738	360	284	19	0	1696	10	0	909	14
739	53	466	9	335	365	10	0	550	54
740	112	465	10	299	329	10	0	347	55
741	313	391	5	154	184	10	0	617	22
742	93	235	10	246	276	10	0	140	88
743	125	32	-20	259	289	10	479	0	20
744	215	282	-8	1440	1470	10	383	0	75
745	224	320	-21	0	1737	10	228	0	22
746	134	428	20	308	338	10	0	761	94
747	26	490	-20	475	505	10	703	0	43
748	44	115	24	0	1565	10	0	943	24
749	438	127	-5	0	1587	10	953	0	387
750	239	15	-27	604	634	10	441	0	41
751	342	54	-20	250	280	10	325	0	37
752	109	463	-18	334	364	10	276	0	21
753	199	187	-20	127	157	10	314	0	44
754	201	188	10	0	1732	10	0	872	1037
755	399	301	-10	194	224	10	894	0	27
756	484	171	10	293	323	10	0	226	57
757	272	234	-10	1590	1620	10	819	0	908
758	380	350	15	866	896	10	0	597	548
759	140	108	-10	1071	1101	10	44	0	607
760	228	199	-10	0	1756	10	695	0	44
761	245	461	-20	649	679	10	746	0	94
762	305	107	-30	0	1658	10	316	0	1074
763	231	195	20	109	139	10	0	859	60
764	450	265	10	0	1611	10	0	136	636
765	273	149	14	0	1708	10	0	620	592
766	12	358	-30	1224	1254	10	937	0	722
767	315	121	10	203	233	10	0	54	66
768	420	213	10	204	234	10	0	854	45
769	331	134	11	0	1670	10	0	841	30
770	84	377	-18	926	956	10	634	0	66
771	320	280	-14	0	1735	10	284	0	955
772	89	185	-20	600	630	10	627	0	311
773	472	481	-30	327	357	10	999	0	19
774	422	420	-30	0	1570	10	702	0	22
775	475	267	7	780	810	10	0	567	438
776	470	125	20	0	1558	10	0	977	332
777	435	268	10	312	342	10	0	718	117
778	409	155	-30	185	215	10	162	0	13
779	243	248	30	24	54	10	0	252	35
780	488	96	-10	1066	1096	10	675	0	61
781	341	72	-10	805	835	10	670	0	411
782	58	449	-18	363	393	10	946	0	64
783	16	460	20	411	441	10	0	255	94
784	480	136	22	256	286	10	0	890	21
785	162	388	-3	0	1648	10	608	0	954
786	47	208	30	226	256	10	0	919	36
787	324	127	30	143	173	10	0	810	22
788	87	96	-20	282	312	10	800	0	26
789	140	137	32	0	1654	10	0	137	30
790	314	205	22	1527	1557	10	0	727	1109
791	96	346	-9	185	215	10	467	0	16
792	321	280	30	77	107	10	0	416	22
793	245	251	10	5	35	10	0	464	22
794	436	295	-20	528	558	10	693	0	89
795	274	261	-24	1707	1737	10	224	0	825
796	271	128	-20	346	376	10	933	0	57
797	275	45	20	225	255	10	0	636	36
798	422	409	10	234	264	0	0	1006	22
799	146	188	6	0	1690	10	0	27	31
800	93	96	20	225	255	10	0	788	26
801	409	255	23	0	1652	0	0	1034	1119
802	449	428	25	0	1545	10	0	498	948
803	90	285	-10	276	306	10	45	0	95
804	415	95	15	1177	1207	10	0	726	735
805	88	287	30	263	293	10	0	251	95
806	379	196	20	194	224	10	0	68	62
807	368	452	-22	670	700	10	957	0	316
808	202	186	20	151	181	10	0	396	75
809	435	11	-20	302	332	10	856	0	14
810	269	46	-30	0	1607	10	787	0	22
811	7	292	10	246	276	10	0	19	22
812	44	496	32	0	1491	0	0	1004	877
813	478	99	10	311	341	10	0	896	50
814	391	99	-5	0	1605	10	901	0	70
815	132	477	-30	0	1556	10	867	0	965
816	24	65	-32	0	1519	10	687	0	250
817	130	247	17	120	150	10	0	424	22
818	133	273	20	119	149	10	0	822	22
819	347	62	10	0	1600	10	0	757	908
820	404	140	8	0	1622	10	0	716	18
821	416	420	-18	0	1574	10	104	0	891
822	67	335	-20	0	1610	10	818	0	22
823	92	270	-26	257	287	10	244	0	22
824	411	95	-20	243	273	10	579	0	29
825	132	479	11	257	287	10	0	280	22
826	366	334	-10	410	440	10	973	0	101
827	125	39	20	0	1566	10	0	563	35
828	419	422	20	276	306	10	0	473	48
829	460	2	20	0	1487	0	0	1003	871
830	67	334	-5	231	261	10	922	0	21
831	448	414	-20	0	1554	10	685	0	27
832	46	163	-11	926	956	10	80	0	212
833	77	465	11	275	305	10	0	689	21
834	284	319	-11	817	847	10	154	0	443
835	102	422	23	226	256	10	0	734	21
836	240	34	-14	1560	1590	10	186	0	775
837	141	428	20	208	238	10	0	666	21
838	204	269	30	49	79	10	0	886	21
839	144	439	30	0	1595	10	0	13	884
840	470	417	-8	737	767	10	724	0	23
841	404	103	-11	242	272	10	769	0	30
842	5	281	-30	1372	1402	10	243	0	41
843	487	320	21	0	1564	10	0	928	195
844	398	23	10	270	300	10	0	403	21
845	90	296	20	166	196	10	0	623	22
846	386	13	10	337	367	10	0	282	70
847	115	465	10	0	1558	10	0	913	369
848	473	475	10	417	447	10	0	290	97
849	275	42	30	238	268	10	0	654	43
850	286	356	-30	0	1700	10	906	0	42
851	15	69	10	296	326	10	0	422	22
852	267	44	-10	0	1605	10	22	0	79
853	243	399	10	235	265	10	0	296	86
854	390	249	-10	582	612	10	768	0	45
855	210	391	30	146	176	10	0	448	22
856	433	15	20	297	327	10	0	809	14
857	24	259	-12	0	1585	10	902	0	981
858	12	463	-20	361	391	10	376	0	29
859	237	213	-20	147	177	10	763	0	60
860	182	480	31	0	1572	10	0	238	991
861	409	88	20	270	300	10	0	131	54
862	244	368	-40	414	444	10	225	0	22
863	381	328	12	717	747	10	0	430	445
864	213	185	21	0	1737	10	0	944	1217
865	482	141	-10	0	1555	10	950	0	948
866	319	124	-23	178	208	10	291	0	37
867	141	431	30	0	1600	10	0	815	965
868	198	264	-10	140	170	10	126	0	21
869	69	334	30	206	236	10	0	433	27
870	299	98	30	0	1652	10	0	94	817
871	240	250	10	37	67	10	0	101	42
872	199	203	-10	1457	1487	10	754	0	1037
873	459	17	20	411	441	10	0	380	95
874	423	217	20	242	272	10	0	323	71
875	477	179	20	0	1574	10	0	599	983
876	213	397	10	217	247	10	0	2	71
877	405	187	-23	1251	1281	10	604	0	771
878	269	402	-10	203	233	10	354	0	52
879	53	204	8	1055	1085	10	0	407	662
880	13	394	-10	0	1534	10	601	0	59
881	15	68	-10	303	333	10	640	0	19
882	56	268	-10	1064	1094	10	421	0	585
883	360	184	-20	0	1683	10	517	0	1153
884	307	102	-20	210	240	10	264	0	30
885	130	57	40	0	1584	10	0	526	392
886	250	328	-30	249	279	10	838	0	21
887	91	231	-35	200	230	10	508	0	22
888	479	176	20	240	270	10	0	444	22
889	420	224	-20	0	1640	10	428	0	50
890	461	182	-22	629	659	10	784	0	21
891	418	218	20	267	297	10	0	412	94
892	419	418	10	249	279	10	0	211	30
893	336	493	20	1493	1523	0	0	1021	948
894	389	300	10	154	184	10	0	755	27
895	92	76	-25	1139	1169	10	584	0	21
896	476	102	-10	336	366	10	813	0	50
897	418	399	20	0	1587	10	0	194	273
898	109	56	27	239	269	10	0	488	21
899	13	465	31	774	804	10	0	348	344
900	92	232	-10	177	207	10	355	0	27
901	394	47	5	313	343	10	0	814	70
902	16	287	12	0	1575	10	0	857	981
903	399	102	20	267	297	10	0	521	65
904	143	158	12	141	171	10	0	342	14
905	18	484	-30	329	359	10	593	0	14
906	250	411	30	188	218	10	0	850	42
907	19	273	-21	1017	1047	10	569	0	151
908	365	28	-10	268	298	10	1000	0	27
909	387	297	-19	144	174	10	738	0	14
910	433	447	-26	794	824	10	88	0	22
911	214	274	-23	1369	1399	10	173	0	522
912	489	338	-25	1397	1427	10	495	0	516
913	130	494	-10	759	789	10	847	0	369
914	23	67	30	389	419	10	0	418	95
915	374	489	20	269	299	10	0	719	20
916	126	30	10	272	302	10	0	92	37
917	112	467	10	276	306	10	0	434	36
918	489	274	31	534	564	10	0	36	242
919	61	214	-30	342	372	10	786	0	36
920	166	440	12	207	237	10	0	106	21
921	56	75	-20	1438	1468	10	596	0	895
922	210	276	5	47	77	10	0	830	21
923	80	286	10	0	1638	0	0	1032	1098
924	17	459	-20	422	452	10	554	0	38
925	66	448	10	270	300	10	0	609	19
926	351	128	-24	1253	1283	10	33	0	632
927	352	176	20	126	156	10	0	709	22
928	490	286	-21	522	552	10	843	0	195
929	247	219	17	0	1780	10	0	34	635
930	86	268	-10	217	247	10	14	0	22
931	398	329	17	167	197	10	0	67	21
932	272	402	10	160	190	10	0	362	27
933	317	123	20	190	220	10	0	796	57
934	408	318	-10	643	673	10	532	0	34
935	66	31	25	1048	1078	10	0	294	593
936	425	448	-21	794	824	10	378	0	340
937	35	304	30	0	1590	10	0	766	722
938	471	94	30	0	1541	10	0	331	929
939	470	473	-31	431	461	10	468	0	41
940	224	56	-25	1186	1216	10	565	0	376
941	343	47	20	277	307	10	0	435	62
942	52	18	28	0	1506	10	0	343	859
943	16	68	-24	314	344	10	748	0	24
944	195	185	-21	0	1726	10	864	0	1217
945	92	236	20	258	288	10	0	562	97
946	76	462	18	0	1537	10	0	782	64
947	124	56	20	231	261	10	0	372	22
948	481	454	-20	0	1503	10	200	0	862
949	477	483	20	366	396	10	0	213	52
950	481	124	10	0	1548	10	0	865	948
951	389	156	27	716	746	10	0	69	433
952	384	16	-20	0	1542	10	165	0	42
953	492	34	5	811	841	10	0	749	387
954	371	200	-14	224	254	10	644	0	22
955	153	235	-16	0	1713	10	988	0	1025
956	428	202	-7	904	934	10	91	0	359
957	257	391	22	0	1670	10	0	807	316
958	421	218	10	254	284	10	0	249	82
959	206	186	10	188	218	0	0	1037	105
960	393	301	30	0	1660	10	0	631	1101
961	204	187	-7	0	1733	10	189	0	303
962	468	475	10	313	343	10	0	499	22
963	477	122	10	330	360	10	0	390	74
964	100	66	-3	1400	1430	10	99	0	767
965	489	27	-10	421	451	10	504	0	28
966	12	451	-30	311	341	10	975	0	6
967	197	270	30	96	126	10	0	698	52
968	311	422	-12	988	1018	10	324	0	399
969	489	17	10	380	410	10	0	616	57
970	13	214	-20	1354	1384	10	312	0	22
971	440	247	-10	253	283	10	155	0	21
972	28	467	34	1343	1373	10	0	119	796
973	388	325	10	263	293	10	0	826	101
974	270	401	20	152	182	10	0	148	22
975	5	445	30	0	1498	10	0	966	6
976	198	271	20	0	1755	10	0	161	59
977	480	131	-20	688	718	10	776	0	332
978	437	98	16	0	1571	10	0	561	930
979	131	246	17	832	862	10	0	302	557
980	49	437	7	0	1537	10	0	417	703
981	270	49	30	292	322	10	0	429	90
982	337	41	-10	0	1585	10	142	0	132
983	318	280	20	0	1737	0	0	1043	1247
984	154	392	9	0	1640	0	0	1017	1101
985	493	111	-20	0	1532	10	576	0	37
986	399	450	-20	359	389	10	56	0	57
987	67	452	30	0	1539	10	0	704	854
988	34	239	16	0	1595	10	0	955	1025
989	343	276	15	96	126	10	0	519	22
990	393	12	-20	309	339	10	377	0	27
991	236	247	20	0	1797	10	0	199	326
992	340	291	-20	470	500	10	87	0	60
993	3	292	20	256	286	10	0	575	26
994	209	68	-10	1568	1598	10	261	0	56
995	18	225	8	691	721	0	0	1025	365
996	147	435	20	245	275	10	0	419	47
997	335	99	25	1218	1248	10	0	502	806
998	485	24	20	326	356	10	0	122	22
999	470	475	30	314	344	10	0	773	19
1000	341	58	10	224	254	10	0	908	27
1001	16	497	-20	426	456	10	397	0	86
1002	469	489	-4	555	585	10	658	0	195
1003	460	2	-20	0	1487	10	829	0	871
1004	44	496	-32	0	1491	10	812	0	877
1005	57	43	-15	0	1528	10	574	0	933
1006	422	409	-10	234	264	10	798	0	22
1007	27	464	-21	1291	1321	10	185	0	758
1008	120	17	-30	0	1545	10	457	0	958
1009	474	96	-30	0	1540	10	117	0	951
1010	485	104	-21	794	824	10	399	0	410
1011	7	382	-27	770	800	10	120	0	392
1012	376	494	-30	274	304	10	639	0	22
1013	111	467	-20	287	317	10	465	0	44
1014	421	386	-29	824	854	10	70	0	476
1015	440	436	-18	892	922	10	1	0	492
1016	406	450	-20	259	289	10	253	0	26
1017	154	392	-9	0	1640	10	984	0	1101
1018	52	303	-25	441	471	10	696	0	199
1019	412	214	-10	0	1646	10	300	0	1110
1020	163	472	-9	653	683	10	138	0	333
1021	336	493	-20	1493	1523	10	893	0	948
1022	495	227	-20	0	1565	10	486	0	989
1023	33	286	-11	1546	1576	10	221	0	1017
1024	374	190	-20	0	1674	10	135	0	1152
1025	18	225	-8	691	721	10	995	0	365
1026	297	102	-10	155	185	10	326	0	22
1027	323	77	-36	1405	1435	10	48	0	935
1028	374	232	-33	125	155	10	363	0	22
1029	255	487	-19	0	1574	10	656	0	1002
1030	186	135	-24	0	1680	10	166	0	1161
1031	89	272	-10	0	1649	10	635	0	1114
1032	80	286	-10	0	1638	10	923	0	1098
1033	398	103	-30	278	308	10	180	0	74
1034	409	255	-23	0	1652	10	801	0	1119
1035	321	277	-10	0	1736	10	542	0	1245
1036	86	199	-23	0	1640	10	50	0	1101
1037	206	186	-10	188	218	10	959	0	105
1038	386	154	-31	1101	1131	10	159	0	723
1039	175	352	-12	0	1685	10	246	0	1168
1040	385	295	-20	0	1669	10	481	0	1145
1041	244	277	-18	0	1784	10	590	0	1317
1042	273	300	-30	55	85	10	93	0	22
1043	318	280	-20	0	1737	10	983	0	1247
1044	230	197	-40	122	152	10	5	0	71
1045	187	73	-18	292	322	10	190	0	100
1046	133	202	-33	461	491	10	7	0	273

