250	1000	1
0	250	250	0	0	7284	0	0	0
1	440	436	18	3568	3688	10	0	154	1711
2	214	394	10	922	1042	10	0	494	446
3	476	483	-30	1419	1539	10	240	0	281
4	352	487	-30	3607	3727	10	318	0	572
5	230	197	40	486	606	10	0	663	274
6	175	239	23	243	363	10	0	467	143
7	133	202	33	1842	1962	10	0	163	917
8	328	458	17	3071	3191	0	0	1002	1484
9	25	499	-20	1780	1900	10	376	0	550
10	226	423	-30	788	908	10	906	0	355
11	313	282	20	654	774	10	0	483	351
12	60	454	10	1389	1509	10	0	550	615
13	239	486	-20	5928	6048	10	358	0	651
14	102	264	-20	535	655	10	659	0	247
15	408	452	10	1088	1208	10	0	662	475
16	451	62	5	1129	1249	10	0	219	486
17	203	390	40	635	755	10	0	917	303
18	92	233	-20	895	1015	10	116	0	285
19	7	300	30	1379	1499	10	0	127	625
20	409	90	-10	1033	1153	10	523	0	357
21	307	108	10	950	1070	10	0	190	458
22	347	54	10	1180	1300	10	0	819	540
23	406	87	-10	1252	1372	10	958	0	481
24	371	332	-10	2118	2238	10	683	0	651
25	116	466	-20	1004	1124	10	220	0	420
26	441	265	40	789	909	10	0	874	358
27	130	140	17	776	896	10	0	125	366
28	80	117	-21	3297	3417	10	510	0	907
29	421	387	15	3205	3325	10	0	968	1552
30	83	300	26	1999	2119	10	0	697	972
31	136	52	10	1171	1291	10	0	563	494
32	18	462	-20	1591	1711	10	679	0	337
33	390	120	24	4017	4137	10	0	648	1972
34	188	119	44	3899	4019	10	0	730	1937
35	467	114	10	1504	1624	10	0	502	683
36	440	292	-30	3760	3880	10	491	0	700
37	268	400	-20	973	1093	10	974	0	278
38	391	202	14	536	656	10	0	446	253
39	377	432	-25	3326	3446	10	712	0	760
40	80	290	10	790	910	10	0	993	367
41	439	15	-30	1373	1493	10	360	0	300
42	307	52	23	3682	3802	10	0	385	1797
43	111	192	-29	4798	4918	10	177	0	1837
44	131	56	-27	1023	1143	10	898	0	389
45	88	286	10	1010	1130	10	0	251	482
46	69	414	6	5053	5173	10	0	182	2464
47	41	232	-35	821	941	10	508	0	239
48	323	77	36	5620	5740	0	0	1004	2776
49	340	416	36	1284	1404	10	0	181	607
50	86	199	23	1111	1231	10	0	857	529
51	314	124	20	924	1044	10	0	391	451
52	375	191	30	667	787	10	0	901	324
53	226	175	-31	6775	6895	10	723	0	1955
54	242	106	-1	5074	5194	10	654	0	2232
55	417	417	10	1328	1448	10	0	140	605
56	419	459	-8	1265	1385	10	724	0	386
57	389	11	-10	1293	1413	10	638	0	513
58	450	416	-10	2307	2427	10	487	0	423
59	246	255	10	450	570	10	0	618	281
60	71	333	10	775	895	10	0	714	348
61	105	474	-40	1883	2003	10	279	0	702
62	20	489	-10	1533	1653	10	664	0	508
63	388	331	-10	580	700	10	894	0	255
64	92	259	4	1598	1718	10	0	369	779
65	200	261	10	666	786	10	0	440	367
66	400	288	-10	559	679	10	542	0	144
67	299	285	-31	5015	5135	10	592	0	941
68	378	199	-20	829	949	10	514	0	388
69	325	147	14	4747	4867	10	0	192	2365
70	421	386	29	3297	3417	10	0	78	1599
71	404	447	20	940	1060	10	0	262	404
72	412	478	7	3839	3959	10	0	257	1839
73	26	67	-18	5267	5387	10	333	0	1600
74	358	183	20	935	1055	10	0	486	463
75	30	302	10	1066	1186	10	0	728	479
76	176	470	-20	2187	2307	10	466	0	525
77	96	270	20	649	769	10	0	193	306
78	243	408	-29	5735	5855	10	70	0	1599
79	60	29	32	5451	5571	10	0	153	2639
80	34	169	11	1938	2058	10	0	302	913
81	407	280	-30	834	954	10	402	0	295
82	277	403	10	699	819	10	0	534	331
83	498	456	-3	5624	5744	10	710	0	427
84	384	491	20	1391	1511	10	0	265	617
85	355	174	-25	2861	2981	10	275	0	117
86	97	288	-25	5136	5256	10	907	0	1976
87	316	284	20	499	619	10	0	495	272
88	334	403	26	638	758	10	0	179	291
89	415	223	-25	1219	1339	10	301	0	344
90	230	320	-30	4768	4888	10	719	0	486
91	432	199	7	2554	2674	10	0	269	1242
92	92	18	-20	4497	4617	10	343	0	616
93	273	300	30	160	280	10	0	821	112
94	269	112	-10	5051	5171	10	235	0	279
95	429	389	-20	1696	1816	10	260	0	621
96	371	71	21	1147	1267	10	0	673	525
97	5	297	10	1325	1445	10	0	899	597
98	414	378	23	1979	2099	10	0	338	945
99	38	15	3	4364	4484	10	0	964	2083
100	2	295	-20	1223	1343	10	464	0	175
101	237	254	20	333	453	10	0	937	219
102	54	445	10	1232	1352	10	0	666	537
103	382	110	-31	4450	4570	10	159	0	2174
104	438	488	-10	1309	1429	10	671	0	497
105	395	331	20	866	986	10	0	678	409
106	230	487	-10	4518	4638	10	924	0	747
107	249	407	10	695	815	10	0	773	328
108	488	26	-10	1731	1851	10	965	0	739
109	151	81	28	6232	6352	10	0	994	3063
110	483	14	10	1453	1573	10	0	985	620
111	0	422	8	3284	3404	10	0	387	1550
112	429	67	-20	2929	3049	10	903	0	488
113	195	464	-7	6165	6285	10	980	0	777
114	356	256	19	365	485	10	0	736	189
115	264	180	-20	6723	6843	10	259	0	2671
116	94	235	20	607	727	10	0	18	285
117	474	96	30	1027	1147	10	0	379	437
118	268	52	-20	1222	1342	10	762	0	433
119	44	440	-10	3155	3275	10	811	0	399
120	7	382	27	3082	3202	10	0	608	1462
121	459	53	-30	4489	4609	10	938	0	1922
122	491	25	10	1634	1754	10	0	546	712
123	439	243	20	1254	1374	10	0	178	592
124	210	185	20	245	365	10	0	204	144
125	150	68	-17	1691	1811	10	27	0	366
126	201	270	10	192	312	10	0	642	129
127	0	188	-30	3728	3848	10	19	0	625
128	103	464	-30	5092	5212	10	702	0	411
129	325	56	13	3186	3306	10	0	982	1549
130	44	344	-22	4318	4438	10	139	0	604
131	418	75	-20	1792	1912	10	875	0	386
132	472	57	-19	5179	5299	10	727	0	102
133	460	328	-20	876	996	10	341	0	363
134	89	270	-10	814	934	10	635	0	361
135	374	190	-30	573	693	10	162	0	252
136	463	253	-13	4188	4308	10	598	0	721
137	97	93	20	962	1082	10	0	621	431
138	163	472	-10	2614	2734	10	606	0	617
139	29	336	22	1326	1446	10	0	130	604
140	84	453	-10	4892	5012	10	55	0	605
141	294	421	-20	6302	6422	10	893	0	2917
142	343	62	-10	1430	1550	10	568	0	354
143	371	193	20	475	595	10	0	725	230
144	142	372	18	592	712	10	0	624	274
145	66	88	-10	3319	3439	10	754	0	297
146	395	332	10	822	942	10	0	201	387
147	93	413	17	845	965	10	0	747	369
148	267	394	-10	1037	1157	10	932	0	302
149	249	258	30	507	627	10	0	878	309
150	472	129	10	1010	1130	10	0	813	438
151	87	3	-20	5732	5852	10	943	0	539
152	62	326	20	1145	1265	10	0	562	531
153	212	186	-32	6886	7006	10	79	0	2639
154	241	402	-18	4099	4219	10	1	0	1711
155	439	266	-33	741	861	10	363	0	217
156	79	80	-28	5528	5648	10	942	0	1621
157	62	453	-20	1179	1299	10	311	0	242
158	188	151	-8	5187	5307	10	551	0	1793
159	386	154	31	4404	4524	10	0	103	2174
160	38	301	-20	1182	1302	10	613	0	337
161	192	265	10	497	617	10	0	304	272
162	371	192	30	519	639	10	0	135	252
163	64	294	-33	4405	4525	10	7	0	917
164	381	494	-10	1334	1454	10	354	0	256
165	437	12	20	1318	1438	10	0	380	567
166	186	135	-32	2871	2991	10	789	0	1120
167	459	10	10	1340	1460	10	0	320	570
168	175	422	-20	5786	5906	10	845	0	279
169	274	48	10	845	965	10	0	699	380
170	488	173	20	1115	1235	10	0	361	492
171	398	97	10	836	956	10	0	616	371
172	385	17	40	3235	3355	10	0	620	1542
173	180	283	-12	2975	3095	10	734	0	1409
174	71	12	2	1172	1292	10	0	772	497
175	343	49	10	1060	1180	10	0	377	473
176	248	251	20	2	122	10	0	838	59
177	7	194	29	3805	3925	10	0	43	1837
178	322	290	-20	5916	6036	10	123	0	592
179	410	399	-26	935	1055	10	88	0	291
180	398	103	-20	1114	1234	10	814	0	339
181	385	285	-36	3472	3592	10	49	0	607
182	179	497	-6	5644	5764	10	46	0	2464
183	464	13	-30	1539	1659	10	365	0	512
184	492	335	10	3313	3433	10	0	802	1588
185	27	464	-25	5164	5284	10	696	0	840
186	231	29	-10	4905	5025	10	455	0	596
187	157	38	-6	4191	4311	10	543	0	688
188	439	268	-30	1191	1311	10	960	0	340
189	149	214	-10	1928	2048	10	601	0	464
190	187	73	-10	1168	1288	10	21	0	458
191	429	169	-20	3611	3731	10	599	0	555
192	350	199	-14	4806	4926	10	69	0	2365
193	60	231	-20	4104	4224	10	77	0	306
194	448	404	15	2396	2516	10	0	332	1132
195	481	20	-30	1388	1508	10	676	0	346
196	436	25	-2	5129	5249	10	749	0	1829
197	111	459	-20	1435	1555	10	746	0	569
198	389	17	-14	1463	1583	10	564	0	407
199	148	208	-20	2106	2226	10	381	0	489
200	475	477	-10	1618	1738	10	962	0	499
201	390	325	-10	1005	1125	10	146	0	387
202	346	354	-10	3270	3390	10	289	0	538
203	91	266	10	930	1050	10	0	414	445
204	17	65	-20	1307	1427	10	124	0	144
205	391	112	24	4001	4121	10	0	978	1961
206	224	203	20	155	275	10	0	305	110
207	426	231	-10	4114	4234	10	532	0	316
208	260	472	33	4144	4264	0	0	1012	2020
209	265	0	-30	3584	3704	10	612	0	418
210	391	293	-20	903	1023	10	416	0	432
211	411	421	20	1260	1380	10	0	473	572
212	132	30	20	1303	1423	10	0	759	586
213	475	480	-20	1518	1638	10	949	0	628
214	286	244	-20	5136	5256	10	315	0	365
215	436	237	20	686	806	10	0	940	309
216	402	284	30	658	778	10	0	516	311
217	287	397	-19	2257	2377	10	656	0	737
218	272	420	-9	5543	5663	10	936	0	1516
219	477	120	-5	1368	1488	10	16	0	486
220	145	434	20	932	1052	10	0	25	420
221	33	286	-26	6184	6304	10	373	0	389
222	370	262	-30	4398	4518	10	779	0	104
223	393	20	20	1563	1683	10	0	820	706
224	330	308	-18	4682	4802	10	722	0	2306
225	246	398	40	532	652	10	0	499	251
226	482	184	14	4427	4547	10	0	478	2152
227	451	305	13	774	894	10	0	398	342
228	226	316	-9	221	341	10	437	0	126
229	110	459	30	1391	1511	10	0	860	621
230	244	250	10	47	167	10	0	805	80
231	458	16	-10	1192	1312	10	261	0	223
232	390	34	-10	4241	4361	10	732	0	427
233	423	214	20	867	987	10	0	963	405
234	219	215	32	127	247	10	0	476	100
235	326	118	10	591	711	10	0	94	279
236	365	74	-30	3394	3514	10	849	0	430
237	331	356	-20	2847	2967	10	680	0	681
238	210	398	-10	817	937	10	610	0	372
239	403	93	-20	1363	1483	10	428	0	422
240	248	404	30	598	718	10	0	3	281
241	65	62	-10	3906	4026	10	640	0	465
242	460	13	20	1287	1407	10	0	371	545
243	0	293	30	1115	1235	10	0	505	490
244	211	248	-10	96	216	10	871	0	83
245	484	174	10	1058	1178	10	0	247	465
246	175	352	12	6660	6780	0	0	1008	3326
247	455	168	-10	3467	3587	10	245	0	465
248	224	191	20	324	444	10	0	864	135
249	439	156	-10	2103	2223	10	573	0	518
250	434	359	-19	5569	5689	10	577	0	790
251	118	314	-10	1350	1470	10	45	0	482
252	234	246	10	259	379	10	0	617	181
253	406	450	20	1037	1157	10	0	409	451
254	75	118	-20	1636	1756	10	827	0	397
255	115	395	11	3261	3381	10	0	420	1591
256	329	456	19	996	1116	10	0	999	447
257	218	403	-7	5277	5397	10	72	0	1839
258	149	341	-1	1616	1736	10	538	0	155
259	253	74	20	5400	5520	10	0	115	2671
260	436	241	20	1309	1429	10	0	95	621
261	238	203	10	375	495	10	0	231	223
262	405	455	-20	1363	1483	10	71	0	404
263	485	27	-10	1784	1904	10	1000	0	401
264	323	118	20	643	763	10	0	709	306
265	330	371	-20	2234	2354	10	84	0	617
266	25	65	10	1505	1625	10	0	394	666
267	406	96	20	863	983	10	0	336	381
268	49	451	20	1120	1240	10	0	489	477
269	307	249	-7	5506	5626	10	91	0	1242
270	178	135	-3	6055	6175	10	555	0	2834
271	299	353	34	396	516	10	0	741	200
272	236	213	20	98	218	10	0	952	89
273	355	177	20	497	617	10	0	954	244
274	394	23	-10	1615	1735	10	282	0	679
275	306	235	25	172	292	10	0	85	117
276	90	477	18	1051	1171	10	0	554	446
277	379	486	22	2687	2807	10	0	392	1269
278	435	16	-30	1470	1590	10	445	0	543
279	8	497	40	1631	1751	10	0	61	702
280	150	484	16	2501	2621	10	0	799	1183
281	213	399	18	936	1056	10	0	886	435
282	391	18	10	1511	1631	10	0	274	679
283	111	392	-20	4676	4796	10	828	0	491
284	330	281	-14	5322	5442	10	597	0	1845
285	344	203	14	669	789	10	0	670	341
286	91	235	10	1076	1196	10	0	536	518
287	346	60	-20	1285	1405	10	810	0	494
288	483	27	20	1832	1952	10	0	953	814
289	382	498	10	1237	1357	10	0	202	538
290	457	492	-14	2032	2152	10	948	0	546
291	291	213	-20	5031	5151	10	685	0	316
292	154	374	-20	3748	3868	10	334	0	320
293	225	196	10	223	343	10	0	525	141
294	94	40	-20	4272	4392	10	346	0	203
295	0	356	-20	4345	4465	10	449	0	339
296	297	283	-13	5398	5518	10	890	0	1207
297	371	423	10	784	904	10	0	434	346
298	417	217	30	754	874	10	0	674	351
299	500	228	-30	3127	3247	10	351	0	589
300	412	214	10	604	724	10	0	716	279
301	442	289	25	764	884	10	0	89	344
302	157	269	-11	6305	6425	10	80	0	913
303	440	241	-14	1205	1325	10	644	0	206
304	100	266	-10	586	706	10	161	0	272
305	111	178	-20	566	686	10	206	0	110
306	91	101	-10	1193	1313	10	859	0	334
307	25	307	-20	998	1118	10	615	0	407
308	135	400	-22	1194	1314	10	484	0	119
309	58	458	10	1291	1411	10	0	622	563
310	133	26	-20	1247	1367	10	733	0	435
311	211	386	20	506	626	10	0	157	242
312	94	97	20	856	976	10	0	632	378
313	30	155	9	5122	5242	10	0	842	2501
314	208	184	20	294	414	10	0	410	167
315	394	333	20	777	897	10	0	214	365
316	355	180	30	549	669	10	0	412	271
317	241	180	-14	6778	6898	10	652	0	1941
318	21	485	30	1353	1473	10	0	4	572
319	80	251	-10	1214	1334	10	930	0	412
320	476	61	-10	1795	1915	10	167	0	570
321	406	94	10	911	1031	10	0	841	405
322	364	71	-12	5394	5514	10	720	0	300
323	418	221	10	1165	1285	10	0	889	557
324	274	441	12	2778	2898	10	0	442	1352
325	304	97	20	727	847	10	0	646	342
326	297	102	10	609	729	10	0	870	286
327	250	405	20	646	766	10	0	582	305
328	111	463	20	1286	1406	10	0	815	569
329	408	279	20	880	1000	10	0	548	419
330	263	418	-20	1114	1234	10	991	0	157
331	480	119	-10	2514	2634	10	533	0	255
332	420	383	-15	3928	4048	10	194	0	1132
333	142	14	18	3341	3461	10	0	73	1600
334	73	328	20	714	834	10	0	292	320
335	50	438	-10	1347	1467	10	740	0	530
336	441	7	-20	1566	1686	10	267	0	381
337	462	14	20	1588	1708	10	0	780	695
338	360	294	-23	5671	5791	10	98	0	945
339	58	39	-4	4652	4772	10	526	0	1470
340	58	391	-20	3529	3649	10	359	0	1267
341	410	285	20	771	891	10	0	133	363
342	96	97	-20	808	928	10	605	0	167
343	21	64	20	1409	1529	10	0	92	616
344	238	210	30	535	655	10	0	457	306
345	479	121	10	1231	1351	10	0	956	544
346	200	178	20	374	494	10	0	294	203
347	216	341	19	2616	2736	10	0	427	1319
348	48	437	-14	3215	3335	10	496	0	424
349	200	270	20	236	356	10	0	587	151
350	357	181	20	598	718	10	0	806	295
351	476	174	30	1297	1417	10	0	299	589
352	400	286	10	607	727	10	0	498	286
353	351	481	-10	1287	1407	10	681	0	514
354	270	400	10	545	665	10	0	164	256
355	95	234	10	653	773	10	0	626	308
356	128	113	22	1451	1571	10	0	970	693
357	133	455	25	3232	3352	10	0	396	1557
358	16	463	20	1499	1619	10	0	13	651
359	59	388	20	2651	2771	10	0	340	1267
360	376	190	30	621	741	10	0	41	300
361	481	122	-20	1182	1302	10	170	0	492
362	266	405	-30	868	988	10	436	0	362
363	374	232	33	441	561	10	0	155	217
364	398	20	-40	1076	1196	10	884	0	400
365	481	26	30	1227	1347	10	0	183	512
366	63	444	20	1519	1639	10	0	461	684
367	89	290	-20	670	790	10	976	0	200
368	246	314	-30	5781	5901	10	850	0	198
369	40	304	-4	4579	4699	10	64	0	779
370	262	369	15	517	637	10	0	443	258
371	323	29	-20	4550	4670	10	242	0	545
372	89	65	-20	2881	3001	10	800	0	401
373	144	35	26	899	1019	10	0	221	389
374	200	265	-20	610	730	10	868	0	313
375	436	264	20	686	806	10	0	429	309
376	15	457	20	1294	1414	10	0	9	550
377	397	20	-10	1120	1240	10	175	0	473
378	328	491	-8	2713	2833	10	761	0	1252
379	399	175	-30	2988	3108	10	117	0	437
380	432	2	-20	1866	1986	10	165	0	567
381	63	336	20	1065	1185	10	0	199	489
382	6	296	-10	1279	1399	10	421	0	421
383	146	376	-26	937	1057	10	791	0	339
384	295	247	-14	5214	5334	10	594	0	617
385	235	33	-23	5348	5468	10	42	0	1797
386	233	204	20	217	337	10	0	553	143
387	142	360	-8	6128	6248	10	111	0	1550
388	177	156	25	669	789	10	0	916	334
389	315	287	30	592	712	10	0	794	318
390	452	172	-20	2433	2553	10	971	0	470
391	263	153	-20	1650	1770	10	51	0	451
392	493	493	-22	3426	3546	10	277	0	1269
393	320	283	30	442	562	10	0	669	242
394	64	5	-10	4516	4636	10	266	0	666
395	95	235	10	563	683	10	0	424	263
396	203	211	-25	5226	5346	10	357	0	1557
397	16	497	20	1703	1823	10	0	485	741
398	348	348	-13	3739	3859	10	227	0	342
399	485	104	-20	3178	3298	10	456	0	522
400	330	147	28	3394	3514	10	0	529	1691
401	443	237	20	754	874	10	0	713	340
402	316	286	30	547	667	10	0	81	295
403	335	46	-15	5367	5487	10	804	0	2300
404	381	495	20	1290	1410	10	0	439	566
405	364	173	30	721	841	10	0	604	351
406	267	162	-10	5797	5917	10	490	0	651
407	214	245	8	85	205	10	0	408	84
408	92	234	-8	939	1059	10	407	0	84
409	347	459	-20	1918	2038	10	253	0	451
410	30	7	-20	4754	4874	10	314	0	167
411	120	37	28	3101	3221	10	0	895	1485
412	397	153	-30	3530	3650	10	316	0	271
413	210	29	-23	4203	4323	10	667	0	1460
414	87	285	-10	964	1084	10	203	0	445
415	132	32	18	3138	3258	10	0	574	1505
416	390	294	20	949	1069	10	0	210	432
417	67	451	-20	4862	4982	10	910	0	1514
418	24	68	-10	1658	1778	10	706	0	168
419	146	439	-20	1037	1157	10	837	0	343
420	209	212	-11	6111	6231	10	255	0	1591
421	6	292	10	970	1090	10	0	382	421
422	18	63	10	1356	1476	10	0	506	589
423	149	98	4	4660	4780	10	0	836	2298
424	91	268	-10	978	1098	10	395	0	263
425	103	177	28	2506	2626	10	0	433	1230
426	367	178	-9	721	841	10	477	0	59
427	225	269	-19	5083	5203	10	347	0	1319
428	443	246	20	919	1039	10	0	239	422
429	306	42	-20	1907	2027	10	375	0	309
430	374	306	-15	3976	4096	10	758	0	1710
431	413	421	-20	1212	1332	10	630	0	429
432	470	405	-9	3703	3823	10	649	0	1476
433	33	278	-28	5949	6069	10	425	0	1230
434	149	458	-10	4655	4775	10	297	0	346
435	257	57	-25	4904	5024	10	565	0	1241
436	272	403	30	759	879	10	0	362	362
437	221	291	9	184	304	10	0	228	126
438	1	101	-8	5029	5149	10	717	0	1077
439	332	459	-20	1475	1595	10	404	0	566
440	220	392	-10	1031	1151	10	65	0	367
441	253	50	-20	903	1023	10	797	0	391
442	250	441	-12	3023	3143	10	324	0	1352
443	471	484	-15	1359	1479	10	370	0	258
444	480	152	-25	4086	4206	10	600	0	1431
445	404	83	30	1194	1314	10	0	278	543
446	476	94	-14	1079	1199	10	38	0	253
447	458	213	-10	4513	4633	10	756	0	523
448	215	395	-10	968	1088	10	876	0	418
449	85	288	20	728	848	10	0	295	339
450	179	75	-40	2960	3080	10	885	0	411
451	228	287	21	112	232	10	0	855	94
452	397	18	-20	1168	1288	10	474	0	377
453	238	204	20	419	539	10	0	701	245
454	488	3	3	1602	1722	10	0	561	689
455	407	88	10	1298	1418	10	0	186	596
456	459	14	20	1241	1361	10	0	399	522
457	120	17	-30	1116	1236	10	344	0	306
458	235	316	-17	2623	2743	10	817	0	209
459	370	382	11	3535	3655	10	0	631	1738
460	405	454	-23	5212	5332	10	831	0	2376
461	17	458	-20	1732	1852	10	366	0	684
462	43	135	31	887	1007	10	0	921	385
463	318	497	-20	3415	3535	10	589	0	595
464	199	268	20	285	405	10	0	100	175
465	111	467	20	1148	1268	10	0	782	505
466	138	438	20	1149	1269	10	0	76	525
467	172	314	-23	2182	2302	10	6	0	143
468	494	468	31	1410	1530	10	0	658	601
469	35	303	20	826	946	10	0	619	362
470	341	59	-9	3159	3279	10	781	0	1528
471	423	221	-10	1033	1153	10	764	0	392
472	395	295	20	845	965	10	0	567	406
473	413	417	-20	1424	1544	10	211	0	572
474	339	60	20	844	964	10	0	452	377
475	277	428	-30	1961	2081	10	639	0	462
476	176	199	-32	299	419	10	234	0	100
477	265	240	9	18	138	10	0	426	59
478	365	190	-14	5910	6030	10	226	0	2152
479	133	53	-10	1118	1238	10	653	0	480
480	387	488	20	1448	1568	10	0	745	646
481	385	295	-30	509	629	10	792	0	169
482	491	369	-10	2918	3038	10	848	0	736
483	445	273	-20	1031	1151	10	11	0	351
484	195	273	22	178	298	10	0	308	119
485	313	493	-20	4772	4892	10	397	0	741
486	495	227	-20	1376	1496	10	74	0	463
487	241	403	10	881	1001	10	0	58	423
488	30	72	-25	1726	1846	10	584	0	184
489	21	487	-20	1401	1521	10	268	0	477
490	324	99	10	1352	1472	10	0	406	651
491	453	318	30	1495	1615	10	0	36	700
492	443	272	10	1080	1200	10	0	777	502
493	447	184	27	1698	1818	10	0	863	805
494	366	288	-10	2735	2855	10	2	0	446
495	440	284	-20	3407	3527	10	87	0	272
496	13	314	14	975	1095	10	0	348	424
497	72	227	-24	2255	2375	10	694	0	437
498	377	385	-10	3465	3585	10	352	0	286
499	477	478	-40	1569	1689	10	225	0	251
500	204	185	20	653	773	10	0	947	346
501	226	191	20	372	492	10	0	528	214
502	330	138	-10	4438	4558	10	35	0	683
503	185	434	-10	2294	2414	10	507	0	1050
504	483	22	10	1336	1456	10	0	708	565
505	71	282	-30	2567	2687	10	243	0	490
506	60	5	-10	4175	4295	10	422	0	589
507	189	402	10	2144	2264	10	0	503	1050
508	134	211	35	482	602	10	0	47	239
509	146	313	22	4781	4901	10	0	872	2389
510	21	146	21	1947	2067	10	0	28	907
511	37	281	-4	1973	2093	10	919	0	647
512	416	417	-20	1372	1492	10	774	0	464
513	44	311	-18	1630	1750	10	634	0	604
514	361	181	20	788	908	10	0	68	388
515	444	242	10	862	982	10	0	731	393
516	444	271	-30	982	1102	10	216	0	311
517	359	179	-20	649	769	10	927	0	218
518	388	334	20	632	752	10	0	711	295
519	401	164	13	2485	2605	0	0	1003	1215
520	499	316	18	2487	2607	10	0	757	1174
521	399	106	-20	1207	1327	10	891	0	508
522	425	215	-10	916	1036	10	692	0	363
523	407	98	10	814	934	10	0	20	357
524	406	460	-20	2877	2997	10	986	0	652
525	88	95	-10	1081	1201	10	293	0	141
526	95	64	4	3064	3184	10	0	339	1470
527	306	229	-11	5281	5401	10	769	0	2236
528	273	55	-20	725	845	10	501	0	214
529	384	149	-28	4789	4909	10	400	0	1691
530	122	35	10	981	1101	10	0	743	425
531	308	199	-21	6033	6153	10	661	0	2840
532	390	301	10	661	781	10	0	207	316
533	300	108	10	542	662	10	0	331	255
534	267	400	-10	929	1049	10	82	0	331
535	8	300	-16	1423	1543	10	988	0	389
536	105	181	-10	6125	6245	10	286	0	518
537	398	325	-20	933	1053	10	983	0	216
538	166	247	1	276	396	10	0	258	155
539	140	431	30	828	948	10	0	825	368
540	253	118	-18	2189	2309	10	715	0	483
541	359	246	18	5691	5811	0	0	1014	2850
542	321	277	10	244	364	10	0	66	144
543	168	59	6	1464	1584	10	0	187	688
544	406	285	20	715	835	10	0	934	337
545	391	334	20	724	844	10	0	677	339
546	437	19	-10	4056	4176	10	122	0	712
547	201	278	13	166	286	10	0	668	114
548	435	267	-20	1291	1411	10	329	0	419
549	245	408	10	815	935	10	0	718	388
550	16	462	-10	1543	1663	10	12	0	615
551	107	374	8	3657	3777	10	0	158	1793
552	477	97	10	1131	1251	10	0	665	488
553	346	57	-20	1233	1353	10	386	0	143
554	14	459	-18	1343	1463	10	276	0	446
555	102	6	3	5834	5954	10	0	270	2834
556	359	287	24	400	520	10	0	931	202
557	297	131	-27	4662	4782	10	951	0	1407
558	282	1	-2	4170	4290	10	750	0	1149
559	21	70	-20	3085	3205	10	572	0	716
560	440	244	-20	1064	1184	10	707	0	429
561	482	104	-3	3230	3350	10	454	0	689
562	120	261	-20	3173	3293	10	152	0	531
563	125	29	-10	1133	1253	10	31	0	494
564	292	32	14	917	1037	10	0	198	407
565	262	92	25	2522	2642	10	0	435	1241
566	68	160	-10	4543	4663	10	900	0	333
567	405	276	-20	937	1057	10	472	0	406
568	277	50	10	791	911	10	0	142	354
569	32	319	-12	1602	1722	10	902	0	483
570	344	70	24	4583	4703	10	0	997	2249
571	481	84	17	2022	2142	10	0	643	928
572	21	68	20	1606	1726	10	0	559	716
573	441	244	10	1108	1228	10	0	249	518
574	57	43	-18	4094	4214	10	415	0	1505
575	1	293	10	1071	1191	10	0	583	469
576	481	96	-20	1188	1308	10	629	0	304
577	471	368	19	1712	1832	10	0	250	790
578	236	126	-10	439	559	10	695	0	194
579	406	99	20	908	1028	0	0	1009	405
580	303	186	10	5417	5537	0	0	1013	2726
581	225	369	38	426	546	10	0	586	212
582	412	453	-20	1188	1308	10	327	0	305
583	104	349	-10	4037	4157	10	575	0	469
584	173	182	25	351	471	10	0	488	184
585	111	464	-30	1242	1362	10	869	0	372
586	53	440	-38	1292	1412	10	581	0	212
587	69	336	-20	872	992	10	349	0	151
588	359	182	20	837	957	10	0	918	414
589	13	459	20	1387	1507	10	0	463	595
590	244	277	-17	5205	5325	10	834	0	1655
591	484	177	20	1006	1126	10	0	877	440
592	452	206	31	1969	2089	10	0	67	941
593	22	483	30	1244	1364	10	0	905	519
594	452	110	14	1361	1481	10	0	384	617
595	347	192	-7	5953	6073	10	775	0	1506
596	95	92	-24	1011	1131	10	748	0	399
597	368	311	14	3704	3824	10	0	284	1845
598	479	387	13	1590	1710	10	0	136	721
599	479	169	20	1234	1354	10	0	191	555
600	497	266	25	2990	3110	10	0	444	1431
601	66	336	10	1013	1133	10	0	189	464
602	376	195	10	724	844	10	0	950	353
603	401	281	20	1044	1164	10	0	691	477
604	441	177	-30	4005	4125	10	405	0	351
605	231	203	20	266	386	10	0	342	167
606	21	488	10	1445	1565	10	0	138	617
607	231	204	20	601	721	10	0	961	335
608	122	422	-27	5827	5947	10	120	0	1462
609	65	453	30	1127	1247	10	0	858	486
610	206	261	10	730	850	10	0	238	372
611	466	149	16	4744	4864	10	0	765	2312
612	313	119	30	863	983	10	0	209	418
613	90	274	20	717	837	10	0	160	337
614	39	162	18	2261	2381	10	0	623	1076
615	35	306	20	918	1038	10	0	307	407
616	437	15	-10	1421	1541	10	171	0	371
617	307	412	-10	1615	1735	10	252	0	181
618	79	291	-10	835	955	10	59	0	281
619	64	437	-20	3673	3793	10	469	0	362
620	376	92	-40	3962	4082	10	172	0	1542
621	129	27	-20	1190	1310	10	137	0	431
622	196	489	-10	4121	4241	10	309	0	563
623	51	286	-18	5836	5956	10	614	0	1076
624	20	488	-18	1489	1609	10	144	0	274
625	13	455	-11	1243	1363	10	833	0	444
626	170	347	-10	1743	1863	10	355	0	308
627	92	230	20	755	875	10	0	786	357
628	117	467	10	958	1078	10	0	704	411
629	413	217	20	656	776	10	0	576	304
630	405	450	20	993	1113	10	0	431	429
631	394	322	-11	4099	4219	10	459	0	1738
632	125	61	-20	2447	2567	10	312	0	378
633	238	123	24	3124	3244	0	0	1007	1558
634	11	403	18	1372	1492	10	0	513	604
635	89	272	10	766	886	10	0	134	361
636	304	102	30	787	907	10	0	751	374
637	478	121	-37	1275	1395	10	672	0	410
638	408	84	10	1137	1257	10	0	57	513
639	376	494	30	1079	1199	10	0	475	462
640	20	73	10	1101	1221	10	0	241	465
641	159	299	-10	4062	4182	10	770	0	1807
642	95	382	-10	925	1045	10	126	0	129
643	352	63	-17	4713	4833	10	571	0	928
644	365	274	14	410	530	10	0	303	206
645	30	301	-10	1110	1230	10	793	0	59
646	351	5	-20	1984	2104	10	325	0	342
647	197	267	10	435	555	10	0	822	249
648	498	171	-24	5026	5146	10	33	0	1972
649	468	352	9	3073	3193	10	0	432	1476
650	418	251	21	4787	4907	0	0	1010	2369
651	489	437	29	2827	2947	10	0	840	1321
652	251	63	14	3950	4070	10	0	317	1941
653	132	55	10	1069	1189	10	0	479	480
654	281	96	1	4503	4623	10	0	54	2232
655	333	293	-22	2468	2588	10	992	0	951
656	255	487	19	1592	1712	10	0	217	737
657	207	400	20	762	882	10	0	689	362
658	469	489	-31	2222	2342	10	468	0	601
659	244	254	20	401	521	10	0	14	247
660	233	207	10	165	285	10	0	700	119
661	441	60	21	5835	5955	10	0	531	2840
662	411	379	-10	4773	4893	10	15	0	475
663	178	72	-40	3027	3147	10	5	0	274
664	51	447	10	1178	1298	10	0	62	508
665	478	118	-10	1417	1537	10	552	0	488
666	141	426	-10	2126	2246	10	102	0	537
667	295	89	23	2968	3088	10	0	413	1460
668	112	433	-13	940	1060	10	547	0	114
669	320	211	-30	3970	4090	10	393	0	242
670	400	103	-14	1022	1142	10	285	0	341
671	408	453	10	1132	1252	10	0	104	497
672	435	180	37	898	1018	10	0	637	410
673	432	66	-21	4285	4405	10	96	0	525
674	374	116	-30	2349	2469	10	298	0	351
675	478	102	10	1297	1417	10	0	896	572
676	335	57	30	784	904	10	0	195	346
677	385	239	-20	3142	3262	10	545	0	339
678	386	245	-20	1916	2036	10	105	0	409
679	208	396	20	706	826	10	0	32	337
680	380	489	20	1516	1636	10	0	237	681
681	380	498	10	1189	1309	10	0	353	514
682	440	7	20	1255	1375	10	0	998	519
683	434	245	10	1367	1487	10	0	24	651
684	90	232	-10	846	966	10	955	0	177
685	389	334	20	676	796	10	0	291	316
686	241	205	-17	472	592	10	929	0	76
687	18	24	-30	2513	2633	10	914	0	692
688	57	183	-8	4401	4521	10	879	0	2068
689	59	457	-20	1337	1457	10	657	0	362
690	442	243	-15	1154	1274	10	989	0	174
691	402	281	-20	1000	1120	10	603	0	477
692	445	237	10	802	922	10	0	522	363
693	441	273	-30	1129	1249	10	755	0	369
694	31	175	24	986	1106	10	0	497	437
695	234	202	10	319	439	10	0	578	194
696	52	303	25	1765	1885	10	0	185	840
697	167	445	-26	5648	5768	10	30	0	972
698	179	286	-20	1365	1485	10	737	0	530
699	269	48	-10	1122	1242	10	169	0	380
700	165	59	-10	3771	3891	10	660	0	119
701	461	8	-20	1476	1596	10	453	0	245
702	421	415	30	941	1061	10	0	128	411
703	59	459	-12	1245	1365	10	920	0	341
704	24	492	-10	1848	1968	10	628	0	411
705	55	449	20	1054	1174	10	0	975	447
706	224	192	10	280	400	10	0	418	168
707	444	269	20	934	1054	10	0	560	429
708	491	20	-10	1574	1694	10	504	0	565
709	313	126	-20	973	1093	10	264	0	306
710	283	438	3	926	1046	10	0	83	427
711	352	241	-20	3169	3289	10	518	0	295
712	398	476	25	1672	1792	10	0	39	760
713	442	247	-20	964	1084	10	401	0	340
714	217	207	-10	5530	5650	10	60	0	348
715	233	87	18	1010	1130	10	0	540	483
716	479	127	-10	1079	1199	10	300	0	279
717	6	53	8	2348	2468	10	0	438	1077
718	478	300	-10	3558	3678	10	549	0	388
719	378	493	30	1127	1247	10	0	90	486
720	303	78	12	660	780	10	0	322	300
721	344	62	-20	1386	1506	10	852	0	468
722	371	315	18	4663	4783	10	0	224	2306
723	200	78	31	3971	4091	10	0	53	1955
724	413	391	8	868	988	10	0	56	386
725	415	216	-20	705	825	10	143	0	230
726	397	57	-10	5904	6024	10	990	0	539
727	293	228	19	133	253	10	0	132	102
728	0	297	-10	1171	1291	10	75	0	479
729	435	20	-20	1526	1646	10	861	0	487
730	195	111	-44	3992	4112	10	34	0	1937
731	417	218	-10	1112	1232	10	515	0	393
732	340	54	10	951	1071	10	0	232	427
733	132	57	20	978	1098	10	0	310	435
734	210	379	12	2835	2955	10	0	173	1409
735	228	260	12	6422	6542	0	0	1006	3258
736	399	104	-19	1159	1279	10	114	0	189
737	95	277	20	1098	1218	10	0	698	530
738	360	284	-25	2666	2786	10	862	0	828
739	53	466	-10	1340	1460	10	847	0	457
740	112	465	10	1197	1317	10	0	335	530
741	313	391	-34	598	718	10	271	0	200
742	93	235	10	985	1105	10	0	995	473
743	125	32	-10	1038	1158	10	530	0	425
744	215	282	-24	5762	5882	10	911	0	2776
745	224	320	-20	5135	5255	10	480	0	646
746	134	428	20	1232	1352	10	0	197	569
747	26	490	-17	1899	2019	10	147	0	369
748	44	115	24	925	1045	10	0	596	399
749	438	127	2	3764	3884	10	0	196	1829
750	239	15	2	2415	2535	10	0	558	1149
751	342	54	-30	999	1119	10	636	0	374
752	109	463	-20	1334	1454	10	996	0	444
753	199	187	20	507	627	10	0	944	236
754	201	188	10	555	675	10	0	145	297
755	399	301	30	777	897	10	0	693	369
756	484	171	10	1173	1293	10	0	447	523
757	272	234	-18	6361	6481	10	520	0	1174
758	380	350	15	3466	3586	10	0	430	1710
759	140	108	-20	4285	4405	10	212	0	586
760	228	199	10	537	657	10	0	959	300
761	245	461	8	2597	2717	10	0	378	1252
762	305	107	20	901	1021	10	0	118	433
763	231	195	20	437	557	10	0	941	249
764	450	265	10	865	985	10	0	471	392
765	273	149	-16	6011	6131	10	611	0	2312
766	12	358	-18	4897	5017	10	946	0	1834
767	315	121	10	812	932	10	0	796	393
768	420	213	10	814	934	10	0	776	380
769	331	134	11	4495	4615	10	0	527	2236
770	84	377	10	3705	3825	10	0	641	1807
771	320	280	10	340	460	10	0	909	191
772	89	185	-2	2399	2519	10	174	0	497
773	472	481	-10	1306	1426	10	107	0	328
774	422	420	20	1050	1170	10	0	512	464
775	475	267	7	3118	3238	10	0	595	1506
776	470	125	-10	952	1072	10	768	0	380
777	435	268	-10	1247	1367	10	492	0	502
778	409	155	19	681	801	10	0	824	307
779	243	248	30	96	216	10	0	222	104
780	488	96	-20	4265	4385	10	337	0	695
781	341	72	9	3219	3339	10	0	470	1528
782	58	449	-20	1451	1571	10	465	0	505
783	16	460	-30	1643	1763	10	867	0	390
784	480	136	-20	967	1087	10	888	0	398
785	162	388	-16	4504	4624	10	807	0	1283
786	47	208	-20	906	1026	10	627	0	357
787	324	127	30	514	634	10	0	981	245
788	87	96	30	1127	1247	10	0	851	487
789	140	137	32	2279	2399	10	0	166	1120
790	314	205	-14	6107	6227	10	865	0	1953
791	96	346	26	741	861	10	0	383	339
792	321	280	30	296	416	10	0	481	169
793	245	251	10	5	125	10	0	645	59
794	436	295	-30	2113	2233	10	389	0	318
795	274	261	20	6828	6948	0	0	1001	3460
796	271	128	-10	1382	1502	10	767	0	393
797	275	45	20	898	1018	10	0	441	391
798	422	409	10	877	997	10	0	892	381
799	146	188	-16	4940	5060	10	280	0	1183
800	93	96	20	902	1022	10	0	372	401
801	409	255	23	6090	6210	0	0	1005	3025
802	449	428	-10	4987	5107	10	184	0	1588
803	90	285	-20	1105	1225	10	823	0	493
804	415	95	15	4707	4827	10	0	403	2300
805	88	287	-10	1054	1174	10	230	0	80
806	379	196	-20	776	896	10	350	0	295
807	368	452	16	2680	2800	10	0	785	1283
808	202	186	20	604	724	10	0	832	322
809	435	11	-20	1189	1309	10	856	0	476
810	269	46	20	1074	1194	10	0	287	494
811	7	292	10	926	1046	10	0	119	399
812	44	496	-30	1607	1727	10	987	0	462
813	478	99	-10	1245	1365	10	150	0	438
814	391	99	20	766	886	10	0	180	339
815	132	477	-20	1309	1429	10	328	0	569
816	24	65	-10	1461	1581	10	881	0	516
817	130	247	17	420	540	10	0	458	209
818	133	273	20	417	537	10	0	880	208
819	347	62	-10	1334	1454	10	22	0	540
820	404	140	-20	5035	5155	10	223	0	706
821	416	420	-30	1159	1279	10	93	0	112
822	67	335	-10	967	1087	10	647	0	249
823	92	270	20	1027	1147	10	0	803	493
824	411	95	-19	971	1091	10	778	0	307
825	132	479	-30	970	1090	10	539	0	368
826	366	334	5	1641	1761	0	0	1011	808
827	125	39	20	921	1041	10	0	254	397
828	419	422	20	1105	1225	10	0	283	491
829	460	2	-9	1412	1532	10	908	0	471
830	67	334	-10	923	1043	10	923	0	404
831	448	414	23	4891	5011	10	0	460	2376
832	46	163	-20	3704	3824	10	808	0	322
833	77	465	11	1044	1164	10	0	625	444
834	284	319	17	3267	3387	10	0	590	1655
835	102	422	-9	905	1025	10	984	0	287
836	240	34	-4	6238	6358	10	423	0	2298
837	141	428	20	775	895	10	0	419	343
838	204	269	-20	139	259	10	176	0	59
839	144	439	30	1085	1205	10	0	913	494
840	470	417	-29	2947	3067	10	651	0	1321
841	404	103	-10	966	1086	10	321	0	405
842	5	281	-9	5486	5606	10	313	0	2501
843	487	320	-10	3431	3551	10	939	0	765
844	398	23	10	1024	1144	10	0	977	436
845	90	296	20	606	726	10	0	168	279
846	386	13	10	1348	1468	10	0	873	597
847	115	465	10	1049	1169	10	0	739	457
848	473	475	10	1669	1789	10	0	482	736
849	275	42	30	950	1070	10	0	236	430
850	286	356	30	388	508	10	0	368	198
851	15	69	-30	1167	1287	10	788	0	487
852	267	44	20	1023	1143	10	0	721	468
853	243	399	10	939	1059	10	0	915	409
854	390	249	-10	2327	2447	10	973	0	507
855	210	391	-21	566	686	10	451	0	94
856	433	15	20	1131	1251	10	0	809	476
857	24	259	-23	1480	1600	10	50	0	529
858	12	463	-30	1443	1563	10	609	0	486
859	237	213	10	588	708	10	0	306	334
860	182	480	-30	1459	1579	10	229	0	621
861	409	88	20	1081	1201	10	0	729	487
862	244	368	25	1656	1776	10	0	738	828
863	381	328	-27	2869	2989	10	493	0	805
864	213	185	-20	239	359	10	248	0	135
865	482	141	14	4043	4163	10	0	790	1953
866	319	124	20	712	832	10	0	933	344
867	141	431	30	872	992	10	0	783	390
868	198	264	20	561	681	10	0	374	313
869	69	334	30	824	944	10	0	585	372
870	299	98	-10	667	787	10	326	0	286
871	240	250	10	150	270	10	0	244	83
872	199	203	-22	5829	5949	10	509	0	2389
873	459	17	-10	1645	1765	10	846	0	597
874	423	217	-40	967	1087	10	26	0	358
875	477	179	20	891	1011	10	0	131	386
876	213	397	10	869	989	10	0	448	418
877	405	187	-20	5002	5122	10	591	0	440
878	269	402	-30	811	931	10	149	0	309
879	53	204	8	4220	4340	10	0	688	2068
880	13	394	-20	1490	1610	10	818	0	208
881	15	68	10	1211	1331	10	0	816	516
882	56	268	-17	4256	4376	10	979	0	1664
883	360	184	10	886	1006	10	0	928	438
884	307	102	40	839	959	10	0	364	400
885	130	57	40	930	1050	10	0	450	411
886	250	328	-18	995	1115	10	281	0	435
887	91	231	30	801	921	10	0	945	380
888	479	176	20	946	1066	10	0	784	398
889	420	224	-10	1716	1836	10	323	0	557
890	461	182	13	2516	2636	10	0	296	1207
891	418	218	20	1068	1188	10	0	521	508
892	419	418	-10	996	1116	10	798	0	381
893	336	493	20	5972	6092	10	0	141	2917
894	389	300	10	615	735	10	0	63	255
895	92	76	-28	4556	4676	10	411	0	1485
896	476	102	-10	1345	1465	10	675	0	572
897	418	399	20	1751	1871	10	0	912	823
898	109	56	27	899	1019	10	0	44	389
899	13	465	-10	3094	3214	10	97	0	597
900	92	232	10	707	827	10	0	566	333
901	394	47	-30	1252	1372	10	52	0	324
902	16	287	12	1083	1203	10	0	569	483
903	399	102	20	1068	1188	10	0	112	488
904	143	158	12	550	670	10	0	935	264
905	18	484	-30	1300	1420	10	593	0	519
906	250	411	30	752	872	10	0	10	355
907	19	273	25	4066	4186	10	0	86	1976
908	365	28	9	1073	1193	10	0	829	471
909	387	297	-10	561	681	10	771	0	191
910	433	447	20	3177	3297	10	0	417	1514
911	214	274	24	5476	5596	10	0	744	2776
912	489	338	-20	5589	5709	10	897	0	823
913	130	494	-30	3035	3155	10	839	0	494
914	23	67	30	1557	1677	10	0	687	692
915	374	489	-10	1017	1137	10	853	0	409
916	126	30	-25	1087	1207	10	388	0	334
917	112	467	-40	1104	1224	10	17	0	303
918	489	274	-20	2135	2255	10	588	0	414
919	61	214	4	1367	1487	10	0	511	647
920	166	440	12	771	891	10	0	703	341
921	56	75	-31	5751	5871	10	462	0	385
922	210	276	5	131	251	10	0	966	101
923	80	286	10	896	1016	10	0	830	404
924	17	459	10	1688	1808	10	0	106	747
925	66	448	10	1021	1141	10	0	957	435
926	351	128	-10	5013	5133	10	969	0	653
927	352	176	20	444	564	10	0	517	218
928	490	286	-10	2089	2209	10	883	0	438
929	247	219	17	65	185	10	0	686	76
930	86	268	10	869	989	10	0	319	412
931	398	329	-24	611	731	10	556	0	202
932	272	402	10	638	758	10	0	148	302
933	317	123	-20	761	881	10	866	0	344
934	408	318	-20	2572	2692	10	544	0	337
935	66	31	-12	4194	4314	10	904	0	264
936	425	448	9	3178	3298	10	0	218	1516
937	35	304	-20	870	990	10	101	0	219
938	471	94	30	3995	4115	10	0	121	1922
939	470	473	10	1724	1844	10	0	843	765
940	224	56	-20	4746	4866	10	215	0	309
941	343	47	-20	1108	1228	10	763	0	249
942	52	18	28	3428	3548	10	0	156	1621
943	16	68	20	1255	1375	10	0	151	539
944	195	185	-20	449	569	10	753	0	236
945	92	236	-30	1031	1151	10	887	0	380
946	76	462	18	3824	3944	10	0	766	1834
947	124	56	-20	865	985	10	500	0	346
948	481	454	14	1282	1402	10	0	290	546
949	477	483	20	1463	1583	10	0	213	628
950	481	124	-10	1134	1254	10	602	0	353
951	389	156	27	2862	2982	10	0	557	1407
952	384	16	-20	1402	1522	10	272	0	89
953	492	34	-20	3242	3362	10	288	0	814
954	371	200	-20	897	1017	10	273	0	244
955	153	235	10	333	453	10	0	684	177
956	428	202	-10	3615	3735	10	345	0	544
957	257	391	-10	6532	6652	10	925	0	435
958	421	218	10	1016	1136	10	0	23	481
959	206	186	-10	750	870	10	760	0	300
960	393	301	30	713	833	10	0	188	340
961	204	187	-20	701	821	10	607	0	335
962	468	475	10	1193	1313	10	0	200	499
963	477	122	-20	1320	1440	10	233	0	405
964	100	66	-3	5599	5719	10	99	0	2083
965	489	27	10	1685	1805	10	0	108	739
966	12	451	-5	1186	1306	10	922	0	101
967	197	270	30	383	503	10	0	972	223
968	311	422	-15	3952	4072	10	29	0	1552
969	489	17	10	1520	1640	10	0	926	653
970	13	214	-22	5414	5534	10	356	0	693
971	440	247	20	1012	1132	10	0	390	470
972	28	467	-30	5370	5490	10	967	0	223
973	388	325	10	1053	1173	10	0	854	507
974	270	401	20	589	709	10	0	37	278
975	5	445	-20	1244	1364	10	705	0	447
976	198	271	20	337	457	10	0	367	200
977	480	131	-10	2750	2870	10	844	0	436
978	437	98	-24	4455	4575	10	205	0	1961
979	131	246	17	3328	3448	10	0	882	1664
980	49	437	7	1710	1830	10	0	113	777
981	270	49	-30	1168	1288	10	787	0	245
982	337	41	-13	4009	4129	10	129	0	1549
983	318	280	20	388	508	10	0	537	216
984	154	392	9	626	746	10	0	835	287
985	493	111	-10	2164	2284	10	110	0	620
986	399	450	20	1435	1555	10	0	524	652
987	67	452	30	1078	1198	10	0	812	462
988	34	239	16	876	996	10	0	535	389
989	343	276	15	326	446	10	0	690	174
990	393	12	10	1237	1357	10	0	726	539
991	236	247	20	210	330	10	0	330	157
992	340	291	22	1882	2002	10	0	655	951
993	3	292	-10	1022	1142	10	40	0	367
994	209	68	-28	6272	6392	10	109	0	3063
995	18	225	-10	2765	2885	10	742	0	473
996	147	435	20	980	1100	10	0	752	444
997	335	99	-24	4874	4994	10	570	0	2249
998	485	24	-20	1285	1405	10	682	0	519
999	470	475	-19	1241	1361	10	256	0	447
1000	341	58	10	895	1015	10	0	263	401
1001	274	261	-20	6828	6948	10	795	0	3460
1002	328	458	-17	3071	3191	10	8	0	1484
1003	401	164	-13	2485	2605	10	519	0	1215
1004	323	77	-36	5620	5740	10	48	0	2776
1005	409	255	-23	6090	6210	10	801	0	3025
1006	228	260	-12	6422	6542	10	735	0	3258
1007	238	123	-24	3124	3244	10	633	0	1558
1008	175	352	-12	6660	6780	10	246	0	3326
1009	406	99	-20	908	1028	10	579	0	405
1010	418	251	-21	4787	4907	10	650	0	2369
1011	366	334	-5	1641	1761	10	826	0	808
1012	260	472	-33	4144	4264	10	208	0	2020
1013	303	186	-10	5417	5537	10	580	0	2726
1014	359	246	-18	5691	5811	10	541	0	2850

