250	1000	1
0	250	250	0	0	7284	0	0	0
1	440	436	18	0	7009	10	0	936	3002
2	214	394	-13	0	7126	10	181	0	6773
3	476	483	10	0	6950	10	0	200	1397
4	352	487	27	0	7016	10	0	434	4301
5	230	197	40	486	606	10	0	412	549
6	175	239	-10	0	7199	10	930	0	6930
7	133	202	-14	1842	1962	10	319	0	1163
8	328	458	-25	0	7052	10	409	0	6792
9	25	499	10	1780	1900	10	0	279	1564
10	226	423	15	788	908	10	0	237	733
11	313	282	20	654	774	10	0	971	703
12	60	454	-20	0	6996	10	32	0	6628
13	239	486	3	0	7038	10	0	218	5342
14	102	264	10	535	655	10	0	696	506
15	408	452	-10	0	7018	10	297	0	692
16	451	62	-20	0	6999	10	941	0	6656
17	203	390	-38	0	7127	10	581	0	424
18	92	233	10	0	7116	10	0	868	6941
19	7	300	30	1379	1499	10	0	127	1250
20	409	90	-20	1033	1153	10	579	0	810
21	307	108	-14	950	1070	10	765	0	903
22	347	54	-20	1180	1300	10	223	0	961
23	406	87	-10	1252	1372	10	638	0	1027
24	371	332	14	2118	2238	10	0	655	2091
25	116	466	-20	1004	1124	10	837	0	686
26	441	265	40	0	7083	10	0	828	864
27	130	140	17	776	896	10	0	919	733
28	80	117	-9	3297	3417	10	313	0	3104
29	421	387	-10	0	7055	10	82	0	663
30	83	300	26	0	7100	10	0	152	1047
31	136	52	-30	0	7046	10	457	0	6730
32	18	462	20	0	6960	10	0	12	6628
33	390	120	-23	4017	4137	10	42	0	3595
34	188	119	44	3899	4019	10	0	400	3874
35	467	114	-5	0	7018	10	977	0	2611
36	440	292	-8	3760	3880	10	299	0	3531
37	268	400	20	973	1093	10	0	70	941
38	391	202	14	0	7126	10	0	768	744
39	377	432	-29	3326	3446	10	651	0	3020
40	80	290	10	790	910	10	0	496	735
41	439	15	-30	1373	1493	10	405	0	703
42	307	52	23	3682	3802	10	0	33	3595
43	111	192	-12	0	7124	10	904	0	6926
44	131	56	10	1023	1143	10	0	339	915
45	88	286	10	0	7109	10	0	860	1187
46	69	414	6	0	7030	10	0	619	3515
47	41	232	16	821	941	10	0	988	731
48	323	77	-10	0	7087	10	261	0	446
49	340	416	-26	0	7086	10	88	0	583
50	86	199	-10	0	7103	10	286	0	1036
51	314	124	-12	924	1044	10	391	0	877
52	375	191	30	667	787	10	0	233	648
53	226	175	23	0	7196	10	0	700	6845
54	242	106	28	0	7130	10	0	852	6846
55	417	417	-20	1328	1448	10	878	0	777
56	419	459	20	1265	1385	10	0	974	1116
57	389	11	20	0	6998	10	0	661	5597
58	450	416	-20	0	7015	10	63	0	539
59	246	255	10	0	7268	0	0	1001	7261
60	71	333	-20	775	895	10	449	0	668
61	105	474	-18	1883	2003	10	634	0	1591
62	20	489	-10	1533	1653	10	102	0	1075
63	388	331	20	580	700	10	0	58	539
64	92	259	4	0	7116	10	0	502	4122
65	200	261	-20	666	786	10	607	0	661
66	400	288	30	0	7120	10	0	260	1205
67	299	285	-5	5015	5135	10	741	0	563
68	378	199	-21	829	949	10	192	0	798
69	325	147	-24	0	7147	10	236	0	6843
70	421	386	-20	0	7056	10	37	0	941
71	404	447	20	940	1060	10	0	582	809
72	412	478	-1	0	6995	10	265	0	6705
73	26	67	-20	5267	5387	10	418	0	5084
74	358	183	20	935	1055	10	0	709	883
75	30	302	-10	1066	1186	10	618	0	779
76	176	470	-20	0	7042	10	630	0	6549
77	96	270	-10	0	7119	10	955	0	354
78	243	408	15	5735	5855	0	0	1014	5696
79	60	29	32	5451	5571	10	0	506	5279
80	34	169	-10	1938	2058	10	535	0	1295
81	407	280	-24	834	954	10	556	0	780
82	277	403	10	699	819	10	0	29	663
83	498	456	27	0	6952	10	0	499	6590
84	384	491	-10	1391	1511	10	289	0	1076
85	355	174	33	0	7145	10	0	846	6697
86	97	288	22	5136	5256	10	0	872	5098
87	316	284	20	499	619	10	0	702	544
88	334	403	26	638	758	10	0	49	583
89	415	223	20	1219	1339	10	0	284	1171
90	230	320	-20	0	7202	10	483	0	954
91	432	199	7	0	7085	10	0	520	6683
92	92	18	8	0	6994	10	0	914	1301
93	273	300	30	0	7219	10	0	834	7111
94	269	112	19	0	7135	10	0	916	6707
95	429	389	-10	0	7048	10	798	0	6782
96	371	71	-10	1147	1267	10	1000	0	802
97	5	297	-20	0	7025	10	830	0	841
98	414	378	23	0	7066	10	0	758	6847
99	38	15	-15	4364	4484	10	559	0	2913
100	2	295	-20	1223	1343	10	342	0	710
101	237	254	20	333	453	10	0	913	439
102	54	445	10	1232	1352	10	0	62	1075
103	382	110	-20	4450	4570	10	528	0	648
104	438	488	-30	0	6971	10	213	0	6601
105	395	331	20	866	986	10	0	831	819
106	230	487	20	4518	4638	10	0	862	4400
107	249	407	-10	695	815	10	932	0	604
108	488	26	-20	0	6948	10	350	0	590
109	151	81	-18	0	7079	10	715	0	966
110	483	14	10	1453	1573	10	0	446	1241
111	0	422	8	0	6971	10	0	987	811
112	429	67	-33	2929	3049	10	363	0	435
113	195	464	20	6165	6285	0	0	1011	6064
114	356	256	-10	0	7168	10	323	0	6916
115	264	180	33	0	7203	10	0	588	6969
116	94	235	20	0	7118	10	0	589	6554
117	474	96	-20	0	7003	10	682	0	1066
118	268	52	10	1222	1342	10	0	781	1143
119	44	440	-10	0	6994	10	161	0	557
120	7	382	27	0	6998	10	0	975	6611
121	459	53	-10	4489	4609	10	990	0	4243
122	491	25	-10	0	6945	10	504	0	6600
123	439	243	20	1254	1374	10	0	792	1184
124	210	185	20	0	7198	10	0	753	529
125	150	68	23	0	7067	10	0	730	6845
126	201	270	10	0	7222	10	0	742	6940
127	0	188	-30	0	7017	10	19	0	1250
128	103	464	-20	5092	5212	10	915	0	867
129	325	56	13	0	7067	10	0	648	4720
130	44	344	-21	4318	4438	10	744	0	4198
131	418	75	11	1792	1912	10	0	978	1669
132	472	57	17	0	6980	10	0	444	3806
133	460	328	13	876	996	10	0	516	771
134	89	270	10	814	934	10	0	424	771
135	374	190	20	573	693	10	0	756	555
136	463	253	-13	4188	4308	10	890	0	4005
137	97	93	20	0	7055	10	0	921	6739
138	163	472	9	2614	2734	10	0	246	2495
139	29	336	-17	1326	1446	10	979	0	1180
140	84	453	19	4892	5012	10	0	503	4749
141	294	421	-20	6302	6422	10	367	0	6002
142	343	62	10	1430	1550	10	0	570	1340
143	371	193	20	0	7141	10	0	602	694
144	142	372	-17	0	7112	10	931	0	563
145	66	88	2	0	7029	10	0	993	673
146	395	332	10	0	7108	10	0	774	6764
147	93	413	17	0	7048	10	0	835	6798
148	267	394	10	1037	1157	10	0	761	1012
149	249	258	-20	0	7266	10	893	0	6747
150	472	129	10	0	7022	10	0	595	5670
151	87	3	13	5732	5852	10	0	743	5556
152	62	326	-26	1145	1265	10	30	0	1047
153	212	186	-10	6886	7006	10	533	0	511
154	241	402	-12	0	7122	10	217	0	2225
155	439	266	10	741	861	10	0	227	653
156	79	80	-26	5528	5648	10	632	0	2340
157	62	453	10	1179	1299	10	0	739	1022
158	188	151	-19	0	7158	10	857	0	6725
159	386	154	31	0	7108	10	0	814	6836
160	38	301	-26	1182	1302	10	244	0	176
161	192	265	10	497	617	10	0	119	557
162	371	192	30	519	639	10	0	360	504
163	64	294	12	0	7083	10	0	967	6881
164	381	494	-25	0	6998	10	179	0	836
165	437	12	-20	1318	1438	10	242	0	1088
166	186	135	-18	2871	2991	10	333	0	2592
167	459	10	10	0	6956	10	0	195	1155
168	175	422	24	5786	5906	10	0	324	5718
169	274	48	10	845	965	10	0	864	761
170	488	173	20	1115	1235	10	0	527	984
171	398	97	10	836	956	10	0	365	743
172	385	17	40	3235	3355	10	0	531	3085
173	180	283	23	2975	3095	10	0	388	3017
174	71	12	2	1172	1292	10	0	942	994
175	343	49	10	1060	1180	10	0	452	958
176	248	251	-30	0	7272	10	937	0	768
177	7	194	29	0	7025	10	0	356	6686
178	322	290	23	5916	6036	10	0	389	5953
179	410	399	25	935	1055	10	0	164	836
180	398	103	30	0	7066	10	0	278	1276
181	385	285	13	0	7135	10	0	2	6773
182	179	497	1	0	7017	10	0	920	6741
183	464	13	-20	1539	1659	10	336	0	1316
184	492	335	10	3313	3433	10	0	843	3176
185	27	464	-25	5164	5284	10	815	0	1173
186	231	29	-20	4905	5025	10	375	0	4516
187	157	38	-12	0	7043	10	720	0	600
188	439	268	10	1191	1311	10	0	771	1121
189	149	214	-8	0	7167	10	407	0	168
190	187	73	-20	0	7087	10	501	0	428
191	429	169	-20	3611	3731	10	288	0	3246
192	350	199	21	0	7162	10	0	68	798
193	60	231	-10	0	7084	10	395	0	527
194	448	404	-13	2396	2516	10	598	0	1443
195	481	20	-10	1388	1508	10	167	0	1155
196	436	25	-10	0	6983	10	198	0	1311
197	111	459	20	0	7023	10	0	752	1188
198	389	17	10	1463	1583	10	0	196	1311
199	148	208	22	0	7164	10	0	827	750
200	475	477	-10	1618	1738	10	3	0	1397
201	390	325	30	0	7116	10	0	796	1103
202	346	354	8	3270	3390	0	0	1008	3248
203	91	266	-10	930	1050	10	647	0	878
204	17	65	-20	0	6977	10	733	0	871
205	391	112	-9	4001	4121	10	674	0	3910
206	224	203	-15	0	7221	10	688	0	6838
207	426	231	-5	4114	4234	10	953	0	3037
208	260	472	33	4144	4264	10	0	383	4041
209	265	0	-2	3584	3704	10	750	0	2299
210	391	293	-10	903	1023	10	352	0	847
211	411	421	20	1260	1380	10	0	912	1145
212	132	30	-30	0	7025	10	563	0	999
213	475	480	30	0	6953	10	0	104	6601
214	286	244	-18	5136	5256	10	541	0	5063
215	436	237	-10	0	7088	10	303	0	6882
216	402	284	30	0	7119	10	0	683	6873
217	287	397	12	2257	2377	10	0	154	2225
218	272	420	-3	5543	5663	10	13	0	5342
219	477	120	-10	1368	1488	10	950	0	990
220	145	434	-26	932	1052	10	791	0	679
221	33	286	11	6184	6304	10	0	923	6084
222	370	262	-10	4398	4518	10	777	0	1181
223	393	20	20	0	7004	10	0	22	961
224	330	308	-20	4682	4802	10	949	0	1257
225	246	398	-21	0	7126	10	463	0	6737
226	482	184	14	0	7033	10	0	486	1199
227	451	305	-10	774	894	10	155	0	653
228	226	316	21	221	341	10	0	507	270
229	110	459	-20	0	7023	10	659	0	513
230	244	250	10	0	7268	10	0	817	7023
231	458	16	20	1192	1312	10	0	969	998
232	390	34	-30	4241	4361	10	870	0	4080
233	423	214	-30	867	987	10	52	0	648
234	219	215	32	127	247	10	0	302	200
235	326	118	-20	0	7122	10	866	0	6959
236	365	74	24	0	7064	10	0	69	6843
237	331	356	-15	2847	2967	10	10	0	733
238	210	398	10	817	937	10	0	656	783
239	403	93	-20	0	7055	10	521	0	6824
240	248	404	-20	0	7120	10	327	0	6952
241	65	62	15	0	7011	10	0	964	5410
242	460	13	20	0	6958	10	0	165	1088
243	0	293	30	0	7021	10	0	510	1654
244	211	248	26	96	216	10	0	160	176
245	484	174	-20	1058	1178	10	874	0	910
246	175	352	-9	6660	6780	10	138	0	2495
247	455	168	-10	3467	3587	10	263	0	3108
248	224	191	20	324	444	10	0	568	379
249	439	156	-30	2103	2223	10	316	0	542
250	434	359	-20	5569	5689	10	897	0	1646
251	118	314	-10	0	7128	10	374	0	677
252	234	246	10	0	7258	10	0	536	6943
253	406	450	20	1037	1157	10	0	649	903
254	75	118	21	1636	1756	0	0	1006	1536
255	115	395	-10	3261	3381	10	625	0	2939
256	329	456	19	996	1116	10	0	332	895
257	218	403	-20	5277	5397	10	428	0	845
258	149	341	6	0	7139	10	0	867	755
259	253	74	-10	0	7098	10	321	0	810
260	436	241	-30	1309	1429	10	66	0	1205
261	238	203	10	375	495	10	0	48	446
262	405	455	40	0	7017	10	0	368	6730
263	485	27	10	0	6951	10	0	247	3108
264	323	118	20	643	763	10	0	564	612
265	330	371	1	0	7129	10	0	72	6705
266	25	65	-20	1505	1625	10	943	0	1309
267	406	96	-20	863	983	10	517	0	747
268	49	451	-20	1120	1240	10	705	0	895
269	307	249	10	0	7217	0	0	1003	7159
270	178	135	-30	6055	6175	10	788	0	5841
271	299	353	-30	396	516	10	850	0	380
272	236	213	20	98	218	10	0	325	178
273	355	177	20	0	7147	10	0	952	6703
274	394	23	-20	0	7006	10	453	0	491
275	306	235	25	172	292	10	0	918	234
276	90	477	-10	0	6997	10	489	0	6587
277	379	486	22	2687	2807	10	0	387	2538
278	435	16	-30	1470	1590	10	180	0	1276
279	8	497	-10	0	6929	10	9	0	1564
280	150	484	-10	2501	2621	10	309	0	1127
281	213	399	18	936	1056	10	0	853	865
282	391	18	10	1511	1631	10	0	646	1359
283	111	392	-19	0	7076	10	642	0	6843
284	330	281	-20	5322	5442	10	89	0	1171
285	344	203	14	0	7169	10	0	301	6833
286	91	235	10	1076	1196	10	0	50	1036
287	346	60	-8	1285	1405	10	982	0	1147
288	483	27	20	0	6952	10	0	191	3246
289	382	498	10	1237	1357	10	0	84	1076
290	457	492	-10	2032	2152	10	962	0	1808
291	291	213	-10	0	7219	10	844	0	6719
292	154	374	-23	0	7118	10	666	0	6847
293	225	196	-4	0	7215	10	423	0	6898
294	94	40	-10	4272	4392	10	488	0	1563
295	0	356	13	4345	4465	10	0	334	4193
296	297	283	-11	0	7217	10	459	0	3476
297	371	423	10	784	904	10	0	15	692
298	417	217	30	754	874	10	0	636	703
299	500	228	8	0	7024	10	0	36	3531
300	412	214	10	604	724	10	0	749	558
301	442	289	-14	0	7079	10	285	0	6833
302	157	269	-32	0	7180	10	234	0	200
303	440	241	10	0	7084	10	0	215	6882
304	100	266	20	586	706	10	0	613	555
305	111	178	18	566	686	10	0	800	529
306	91	101	-16	0	7057	10	842	0	6600
307	25	307	10	998	1118	10	0	569	885
308	135	400	-10	0	7085	10	419	0	6818
309	58	458	10	1291	1411	10	0	280	1127
310	133	26	-26	0	7022	10	373	0	6758
311	211	386	20	0	7133	10	0	734	6980
312	94	97	20	0	7056	10	0	526	2922
313	30	155	9	0	7035	10	0	28	3104
314	208	184	-26	294	414	10	714	0	325
315	394	333	20	777	897	10	0	724	730
316	355	180	30	549	669	10	0	249	542
317	241	180	13	0	7204	0	0	1007	7133
318	21	485	30	1353	1473	10	0	609	1144
319	80	251	14	1214	1334	10	0	7	1163
320	476	61	-20	1795	1915	10	708	0	1360
321	406	94	10	911	1031	10	0	259	810
322	364	71	5	0	7062	0	0	1005	6849
323	418	221	10	0	7104	10	0	114	6916
324	274	441	-24	0	7082	10	168	0	5718
325	304	97	-20	727	847	10	272	0	178
326	297	102	10	0	7119	10	0	652	3844
327	250	405	20	0	7119	10	0	240	6952
328	111	463	-30	1286	1406	10	539	0	1141
329	408	279	-10	0	7114	10	532	0	632
330	263	418	-36	1114	1234	10	745	0	1043
331	480	119	-26	2514	2634	10	985	0	2328
332	420	383	-19	3928	4048	10	256	0	895
333	142	14	18	0	7015	10	0	166	2592
334	73	328	-13	0	7081	10	295	0	4193
335	50	438	-20	0	7000	10	466	0	1050
336	441	7	20	0	6965	10	0	183	1316
337	462	14	20	1588	1708	10	0	669	1390
338	360	294	9	5671	5791	10	0	992	5672
339	58	39	-10	0	6989	10	44	0	915
340	58	391	-20	3529	3649	10	746	0	1139
341	410	285	20	0	7111	10	0	492	6870
342	96	97	20	808	928	10	0	100	710
343	21	64	20	1409	1529	10	0	410	1233
344	238	210	-10	0	7233	10	621	0	1056
345	479	121	10	1231	1351	10	0	963	1088
346	200	178	20	0	7187	10	0	408	6896
347	216	341	19	0	7177	10	0	590	7069
348	48	437	-20	3215	3335	10	554	0	2969
349	200	270	20	0	7221	10	0	461	6635
350	357	181	20	598	718	10	0	108	590
351	476	174	30	1297	1417	10	0	775	1178
352	400	286	10	0	7120	10	0	210	847
353	351	481	-10	0	7022	10	876	0	837
354	270	400	-22	545	665	10	957	0	498
355	95	234	10	653	773	10	0	972	617
356	128	113	-29	0	7091	10	177	0	6686
357	133	455	25	0	7038	10	0	586	1084
358	16	463	-10	0	6958	10	747	0	6590
359	59	388	-30	2651	2771	10	839	0	988
360	376	190	-30	621	741	10	162	0	504
361	481	122	30	0	7010	10	0	673	6667
362	266	405	-15	868	988	10	370	0	822
363	374	232	33	441	561	10	0	112	435
364	398	20	20	1076	1196	10	0	901	922
365	481	26	-10	0	6953	10	171	0	743
366	63	444	-20	0	7005	10	376	0	6632
367	89	290	20	0	7109	10	0	141	6002
368	246	314	-40	0	7210	10	262	0	6730
369	40	304	-20	0	7058	10	469	0	6821
370	262	369	15	0	7155	10	0	362	822
371	323	29	-20	0	7042	10	933	0	737
372	89	65	-10	2881	3001	10	811	0	2503
373	144	35	26	0	7035	10	0	310	6758
374	200	265	10	610	730	10	0	251	677
375	436	264	20	0	7088	10	0	186	4516
376	15	457	20	0	6961	10	0	366	6632
377	397	20	20	0	7002	10	0	865	6587
378	328	491	-30	2713	2833	10	719	0	2498
379	399	175	-17	0	7108	10	571	0	1857
380	432	2	-9	1866	1986	10	908	0	942
381	63	336	20	0	7069	10	0	396	4942
382	6	296	-8	0	7026	10	995	0	6710
383	146	376	-33	0	7111	10	208	0	4041
384	295	247	12	0	7229	10	0	561	3059
385	235	33	-9	5348	5468	10	471	0	5016
386	233	204	20	217	337	10	0	654	287
387	142	360	-22	6128	6248	10	277	0	2538
388	177	156	-23	0	7155	10	173	0	3017
389	315	287	-23	0	7200	10	178	0	5953
390	452	172	-37	0	7058	10	672	0	820
391	263	153	12	0	7177	10	0	51	877
392	493	493	-10	0	6931	10	848	0	6577
393	320	283	-20	442	562	10	795	0	474
394	64	5	-10	0	6967	10	816	0	1288
395	95	235	10	563	683	10	0	193	527
396	203	211	-20	5226	5346	10	381	0	4942
397	16	497	20	0	6934	10	0	465	6567
398	348	348	-30	0	7136	10	436	0	6877
399	485	104	-40	3178	3298	10	637	0	1133
400	330	147	-44	0	7144	10	34	0	3874
401	443	237	20	754	874	10	0	519	680
402	316	286	30	547	667	10	0	639	591
403	335	46	18	0	7053	10	0	729	6644
404	381	495	20	1290	1410	10	0	431	1132
405	364	173	30	721	841	10	0	41	703
406	267	162	6	0	7185	10	0	787	467
407	214	245	8	85	205	10	0	189	168
408	92	234	-20	0	7116	10	346	0	6896
409	347	459	25	0	7044	10	0	8	6792
410	30	7	-20	4754	4874	10	343	0	1233
411	120	37	-27	0	7025	10	898	0	6753
412	397	153	-40	0	7098	10	5	0	549
413	210	29	-20	4203	4323	10	548	0	3799
414	87	285	30	964	1084	10	0	946	917
415	132	32	-20	3138	3258	10	525	0	2946
416	390	294	20	949	1069	10	0	567	922
417	67	451	-5	0	7003	10	922	0	6719
418	24	68	20	0	6984	10	0	73	5084
419	146	439	10	0	7059	10	0	308	6818
420	209	212	-20	0	7219	10	587	0	6821
421	6	292	-10	970	1090	10	871	0	260
422	18	63	10	1356	1476	10	0	717	1178
423	149	98	4	0	7092	10	0	293	6898
424	91	268	-10	978	1098	10	134	0	771
425	103	177	28	0	7110	10	0	574	6675
426	367	178	-20	721	841	10	514	0	693
427	225	269	30	0	7243	10	0	925	860
428	443	246	20	919	1039	10	0	257	845
429	306	42	11	0	7059	10	0	820	4791
430	374	306	4	0	7138	10	0	540	1939
431	413	421	-20	0	7038	10	404	0	1132
432	470	405	17	0	7005	10	0	626	6564
433	33	278	18	5949	6069	0	0	1013	5850
434	149	458	-27	4655	4775	10	4	0	4301
435	257	57	18	0	7081	10	0	994	6139
436	272	403	30	0	7120	10	0	398	6877
437	221	291	9	184	304	10	0	460	253
438	1	101	-8	0	6984	10	832	0	6675
439	332	459	35	1475	1595	10	0	968	1370
440	220	392	-20	0	7129	10	679	0	6954
441	253	50	27	903	1023	0	0	1009	822
442	250	441	5	0	7083	10	0	986	6674
443	471	484	-20	0	6953	10	773	0	1105
444	480	152	-17	4086	4206	10	132	0	3806
445	404	83	-10	0	7047	10	455	0	6805
446	476	94	-10	0	7000	10	110	0	1241
447	458	213	-31	4513	4633	10	592	0	1882
448	215	395	-30	0	7125	10	855	0	539
449	85	288	20	728	848	10	0	60	668
450	179	75	-20	0	7086	10	479	0	6795
451	228	287	21	112	232	10	0	886	188
452	397	18	-10	1168	1288	10	175	0	958
453	238	204	20	419	539	10	0	274	491
454	488	3	3	0	6931	10	0	965	6570
455	407	88	10	0	7049	10	0	445	6805
456	459	14	20	0	6959	10	0	616	1193
457	120	17	30	0	7008	10	0	31	6730
458	235	316	-20	0	7207	10	707	0	859
459	370	382	11	3535	3655	10	0	296	3476
460	405	454	-9	5212	5332	10	437	0	253
461	17	458	-20	0	6962	10	349	0	6635
462	43	135	31	0	7038	10	0	851	968
463	318	497	21	0	7018	10	0	225	6737
464	199	268	-10	0	7220	10	645	0	6811
465	111	467	-20	0	7017	10	397	0	6567
466	138	438	20	1149	1269	10	0	335	1050
467	172	314	-40	2182	2302	10	803	0	1061
468	494	468	31	1410	1530	10	0	840	1202
469	35	303	20	0	7053	10	0	369	6821
470	341	59	-20	3159	3279	10	553	0	3048
471	423	221	9	0	7099	10	0	385	5016
472	395	295	20	845	965	10	0	801	813
473	413	417	-7	0	7041	10	475	0	6714
474	339	60	-20	844	964	10	763	0	498
475	277	428	7	0	7094	10	0	473	6714
476	176	199	-22	0	7185	10	509	0	6935
477	265	240	9	18	138	10	0	529	119
478	365	190	-20	5910	6030	10	841	0	5711
479	133	53	20	0	7045	10	0	450	6795
480	387	488	20	1448	1568	10	0	821	1293
481	385	295	20	509	629	10	0	495	486
482	491	369	28	0	7006	10	0	608	5295
483	445	273	20	1031	1151	10	0	90	954
484	195	273	-29	0	7215	10	505	0	2505
485	313	493	-20	4772	4892	10	657	0	725
486	495	227	-14	1376	1496	10	226	0	1199
487	241	403	-11	0	7121	10	794	0	6696
488	30	72	10	1726	1846	10	0	294	1563
489	21	487	10	0	6945	10	0	276	6587
490	324	99	-10	1352	1472	10	713	0	1080
491	453	318	-14	0	7060	10	644	0	412
492	443	272	-20	0	7080	10	341	0	6870
493	447	184	-10	0	7067	10	522	0	857
494	366	288	-19	0	7152	10	738	0	7019
495	440	284	-20	0	7081	10	481	0	486
496	13	314	-10	975	1095	10	40	0	735
497	72	227	-10	0	7095	10	754	0	6871
498	377	385	6	3465	3585	10	0	826	3399
499	477	478	-27	0	6953	10	83	0	6590
500	204	185	-10	0	7195	10	959	0	7105
501	226	191	20	372	492	10	0	190	428
502	330	138	-4	4438	4558	10	64	0	4122
503	185	434	-19	0	7079	10	140	0	4749
504	483	22	10	0	6949	10	0	122	6600
505	71	282	29	2567	2687	10	0	484	2505
506	60	5	-32	0	6964	10	79	0	5279
507	189	402	-21	0	7111	10	228	0	270
508	134	211	35	0	7152	10	0	947	697
509	146	313	22	0	7153	10	0	476	6935
510	21	146	-30	1947	2067	10	243	0	1654
511	37	281	-28	0	7059	10	882	0	4181
512	416	417	20	1372	1492	10	0	662	1256
513	44	311	27	1630	1750	10	0	562	1535
514	361	181	20	0	7144	10	0	426	693
515	444	242	10	0	7080	10	0	558	3795
516	444	271	-13	982	1102	10	133	0	771
517	359	179	20	0	7144	10	0	267	747
518	388	334	20	0	7113	10	0	712	6690
519	401	164	-20	0	7101	10	401	0	680
520	499	316	-7	0	7017	10	91	0	6683
521	399	106	20	0	7067	10	0	239	6824
522	425	215	10	916	1036	10	0	493	857
523	407	98	10	0	7056	10	0	804	6810
524	406	460	2	2877	2997	10	0	910	2735
525	88	95	20	0	7050	10	0	415	2946
526	95	64	-20	3064	3184	10	312	0	2922
527	306	229	-20	0	7215	10	170	0	984
528	273	55	20	725	845	10	0	103	648
529	384	149	-9	0	7107	10	477	0	119
530	122	35	10	0	7024	10	0	663	6754
531	308	199	-40	6033	6153	10	172	0	3085
532	390	301	10	661	781	10	0	329	632
533	300	108	10	542	662	10	0	153	511
534	267	400	10	929	1049	10	0	710	843
535	8	300	10	1423	1543	10	0	80	1295
536	105	181	-10	0	7114	10	252	0	6943
537	398	325	-10	0	7109	10	973	0	6931
538	166	247	1	276	396	10	0	615	311
539	140	431	30	0	7063	10	0	328	1141
540	253	118	-4	2189	2309	10	430	0	1939
541	359	246	18	0	7165	10	0	214	5063
542	321	277	10	244	364	10	0	692	288
543	168	59	6	1464	1584	10	0	605	1376
544	406	285	-10	0	7115	10	894	0	587
545	391	334	20	724	844	10	0	681	679
546	437	19	15	4056	4176	10	0	726	3878
547	201	278	13	166	286	10	0	664	229
548	435	267	20	0	7089	10	0	413	3799
549	245	408	-30	0	7116	10	906	0	6939
550	16	462	-30	0	6959	10	689	0	6624
551	107	374	8	0	7085	10	0	782	1282
552	477	97	10	1131	1251	10	0	665	977
553	346	57	20	0	7059	10	0	470	3048
554	14	459	20	0	6959	10	0	348	2969
555	102	6	3	0	6989	10	0	695	6692
556	359	287	24	0	7159	10	0	81	780
557	297	131	25	0	7147	10	0	643	6835
558	282	1	-10	4170	4290	10	515	0	3795
559	21	70	15	3085	3205	10	0	99	2913
560	440	244	-12	0	7084	10	631	0	6822
561	482	104	-12	3230	3350	10	384	0	3059
562	120	261	-27	3173	3293	10	513	0	1535
563	125	29	30	1133	1253	10	0	212	999
564	292	32	-20	0	7052	10	264	0	612
565	262	92	-10	0	7116	10	760	0	601
566	68	160	21	0	7071	10	0	653	852
567	405	276	-20	0	7117	10	416	0	922
568	277	50	-20	0	7073	10	248	0	379
569	32	319	-10	0	7046	10	307	0	885
570	344	70	-10	0	7071	10	142	0	1340
571	481	84	17	2022	2142	10	0	379	1857
572	21	68	20	1606	1726	10	0	640	1433
573	441	244	10	0	7083	10	0	951	6803
574	57	43	-28	0	6991	10	425	0	6675
575	1	293	10	1071	1191	10	0	879	938
576	481	96	20	0	6997	10	0	854	6668
577	471	368	19	1712	1832	10	0	807	1581
578	236	126	23	439	559	10	0	759	434
579	406	99	20	908	1028	10	0	20	810
580	303	186	10	5417	5537	0	0	1012	5453
581	225	369	38	426	546	10	0	17	424
582	412	453	-20	0	7015	10	71	0	809
583	104	349	20	0	7098	10	0	668	789
584	173	182	25	0	7172	10	0	767	6862
585	111	464	-10	1242	1362	10	847	0	915
586	53	440	-25	1292	1412	10	357	0	1084
587	69	336	20	0	7074	10	0	420	6821
588	359	182	-33	0	7146	10	115	0	6969
589	13	459	-20	0	6959	10	116	0	6554
590	244	277	-19	0	7247	10	347	0	7069
591	484	177	20	1006	1126	10	0	599	880
592	452	206	31	1969	2089	10	0	447	1882
593	22	483	30	1244	1364	10	0	905	1038
594	452	110	-10	1361	1481	10	675	0	1171
595	347	192	-10	5953	6073	10	150	0	5670
596	95	92	-18	0	7053	10	614	0	2152
597	368	311	-25	0	7142	10	802	0	6722
598	479	387	13	1590	1710	10	0	194	1443
599	479	169	-20	1234	1354	10	591	0	880
600	497	266	-20	0	7027	10	806	0	756
601	66	336	-7	0	7071	10	766	0	4755
602	376	195	-20	724	844	10	143	0	694
603	401	281	20	1044	1164	10	0	731	1002
604	441	177	-20	0	7070	10	629	0	6844
605	231	203	-6	0	7224	10	543	0	1376
606	21	488	10	1445	1565	10	0	825	1234
607	231	204	20	601	721	10	0	65	661
608	122	422	-28	5827	5947	10	482	0	5295
609	65	453	-30	0	7000	10	318	0	1144
610	206	261	-14	0	7229	10	623	0	6859
611	466	149	-22	0	7036	10	780	0	6685
612	313	119	30	0	7129	10	0	926	4938
613	90	274	-20	717	837	10	304	0	555
614	39	162	18	2261	2381	10	0	596	2152
615	35	306	-1	918	1038	10	538	0	311
616	437	15	-20	1421	1541	10	456	0	1193
617	307	412	-20	1615	1735	10	693	0	1339
618	79	291	10	835	955	10	0	75	779
619	64	437	-6	3673	3793	10	46	0	3515
620	376	92	-30	3962	4082	10	676	0	693
621	129	27	10	1190	1310	10	0	344	1056
622	196	489	23	4121	4241	0	0	1004	3995
623	51	286	14	0	7072	10	0	610	6859
624	20	488	10	1489	1609	10	0	984	1278
625	13	455	10	0	6961	10	0	255	2939
626	170	347	-17	0	7149	10	432	0	6564
627	92	230	20	0	7115	10	0	772	2304
628	117	467	10	958	1078	10	0	740	823
629	413	217	20	0	7108	10	0	604	6844
630	405	450	20	0	7021	10	0	76	6549
631	394	322	12	0	7114	10	0	560	6822
632	125	61	26	2447	2567	10	0	156	2340
633	238	123	24	3124	3244	10	0	686	3116
634	11	403	18	0	6991	10	0	61	1591
635	89	272	10	0	7112	10	0	641	3934
636	304	102	-30	0	7117	10	298	0	703
637	478	121	40	1275	1395	10	0	399	1133
638	408	84	10	1137	1257	10	0	23	1027
639	376	494	-30	1079	1199	10	402	0	591
640	20	73	-20	0	6984	10	572	0	1433
641	159	299	-10	4062	4182	10	635	0	3934
642	95	382	19	0	7071	10	0	283	6843
643	352	63	-25	0	7061	10	557	0	6835
644	365	274	14	410	530	10	0	491	412
645	30	301	10	0	7049	10	0	464	6811
646	351	5	-10	0	7009	10	282	0	1359
647	197	267	10	0	7219	10	0	203	878
648	498	171	-13	5026	5146	10	129	0	4720
649	468	352	-20	0	7034	10	253	0	903
650	418	251	-20	4787	4907	10	875	0	773
651	489	437	29	0	6971	10	0	39	3020
652	251	63	-10	3950	4070	10	326	0	3844
653	132	55	-21	1069	1189	10	566	0	852
654	281	96	-20	0	7117	10	386	0	287
655	333	293	-14	2468	2588	10	24	0	2091
656	255	487	-10	0	7037	10	238	0	783
657	207	400	20	762	882	10	0	485	725
658	469	489	-30	0	6950	10	999	0	6611
659	244	254	20	401	521	10	0	229	513
660	233	207	10	0	7228	10	0	737	1007
661	441	60	-20	5835	5955	10	57	0	5597
662	411	379	-20	0	7068	10	512	0	1256
663	178	72	-10	0	7082	10	530	0	6754
664	51	447	-13	1178	1298	10	547	0	229
665	478	118	-10	1417	1537	10	552	0	977
666	141	426	23	0	7067	10	0	292	6847
667	295	89	-20	0	7107	10	927	0	6866
668	112	433	-20	940	1060	10	583	0	789
669	320	211	-20	3970	4090	10	337	0	1390
670	400	103	10	1022	1142	10	0	884	931
671	408	453	10	0	7017	10	0	722	4372
672	435	180	37	898	1018	10	0	390	820
673	432	66	-30	0	7016	10	361	0	6667
674	374	116	9	0	7092	10	0	205	3910
675	478	102	10	0	7003	10	0	594	1171
676	335	57	30	784	904	10	0	620	693
677	385	239	21	3142	3262	10	0	983	3126
678	386	245	-10	1916	2036	10	889	0	1664
679	208	396	20	0	7123	10	0	440	6954
680	380	489	-10	1516	1636	10	892	0	1306
681	380	498	-20	1189	1309	10	545	0	679
682	440	7	20	1255	1375	10	0	117	1066
683	434	245	-30	0	7090	10	216	0	6873
684	90	232	10	0	7113	10	0	704	1528
685	389	334	-12	0	7112	10	863	0	6939
686	241	205	-24	0	7229	10	633	0	3116
687	18	24	32	0	6951	10	0	935	3931
688	57	183	15	0	7070	10	0	206	6838
689	59	457	30	0	6993	10	0	550	6624
690	442	243	-20	1154	1274	10	691	0	964
691	402	281	20	1000	1120	10	0	690	964
692	445	237	-10	0	7079	10	542	0	288
693	441	273	20	0	7082	10	0	617	1339
694	31	175	24	986	1106	10	0	902	848
695	234	202	-3	0	7224	10	555	0	6692
696	52	303	-10	1765	1885	10	14	0	506
697	167	445	-10	0	7063	10	917	0	6736
698	179	286	8	0	7195	10	0	997	4660
699	269	48	20	0	7072	10	0	721	1216
700	165	59	-23	0	7065	10	53	0	6845
701	461	8	-20	0	6953	10	873	0	6620
702	421	415	-20	941	1061	10	87	0	544
703	59	459	-20	1245	1365	10	966	0	995
704	24	492	-10	1848	1968	10	684	0	1528
705	55	449	20	1054	1174	10	0	268	895
706	224	192	10	280	400	10	0	789	336
707	444	269	20	934	1054	10	0	458	859
708	491	20	20	1574	1694	10	0	320	1360
709	313	126	-20	973	1093	10	74	0	883
710	283	438	-10	926	1046	10	534	0	843
711	352	241	5	0	7172	10	0	896	1166
712	398	476	-20	0	7004	10	518	0	6690
713	442	247	10	0	7082	10	0	490	1080
714	217	207	26	0	7220	10	0	314	325
715	233	87	18	1010	1130	10	0	109	966
716	479	127	-20	1079	1199	10	888	0	825
717	6	53	-10	0	6961	10	422	0	1178
718	478	300	12	0	7041	10	0	764	6785
719	378	493	30	0	7000	10	0	378	2498
720	303	78	12	660	780	10	0	187	600
721	344	62	-20	1386	1506	10	699	0	1216
722	371	315	-10	4663	4783	10	671	0	4372
723	200	78	-20	0	7095	10	762	0	867
724	413	391	-20	868	988	10	315	0	730
725	415	216	10	705	825	10	0	776	656
726	397	57	-15	5904	6024	10	546	0	3878
727	293	228	-10	0	7226	10	883	0	7007
728	0	297	-24	0	7020	10	748	0	798
729	435	20	-18	0	6979	10	403	0	6644
730	195	111	-23	0	7125	10	125	0	6845
731	417	218	-20	1112	1232	10	603	0	1002
732	340	54	-17	951	1071	10	929	0	153
733	132	57	20	978	1098	10	0	204	871
734	210	379	-20	0	7139	10	311	0	6980
735	228	260	-20	0	7250	10	818	0	7024
736	399	104	-30	0	7066	10	849	0	6707
737	95	277	-10	1098	1218	10	660	0	1007
738	360	284	19	0	7159	10	0	494	7019
739	53	466	-10	1340	1460	10	157	0	1022
740	112	465	-10	1197	1317	10	628	0	823
741	313	391	5	598	718	10	0	67	563
742	93	235	-10	0	7117	10	126	0	6940
743	125	32	-13	0	7023	10	151	0	5556
744	215	282	21	0	7227	10	0	130	4198
745	224	320	36	0	7200	10	0	330	1043
746	134	428	20	1232	1352	10	0	340	1139
747	26	490	10	0	6946	10	0	358	6590
748	44	115	24	925	1045	10	0	728	798
749	438	127	-10	3764	3884	10	300	0	558
750	239	15	2	2415	2535	10	0	209	2299
751	342	54	-20	0	7058	10	797	0	6773
752	109	463	-20	1334	1454	10	197	0	1188
753	199	187	-20	507	627	10	124	0	529
754	201	188	10	0	7195	10	0	497	6871
755	399	301	-30	777	897	10	960	0	681
756	484	171	-20	0	7028	10	135	0	555
757	272	234	26	6361	6481	0	0	1010	6453
758	380	350	-23	0	7110	10	98	0	6847
759	140	108	-23	0	7095	10	578	0	434
760	228	199	10	537	657	10	0	565	601
761	245	461	-10	0	7063	10	148	0	1012
762	305	107	20	901	1021	10	0	723	867
763	231	195	20	437	557	10	0	474	498
764	450	265	-12	0	7074	10	718	0	6785
765	273	149	14	0	7171	10	0	21	903
766	12	358	7	4897	5017	10	0	601	4755
767	315	121	-25	0	7130	10	584	0	6862
768	420	213	-14	814	934	10	38	0	744
769	331	134	-20	0	7133	10	810	0	989
770	84	377	-15	3705	3825	10	880	0	1332
771	320	280	-10	0	7198	10	188	0	1121
772	89	185	-20	2399	2519	10	627	0	2304
773	472	481	20	1306	1426	10	0	443	1105
774	422	420	-10	0	7033	10	146	0	6764
775	475	267	-30	0	7049	10	351	0	1178
776	470	125	-10	952	1072	10	725	0	656
777	435	268	10	1247	1367	10	0	222	1181
778	409	155	-30	0	7089	10	824	0	6795
779	243	248	30	96	216	10	0	799	208
780	488	96	22	0	6991	10	0	611	6685
781	341	72	-10	3219	3339	10	118	0	1143
782	58	449	-8	1451	1571	10	551	0	1282
783	16	460	20	0	6960	10	0	833	778
784	480	136	22	0	7018	10	0	790	5780
785	162	388	-10	4504	4624	10	924	0	1494
786	47	208	-25	0	7067	10	907	0	6754
787	324	127	-6	514	634	10	406	0	467
788	87	96	30	0	7050	10	0	270	5841
789	140	137	-10	2279	2399	10	706	0	336
790	314	205	-22	6107	6227	10	784	0	5780
791	96	346	26	741	861	10	0	220	679
792	321	280	-20	0	7197	10	123	0	1184
793	245	251	10	5	125	10	0	838	119
794	436	295	11	0	7083	10	0	487	6696
795	274	261	20	0	7248	10	0	393	474
796	271	128	-30	1382	1502	10	201	0	1103
797	275	45	20	0	7068	10	0	751	6773
798	422	409	10	0	7040	10	0	95	6782
799	146	188	-30	0	7153	10	779	0	208
800	93	96	-18	0	7055	10	305	0	529
801	409	255	-20	0	7115	10	472	0	813
802	449	428	25	0	7008	10	0	597	6722
803	90	285	40	1105	1225	10	0	467	1061
804	415	95	-10	0	7048	10	523	0	6810
805	88	287	30	0	7108	10	0	899	2844
806	379	196	20	776	896	10	0	600	756
807	368	452	-19	2680	2800	10	577	0	1581
808	202	186	20	604	724	10	0	887	644
809	435	11	-20	1189	1309	10	861	0	990
810	269	46	20	1074	1194	10	0	769	989
811	7	292	10	0	7028	10	0	372	2503
812	44	496	32	1607	1727	10	0	858	1406
813	478	99	10	1245	1365	10	0	938	1091
814	391	99	-31	0	7068	10	159	0	6836
815	132	477	25	1309	1429	10	0	185	1173
816	24	65	10	1461	1581	10	0	394	1288
817	130	247	-10	0	7154	10	230	0	7023
818	133	273	20	0	7155	10	0	735	7024
819	347	62	-30	0	7063	10	981	0	6772
820	404	140	-11	5035	5155	10	429	0	4791
821	416	420	-20	0	7037	10	480	0	1293
822	67	335	-20	967	1087	10	976	0	400
823	92	270	-10	0	7115	10	859	0	668
824	411	95	30	0	7051	10	0	778	6795
825	132	479	-10	0	7017	10	606	0	1234
826	366	334	-6	0	7131	10	498	0	3399
827	125	39	-22	921	1041	10	199	0	750
828	419	422	-40	1105	1225	10	26	0	864
829	460	2	-20	1412	1532	10	856	0	953
830	67	334	20	923	1043	10	0	97	841
831	448	414	-20	0	7017	10	105	0	819
832	46	163	8	0	7053	10	0	438	6675
833	77	465	-20	1044	1164	10	783	0	778
834	284	319	-30	0	7198	10	93	0	7111
835	102	422	-17	0	7048	10	147	0	6798
836	240	34	-20	6238	6358	10	903	0	977
837	141	428	20	775	895	10	0	25	686
838	204	269	-10	0	7225	10	793	0	119
839	144	439	30	1085	1205	10	0	359	988
840	470	417	-31	2947	3067	10	468	0	1202
841	404	103	20	0	7062	10	0	478	5711
842	5	281	16	0	7028	10	0	306	6600
843	487	320	-10	0	7027	10	184	0	3176
844	398	23	10	0	7004	10	0	291	6719
845	90	296	20	606	726	10	0	980	559
846	386	13	-33	0	7001	10	85	0	6697
847	115	465	10	1049	1169	10	0	585	915
848	473	475	10	0	6958	10	0	392	6577
849	275	42	30	0	7065	10	0	736	6707
850	286	356	30	388	508	10	0	271	380
851	15	69	-31	1167	1287	10	462	0	968
852	267	44	-28	0	7068	10	54	0	6846
853	243	399	-18	939	1059	10	281	0	865
854	390	249	-20	0	7134	10	576	0	6668
855	210	391	30	566	686	10	0	448	539
856	433	15	20	1131	1251	10	0	829	953
857	24	259	19	0	7048	10	0	158	6725
858	12	463	-32	0	6955	10	812	0	1406
859	237	213	10	588	708	10	0	823	668
860	182	480	-10	1459	1579	10	45	0	1187
861	409	88	20	0	7048	10	0	809	990
862	244	368	-20	0	7156	10	106	0	4400
863	381	328	12	0	7122	10	0	685	6939
864	213	185	-10	0	7200	10	169	0	761
865	482	141	-20	0	7018	10	377	0	6587
866	319	124	20	0	7131	10	0	235	6959
867	141	431	-6	872	992	10	258	0	755
868	198	264	-10	0	7221	10	18	0	6941
869	69	334	-20	824	944	10	991	0	731
870	299	98	30	0	7115	10	0	232	4080
871	240	250	10	150	270	10	0	421	260
872	199	203	-22	5829	5949	10	86	0	5098
873	459	17	20	0	6961	10	0	701	6620
874	423	217	20	967	1087	10	0	245	910
875	477	179	20	891	1011	10	0	650	773
876	213	397	10	869	989	10	0	353	837
877	405	187	34	5002	5122	10	0	954	4954
878	269	402	20	811	931	10	0	55	777
879	53	204	-10	4220	4340	10	575	0	938
880	13	394	15	1490	1610	10	0	770	1332
881	15	68	-40	1211	1331	10	885	0	822
882	56	268	28	4256	4376	10	0	511	4181
883	360	184	10	0	7146	10	0	727	7007
884	307	102	-10	0	7116	10	670	0	931
885	130	57	40	930	1050	10	0	881	822
886	250	328	-21	995	1115	10	451	0	188
887	91	231	-20	801	921	10	808	0	644
888	479	176	20	946	1066	10	0	716	825
889	420	224	10	1716	1836	10	0	678	1664
890	461	182	13	0	7053	10	0	136	4005
891	418	218	-10	0	7103	10	958	0	6916
892	419	418	10	0	7036	10	0	680	1306
893	336	493	20	0	7017	10	0	149	6747
894	389	300	10	615	735	10	0	544	587
895	92	76	-21	0	7039	10	970	0	6630
896	476	102	-5	1345	1465	10	711	0	1166
897	418	399	20	1751	1871	10	0	250	1646
898	109	56	27	0	7035	10	0	411	6753
899	13	465	-30	3094	3214	10	805	0	2844
900	92	232	-20	0	7115	10	944	0	483
901	394	47	-20	0	7026	10	364	0	922
902	16	287	-24	1083	1203	10	694	0	848
903	399	102	20	1068	1188	10	0	836	977
904	143	158	12	0	7133	10	0	43	6926
905	18	484	-30	1300	1420	10	593	0	1038
906	250	411	30	0	7113	10	0	549	6939
907	19	273	25	0	7042	10	0	786	6754
908	365	28	9	1073	1193	10	0	380	942
909	387	297	-15	561	681	10	989	0	525
910	433	447	-2	0	7006	10	524	0	2735
911	214	274	24	0	7231	10	0	996	6835
912	489	338	-20	5589	5709	10	211	0	1145
913	130	494	-20	0	7003	10	101	0	439
914	23	67	-8	1557	1677	10	92	0	1301
915	374	489	20	1017	1137	10	0	128	867
916	126	30	-19	0	7022	10	94	0	6707
917	112	467	10	0	7017	10	0	697	6736
918	489	274	-25	2135	2255	10	275	0	234
919	61	214	-17	1367	1487	10	27	0	733
920	166	440	-1	0	7067	10	182	0	6741
921	56	75	-20	0	7013	10	137	0	6739
922	210	276	5	0	7227	10	0	417	6719
923	80	286	-11	0	7101	10	221	0	6084
924	17	459	10	1688	1808	10	0	785	1494
925	66	448	-30	1021	1141	10	427	0	860
926	351	128	-30	5013	5133	10	612	0	4938
927	352	176	20	0	7148	10	0	667	6866
928	490	286	29	0	7032	10	0	956	6732
929	247	219	17	65	185	10	0	732	153
930	86	268	10	0	7110	10	0	6	6930
931	398	329	17	611	731	10	0	144	563
932	272	402	10	638	758	10	0	107	604
933	317	123	20	761	881	10	0	371	737
934	408	318	15	0	7102	10	0	940	6576
935	66	31	-32	4194	4314	10	687	0	3931
936	425	448	-18	3178	3298	10	1	0	3002
937	35	304	30	870	990	10	0	176	768
938	471	94	-10	0	7004	10	813	0	1091
939	470	473	10	0	6961	10	0	948	1056
940	224	56	-15	0	7079	10	934	0	6576
941	343	47	20	0	7051	10	0	16	6656
942	52	18	-2	3428	3548	10	174	0	994
943	16	68	20	0	6978	10	0	266	1309
944	195	185	20	449	569	10	0	900	483
945	92	236	-30	0	7116	10	961	0	6905
946	76	462	-30	3824	3944	10	414	0	917
947	124	56	-35	865	985	10	508	0	697
948	481	454	-10	1282	1402	10	939	0	1056
949	477	483	20	1463	1583	10	0	224	1257
950	481	124	10	1134	1254	10	0	219	990
951	389	156	-10	0	7107	10	573	0	6803
952	384	16	-20	0	7005	10	273	0	6703
953	492	34	5	3242	3362	10	0	207	3037
954	371	200	-34	0	7144	10	877	0	4954
955	153	235	10	333	453	10	0	77	354
956	428	202	-29	0	7090	10	928	0	6732
957	257	391	22	0	7133	10	0	354	498
958	421	218	10	0	7101	10	0	891	6916
959	206	186	10	0	7197	10	0	500	7105
960	393	301	30	713	833	10	0	755	681
961	204	187	30	0	7196	10	0	945	6905
962	468	475	10	0	6961	10	0	290	1808
963	477	122	-10	1320	1440	10	345	0	1088
964	100	66	-15	5599	5719	10	241	0	5410
965	489	27	-3	0	6948	10	454	0	6570
966	12	451	20	0	6963	10	0	703	995
967	197	270	-12	0	7218	10	163	0	6881
968	311	422	-35	0	7092	10	439	0	1370
969	489	17	-20	0	6941	10	231	0	998
970	13	214	21	0	7035	10	0	895	6630
971	440	247	-20	0	7084	10	11	0	703
972	28	467	-10	5370	5490	10	355	0	617
973	388	325	10	0	7117	10	0	537	6931
974	270	401	-20	0	7122	10	56	0	1116
975	5	445	-27	0	6961	10	120	0	6611
976	198	271	20	337	457	10	0	822	400
977	480	131	5	2750	2870	10	0	35	2611
978	437	98	-11	4455	4575	10	131	0	1669
979	131	246	17	0	7155	10	0	139	1180
980	49	437	-20	1710	1830	10	845	0	559
981	270	49	30	0	7073	10	0	819	6772
982	337	41	8	0	7048	10	0	287	1147
983	318	280	-21	0	7200	10	677	0	3126
984	154	392	-10	0	7103	10	624	0	1278
985	493	111	26	0	6995	10	0	331	2328
986	399	450	-5	0	7025	10	442	0	6674
987	67	452	-8	1078	1198	10	111	0	811
988	34	239	-16	876	996	10	47	0	731
989	343	276	15	0	7178	10	0	909	525
990	393	12	10	0	6997	10	0	121	4243
991	236	247	20	0	7260	10	0	869	731
992	340	291	-9	0	7176	10	338	0	5672
993	3	292	-2	1022	1142	10	145	0	673
994	209	68	-18	6272	6392	10	435	0	6139
995	18	225	8	0	7041	10	0	382	6710
996	147	435	-24	0	7063	10	911	0	6835
997	335	99	-8	4874	4994	10	698	0	4660
998	485	24	20	1285	1405	0	0	1002	1078
999	470	475	30	0	6960	10	0	658	6611
1000	341	58	10	895	1015	10	0	96	802
1001	246	255	-10	0	7268	10	59	0	7261
1002	485	24	-20	1285	1405	10	998	0	1078
1003	307	249	-10	0	7217	10	269	0	7159
1004	196	489	-23	4121	4241	10	622	0	3995
1005	364	71	-5	0	7062	10	322	0	6849
1006	75	118	-21	1636	1756	10	254	0	1536
1007	241	180	-13	0	7204	10	317	0	7133
1008	346	354	-8	3270	3390	10	202	0	3248
1009	253	50	-27	903	1023	10	441	0	822
1010	272	234	-26	6361	6481	10	757	0	6453
1011	195	464	-20	6165	6285	10	113	0	6064
1012	303	186	-10	5417	5537	10	580	0	5453
1013	33	278	-18	5949	6069	10	433	0	5850
1014	243	408	-15	5735	5855	10	78	0	5696

