250	1000	1
0	250	250	0	0	7284	0	0	0
1	440	436	-20	0	7009	10	211	0	1145
2	214	394	10	0	7126	10	0	17	0
3	476	483	10	1419	1539	10	0	949	0
4	352	487	-13	3607	3727	10	598	0	0
5	230	197	40	486	606	10	0	485	0
6	175	239	23	0	7199	10	0	266	1309
7	133	202	33	1842	1962	10	0	799	0
8	328	458	-20	3071	3191	10	821	0	0
9	25	499	-10	1780	1900	10	126	0	1548
10	226	423	-20	788	908	10	440	0	0
11	313	282	-20	654	774	10	607	0	601
12	60	454	10	0	6996	10	0	359	2416
13	239	486	-12	0	7038	10	324	0	0
14	102	264	10	535	655	10	0	77	0
15	408	452	-19	0	7018	10	577	0	0
16	451	62	-10	0	6999	10	148	0	0
17	203	390	-10	0	7127	10	2	0	0
18	92	233	10	0	7116	10	0	988	768
19	7	300	30	1379	1499	10	0	696	1250
20	409	90	-10	1033	1153	10	523	0	0
21	307	108	-20	950	1070	10	933	0	737
22	347	54	10	1180	1300	10	0	96	1008
23	406	87	-20	1252	1372	10	861	0	0
24	371	332	-10	2118	2238	10	876	0	837
25	116	466	-29	1004	1124	10	668	0	0
26	441	265	-10	789	909	10	771	0	383
27	130	140	17	776	896	10	0	254	0
28	80	117	-20	3297	3417	10	525	0	0
29	421	387	-20	0	7055	10	392	0	3202
30	83	300	-30	0	7100	10	609	0	0
31	136	52	-10	0	7046	10	530	0	850
32	18	462	20	0	6960	10	0	111	3035
33	390	120	24	4017	4137	10	0	103	0
34	188	119	44	3899	4019	10	0	420	3874
35	467	114	10	1504	1624	10	0	750	1367
36	440	292	-10	3760	3880	10	184	0	0
37	268	400	20	973	1093	10	0	330	0
38	391	202	14	536	656	10	0	814	507
39	377	432	-19	3326	3446	10	256	0	895
40	80	290	10	790	910	10	0	258	735
41	439	15	20	1373	1493	10	0	183	0
42	307	52	23	3682	3802	10	0	502	3595
43	111	192	-19	0	7124	10	536	0	6084
44	131	56	10	1023	1143	10	0	174	0
45	88	286	-20	1010	1130	10	101	0	439
46	69	414	6	0	7030	10	0	551	3467
47	41	232	16	821	941	10	0	317	0
48	323	77	-10	5620	5740	10	534	0	0
49	340	416	36	0	7086	10	0	442	6790
50	86	199	-20	1111	1231	10	945	0	0
51	314	124	20	924	1044	10	0	723	902
52	375	191	-20	667	787	10	927	0	437
53	226	175	-20	0	7196	10	521	0	0
54	242	106	-10	5074	5194	10	239	0	4803
55	417	417	10	1328	1448	10	0	802	0
56	419	459	20	1265	1385	10	0	84	0
57	389	11	20	0	6998	10	0	195	0
58	450	416	-20	0	7015	10	986	0	0
59	246	255	10	450	570	10	0	839	0
60	71	333	10	775	895	10	0	160	0
61	105	474	-9	1883	2003	10	984	0	0
62	20	489	10	1533	1653	10	0	812	1321
63	388	331	20	580	700	10	0	472	539
64	92	259	-20	0	7116	10	116	0	0
65	200	261	10	666	786	10	0	618	0
66	400	288	30	0	7120	10	0	777	0
67	299	285	-40	5015	5135	10	225	0	503
68	378	199	10	829	949	10	0	683	811
69	325	147	-25	4747	4867	10	557	0	4654
70	421	386	-20	0	7056	10	897	0	1646
71	404	447	20	940	1060	10	0	149	809
72	412	478	7	0	6995	10	0	499	0
73	26	67	-15	5267	5387	10	688	0	4316
74	358	183	20	935	1055	10	0	573	0
75	30	302	-30	1066	1186	10	869	0	744
76	176	470	14	2187	2307	10	0	246	2074
77	96	270	-10	649	769	10	14	0	0
78	243	408	-10	5735	5855	10	671	0	0
79	60	29	-16	5451	5571	10	842	0	0
80	34	169	11	1938	2058	10	0	772	0
81	407	280	10	834	954	10	0	416	0
82	277	403	10	699	819	10	0	159	0
83	498	456	-30	5624	5744	10	639	0	924
84	384	491	-20	1391	1511	10	56	0	0
85	355	174	-10	2861	2981	10	681	0	0
86	97	288	-10	5136	5256	10	847	0	0
87	316	284	20	499	619	10	0	934	544
88	334	403	26	638	758	10	0	443	0
89	415	223	-10	1219	1339	10	492	0	0
90	230	320	-11	0	7202	10	619	0	3529
91	432	199	-20	2554	2674	10	707	0	859
92	92	18	-25	4497	4617	10	935	0	0
93	273	300	30	0	7219	10	0	999	0
94	269	112	-10	0	7135	10	709	0	953
95	429	389	-10	1696	1816	10	894	0	587
96	371	71	-10	1147	1267	10	22	0	1008
97	5	297	10	0	7025	10	0	185	4856
98	414	378	23	1979	2099	10	0	141	1890
99	38	15	-8	4364	4484	10	717	0	2154
100	2	295	-10	1223	1343	10	645	0	1004
101	237	254	20	333	453	10	0	45	439
102	54	445	10	1232	1352	10	0	489	0
103	382	110	-24	4450	4570	10	33	0	0
104	438	488	18	1309	1429	10	0	463	0
105	395	331	20	866	986	10	0	487	0
106	230	487	-33	4518	4638	10	208	0	0
107	249	407	-38	695	815	10	581	0	0
108	488	26	-30	0	6948	10	849	0	0
109	151	81	-10	0	7079	10	621	0	0
110	483	14	-20	1453	1573	10	998	0	0
111	0	422	-20	3284	3404	10	32	0	3035
112	429	67	-20	2929	3049	10	380	0	0
113	195	464	-27	6165	6285	10	120	0	0
114	356	256	19	365	485	10	0	491	378
115	264	180	-13	0	7203	10	413	0	0
116	94	235	20	0	7118	10	0	64	0
117	474	96	-30	1027	1147	10	298	0	703
118	268	52	-20	1222	1342	10	762	0	0
119	44	440	-30	3155	3275	10	937	0	768
120	7	382	27	0	6998	10	0	113	0
121	459	53	-10	4489	4609	10	353	0	1154
122	491	25	10	1634	1754	0	0	1001	1424
123	439	243	-10	1254	1374	10	303	0	1134
124	210	185	20	0	7198	10	0	961	7103
125	150	68	23	1691	1811	10	0	632	0
126	201	270	10	0	7222	10	0	9	1548
127	0	188	-20	3728	3848	10	206	0	0
128	103	464	-4	5092	5212	10	348	0	3059
129	325	56	-30	3186	3306	10	612	0	837
130	44	344	12	4318	4438	10	0	623	0
131	418	75	-20	1792	1912	10	896	0	1194
132	472	57	-20	0	6980	10	223	0	0
133	460	328	13	876	996	10	0	831	0
134	89	270	-10	814	934	10	635	0	723
135	374	190	20	573	693	10	0	778	0
136	463	253	-10	4188	4308	10	560	0	0
137	97	93	-20	962	1082	10	753	0	545
138	163	472	-25	2614	2734	10	815	0	0
139	29	336	-20	1326	1446	10	993	0	891
140	84	453	-10	4892	5012	10	924	0	1494
141	294	421	-23	6302	6422	10	98	0	1890
142	343	62	-10	1430	1550	10	169	0	0
143	371	193	20	0	7141	10	0	725	0
144	142	372	-20	0	7112	10	152	0	0
145	66	88	-10	0	7029	10	640	0	0
146	395	332	-10	0	7108	10	760	0	601
147	93	413	17	845	965	10	0	251	0
148	267	394	10	1037	1157	10	0	16	0
149	249	258	-20	0	7266	10	71	0	809
150	472	129	10	0	7022	10	0	620	3716
151	87	3	-8	5732	5852	10	879	0	0
152	62	326	20	1145	1265	10	0	144	0
153	212	186	-18	6886	7006	10	415	0	3010
154	241	402	-10	0	7122	10	261	0	0
155	439	266	-29	741	861	10	494	0	0
156	79	80	-20	5528	5648	10	943	0	1078
157	62	453	10	1179	1299	10	0	586	0
158	188	151	-12	5187	5307	10	391	0	0
159	386	154	-10	0	7108	10	82	0	0
160	38	301	-10	1182	1302	10	60	0	0
161	192	265	10	497	617	10	0	694	557
162	371	192	30	519	639	10	0	579	504
163	64	294	-10	0	7083	10	355	0	617
164	381	494	-22	1334	1454	10	957	0	1141
165	437	12	20	1318	1438	10	0	938	1135
166	186	135	-27	2871	2991	10	898	0	2630
167	459	10	10	0	6956	10	0	561	0
168	175	422	24	5786	5906	10	0	311	5718
169	274	48	10	845	965	10	0	142	0
170	488	173	-20	1115	1235	10	375	0	0
171	398	97	10	836	956	10	0	670	743
172	385	17	-30	3235	3355	10	981	0	1086
173	180	283	-10	2975	3095	10	374	0	677
174	71	12	-10	1172	1292	10	44	0	0
175	343	49	10	1060	1180	10	0	908	0
176	248	251	20	2	122	10	0	996	0
177	7	194	29	0	7025	10	0	970	5253
178	322	290	23	5916	6036	10	0	389	0
179	410	399	25	935	1055	10	0	218	0
180	398	103	-20	1114	1234	10	267	0	763
181	385	285	13	0	7135	10	0	544	6944
182	179	497	-6	0	7017	10	913	0	0
183	464	13	-20	1539	1659	10	41	0	0
184	492	335	10	3313	3433	10	0	36	0
185	27	464	-10	5164	5284	10	97	0	4856
186	231	29	-27	4905	5025	10	700	0	3681
187	157	38	3	4191	4311	10	0	406	4079
188	439	268	-17	1191	1311	10	931	0	563
189	149	214	7	0	7167	0	0	1008	0
190	187	73	18	1168	1288	10	0	781	0
191	429	169	8	3611	3731	10	0	611	3534
192	350	199	21	0	7162	10	0	588	7004
193	60	231	-19	4104	4224	10	857	0	3942
194	448	404	15	2396	2516	10	0	431	2265
195	481	20	-20	1388	1508	10	57	0	0
196	436	25	-20	5129	5249	10	517	0	4936
197	111	459	-30	1435	1555	10	867	0	0
198	389	17	-30	1463	1583	10	787	0	490
199	148	208	-30	2106	2226	10	743	0	1787
200	475	477	20	1618	1738	10	0	290	0
201	390	325	-20	1005	1125	10	210	0	875
202	346	354	8	3270	3390	10	0	631	0
203	91	266	-10	930	1050	10	923	0	842
204	17	65	20	1307	1427	10	0	422	1129
205	391	112	-5	4001	4121	10	977	0	2611
206	224	203	20	155	275	10	0	127	0
207	426	231	-10	4114	4234	10	883	0	0
208	260	472	33	4144	4264	10	0	106	0
209	265	0	-14	3584	3704	10	594	0	0
210	391	293	20	903	1023	10	0	201	875
211	411	421	20	1260	1380	10	0	1	1145
212	132	30	20	0	7025	10	0	506	6628
213	475	480	30	0	6953	10	0	662	6616
214	286	244	-16	5136	5256	10	669	0	4009
215	436	237	-10	0	7088	10	731	0	1061
216	402	284	-19	658	778	10	738	0	610
217	287	397	12	2257	2377	10	0	722	2225
218	272	420	-25	5543	5663	10	179	0	0
219	477	120	10	1368	1488	10	0	429	1226
220	145	434	20	932	1052	10	0	335	840
221	33	286	-20	6184	6304	10	367	0	6071
222	370	262	15	4398	4518	10	0	284	0
223	393	20	20	1563	1683	10	0	132	0
224	330	308	-4	4682	4802	10	430	0	4611
225	246	398	40	532	652	10	0	67	503
226	482	184	-9	4427	4547	10	390	0	4288
227	451	305	-30	774	894	10	960	0	674
228	226	316	-21	221	341	10	451	0	188
229	110	459	30	0	7023	10	0	511	6605
230	244	250	10	47	167	10	0	566	0
231	458	16	20	1192	1312	10	0	873	0
232	390	34	7	4241	4361	10	0	661	0
233	423	214	20	867	987	10	0	361	0
234	219	215	32	127	247	10	0	827	0
235	326	118	10	0	7122	10	0	474	742
236	365	74	-27	3394	3514	10	655	0	0
237	331	356	13	2847	2967	10	0	758	0
238	210	398	10	817	937	10	0	734	783
239	403	93	10	0	7055	10	0	54	4803
240	248	404	30	598	718	10	0	398	563
241	65	62	-10	3906	4026	10	955	0	354
242	460	13	-20	1287	1407	10	682	0	1066
243	0	293	30	1115	1235	10	0	634	0
244	211	248	26	96	216	10	0	372	0
245	484	174	10	1058	1178	10	0	493	931
246	175	352	-14	6660	6780	10	76	0	2074
247	455	168	-10	3467	3587	10	768	0	0
248	224	191	20	324	444	10	0	969	0
249	439	156	2	2103	2223	10	0	519	0
250	434	359	13	5569	5689	10	0	795	5475
251	118	314	-17	0	7128	10	147	0	0
252	234	246	10	259	379	10	0	835	0
253	406	450	20	1037	1157	0	0	1007	903
254	75	118	-17	1636	1756	10	27	0	0
255	115	395	-20	3261	3381	10	328	0	1151
256	329	456	19	996	1116	10	0	39	895
257	218	403	-20	5277	5397	10	315	0	730
258	149	341	-10	1616	1736	10	40	0	735
259	253	74	-30	5400	5520	10	385	0	0
260	436	241	-19	1309	1429	10	727	0	0
261	238	203	10	375	495	10	0	154	0
262	405	455	-27	0	7017	10	332	0	0
263	485	27	10	0	6951	10	0	379	6602
264	323	118	20	643	763	10	0	676	0
265	330	371	-20	2234	2354	10	327	0	0
266	25	65	-23	1505	1625	10	6	0	1309
267	406	96	20	863	983	10	0	180	763
268	49	451	-22	1120	1240	10	509	0	939
269	307	249	-20	5506	5626	10	983	0	0
270	178	135	-28	6055	6175	10	942	0	0
271	299	353	34	396	516	10	0	658	401
272	236	213	20	98	218	10	0	529	178
273	355	177	20	497	617	10	0	316	0
274	394	23	-10	1615	1735	10	732	0	0
275	306	235	25	172	292	10	0	629	0
276	90	477	-10	1051	1171	10	917	0	0
277	379	486	22	2687	2807	10	0	460	0
278	435	16	10	1470	1590	10	0	790	0
279	8	497	-22	0	6929	10	484	0	0
280	150	484	-20	2501	2621	10	466	0	0
281	213	399	18	936	1056	10	0	803	893
282	391	18	10	1511	1631	10	0	571	1359
283	111	392	-30	0	7076	10	782	0	1294
284	330	281	-15	5322	5442	10	222	0	0
285	344	203	14	669	789	10	0	323	0
286	91	235	10	1076	1196	10	0	811	1036
287	346	60	10	1285	1405	10	0	396	0
288	483	27	-10	1832	1952	10	965	0	0
289	382	498	10	1237	1357	10	0	546	0
290	457	492	-20	2032	2152	10	200	0	0
291	291	213	-15	5031	5151	10	926	0	4878
292	154	374	-30	0	7118	10	539	0	6837
293	225	196	-24	0	7215	10	748	0	0
294	94	40	-15	4272	4392	10	559	0	2913
295	0	356	-30	4345	4465	10	689	0	0
296	297	283	-9	0	7217	10	936	0	0
297	371	423	10	784	904	10	0	773	0
298	417	217	30	754	874	10	0	117	703
299	500	228	-22	0	7024	10	784	0	0
300	412	214	10	604	724	10	0	841	0
301	442	289	25	764	884	10	0	807	688
302	157	269	31	0	7180	10	0	868	7074
303	440	241	10	1205	1325	10	0	123	1134
304	100	266	20	586	706	10	0	503	0
305	111	178	18	566	686	10	0	418	529
306	91	101	10	1193	1313	10	0	462	0
307	25	307	-1	998	1118	10	538	0	311
308	135	400	-20	1194	1314	10	587	0	0
309	58	458	10	1291	1411	10	0	507	1127
310	133	26	-25	0	7022	10	497	0	0
311	211	386	-24	0	7133	10	168	0	5718
312	94	97	-20	856	976	10	808	0	0
313	30	155	-8	5122	5242	10	832	0	0
314	208	184	20	294	414	10	0	944	0
315	394	333	20	777	897	10	0	257	730
316	355	180	-20	549	669	10	273	0	0
317	241	180	-16	6778	6898	10	47	0	0
318	21	485	-20	1353	1473	10	366	0	1134
319	80	251	-10	1214	1334	10	647	0	0
320	476	61	-12	1795	1915	10	646	0	1503
321	406	94	10	911	1031	10	0	403	810
322	364	71	5	0	7062	10	0	643	4596
323	418	221	-14	0	7104	10	285	0	0
324	274	441	12	2778	2898	10	0	13	0
325	304	97	20	727	847	10	0	423	684
326	297	102	-20	0	7119	10	852	0	936
327	250	405	20	646	766	10	0	265	0
328	111	463	20	1286	1406	10	0	255	1151
329	408	279	-20	0	7114	10	691	0	0
330	263	418	-20	1114	1234	10	37	0	0
331	480	119	-22	2514	2634	10	780	0	2316
332	420	383	27	3928	4048	10	0	262	0
333	142	14	18	3341	3461	10	0	895	0
334	73	328	20	714	834	10	0	469	0
335	50	438	-20	1347	1467	10	220	0	840
336	441	7	-10	0	6965	10	1000	0	0
337	462	14	20	1588	1708	10	0	478	0
338	360	294	-17	5671	5791	10	912	0	0
339	58	39	-32	4652	4772	10	687	0	2309
340	58	391	-30	3529	3649	10	975	0	0
341	410	285	20	0	7111	10	0	483	940
342	96	97	20	808	928	10	0	995	0
343	21	64	20	1409	1529	10	0	914	0
344	238	210	30	0	7233	0	0	1002	7191
345	479	121	10	1231	1351	10	0	673	0
346	200	178	20	374	494	10	0	500	406
347	216	341	-8	2616	2736	10	698	0	0
348	48	437	4	3215	3335	10	0	128	3059
349	200	270	-20	236	356	10	991	0	288
350	357	181	20	598	718	10	0	591	590
351	476	174	-20	1297	1417	10	875	0	0
352	400	286	10	0	7120	10	0	854	6931
353	351	481	10	1287	1407	10	0	121	1154
354	270	400	10	545	665	10	0	968	0
355	95	234	10	653	773	10	0	163	617
356	128	113	22	1451	1571	10	0	759	0
357	133	455	25	0	7038	10	0	697	6781
358	16	463	20	0	6958	10	0	642	0
359	59	388	-10	2651	2771	10	12	0	2416
360	376	190	-5	621	741	10	711	0	572
361	481	122	-20	0	7010	10	233	0	0
362	266	405	-3	868	988	10	710	0	750
363	374	232	33	441	561	10	0	455	0
364	398	20	20	1076	1196	10	0	377	0
365	481	26	30	1227	1347	10	0	757	1025
366	63	444	20	0	7005	10	0	318	1134
367	89	290	20	0	7109	10	0	221	6071
368	246	314	-6	5781	5901	10	498	0	0
369	40	304	-10	0	7058	10	900	0	667
370	262	369	15	0	7155	10	0	853	0
371	323	29	-14	0	7042	10	564	0	814
372	89	65	-26	2881	3001	10	244	0	0
373	144	35	-20	0	7035	10	627	0	0
374	200	265	10	610	730	10	0	173	677
375	436	264	20	686	806	10	0	170	0
376	15	457	-10	0	6961	10	728	0	0
377	397	20	-20	0	7002	10	364	0	0
378	328	491	-10	2713	2833	10	532	0	0
379	399	175	-10	0	7108	10	263	0	6602
380	432	2	20	1866	1986	10	0	112	0
381	63	336	20	0	7069	10	0	626	1539
382	6	296	-4	0	7026	10	919	0	0
383	146	376	8	937	1057	10	0	834	0
384	295	247	-20	5214	5334	10	685	0	0
385	235	33	30	5348	5468	10	0	259	0
386	233	204	20	217	337	10	0	706	0
387	142	360	-11	6128	6248	10	785	0	4460
388	177	156	25	0	7155	10	0	947	0
389	315	287	-23	0	7200	10	178	0	0
390	452	172	9	0	7058	10	0	226	4288
391	263	153	12	1650	1770	10	0	158	0
392	493	493	20	3426	3546	10	0	29	3202
393	320	283	30	442	562	10	0	401	484
394	64	5	-10	0	6967	10	488	0	0
395	95	235	10	563	683	10	0	887	0
396	203	211	-10	5226	5346	10	287	0	0
397	16	497	20	1703	1823	10	0	770	1482
398	348	348	-30	3739	3859	10	240	0	563
399	485	104	-20	3178	3298	10	446	0	0
400	330	147	-22	3394	3514	10	992	0	0
401	443	237	-30	754	874	10	393	0	484
402	316	286	30	547	667	10	0	567	591
403	335	46	-10	0	7053	10	321	0	810
404	381	495	20	1290	1410	10	0	989	1132
405	364	173	30	721	841	10	0	576	0
406	267	162	-3	5797	5917	10	187	0	4079
407	214	245	8	85	205	10	0	615	168
408	92	234	10	0	7116	10	0	930	785
409	347	459	-20	0	7044	10	774	0	928
410	30	7	-10	4754	4874	10	816	0	1288
411	120	37	-24	3101	3221	10	921	0	0
412	397	153	-10	3530	3650	10	990	0	0
413	210	29	13	4203	4323	10	0	115	0
414	87	285	30	964	1084	10	0	822	856
415	132	32	18	3138	3258	10	0	153	3010
416	390	294	-10	949	1069	10	81	0	0
417	67	451	-9	0	7003	10	739	0	1167
418	24	68	-18	1658	1778	10	305	0	529
419	146	439	-12	1037	1157	10	920	0	0
420	209	212	-44	0	7219	10	34	0	3874
421	6	292	-20	970	1090	10	449	0	678
422	18	63	-20	1356	1476	10	204	0	1129
423	149	98	-20	4660	4780	10	325	0	684
424	91	268	-10	978	1098	10	793	0	0
425	103	177	28	0	7110	10	0	881	1016
426	367	178	20	721	841	10	0	675	703
427	225	269	30	5083	5203	10	0	590	5171
428	443	246	-24	919	1039	10	556	0	820
429	306	42	-10	1907	2027	10	219	0	1226
430	374	306	4	0	7138	10	0	224	4611
431	413	421	-15	0	7038	10	194	0	2265
432	470	405	-20	0	7005	10	828	0	0
433	33	278	18	5949	6069	10	0	735	5850
434	149	458	-18	4655	4775	10	946	0	0
435	257	57	-20	4904	5024	10	665	0	1273
436	272	403	30	0	7120	10	0	878	763
437	221	291	9	184	304	10	0	823	253
438	1	101	-20	5029	5149	10	464	0	4825
439	332	459	35	1475	1595	10	0	824	1370
440	220	392	20	0	7129	10	0	10	0
441	253	50	27	903	1023	10	0	820	822
442	250	441	-36	0	7083	10	49	0	6790
443	471	484	-26	0	6953	10	88	0	0
444	480	152	26	4086	4206	10	0	648	3955
445	404	83	-20	1194	1314	10	903	0	0
446	476	94	20	0	7000	10	0	399	0
447	458	213	-10	4513	4633	10	958	0	4411
448	215	395	20	968	1088	10	0	825	938
449	85	288	20	728	848	10	0	421	678
450	179	75	13	2960	3080	10	0	663	0
451	228	287	21	112	232	10	0	228	188
452	397	18	10	1168	1288	10	0	901	0
453	238	204	20	419	539	10	0	656	0
454	488	3	-30	1602	1722	10	616	0	1240
455	407	88	-33	1298	1418	10	363	0	0
456	459	14	20	1241	1361	10	0	829	1045
457	120	17	30	1116	1236	10	0	543	969
458	235	316	-12	0	7207	10	902	0	0
459	370	382	11	3535	3655	10	0	906	0
460	405	454	-22	5212	5332	10	277	0	0
461	17	458	-10	1732	1852	10	625	0	1523
462	43	135	-10	0	7038	10	306	0	0
463	318	497	-18	0	7018	10	104	0	0
464	199	268	20	0	7220	10	0	438	4825
465	111	467	-23	0	7017	10	666	0	0
466	138	438	20	1149	1269	10	0	280	0
467	172	314	9	2182	2302	10	0	922	0
468	494	468	-14	1410	1530	10	948	0	0
469	35	303	-20	0	7053	10	334	0	0
470	341	59	27	3159	3279	10	0	767	0
471	423	221	9	1033	1153	10	0	692	977
472	395	295	-20	845	965	10	63	0	539
473	413	417	10	1424	1544	10	0	893	0
474	339	60	-10	844	964	10	235	0	742
475	277	428	7	0	7094	10	0	804	0
476	176	199	28	299	419	10	0	904	329
477	265	240	9	18	138	10	0	813	0
478	365	190	-20	5910	6030	10	337	0	0
479	133	53	20	0	7045	10	0	653	947
480	387	488	20	1448	1568	10	0	680	0
481	385	295	20	509	629	10	0	892	486
482	491	369	28	2918	3038	10	0	495	0
483	445	273	-20	1031	1151	10	341	0	940
484	195	273	22	0	7215	10	0	279	0
485	313	493	-40	4772	4892	10	5	0	0
486	495	227	-37	1376	1496	10	672	0	820
487	241	403	-20	0	7121	10	105	0	0
488	30	72	10	1726	1846	10	0	394	0
489	21	487	-10	1401	1521	10	102	0	0
490	324	99	10	1352	1472	10	0	667	1303
491	453	318	-19	0	7060	10	114	0	378
492	443	272	10	0	7080	10	0	89	0
493	447	184	-10	1698	1818	10	245	0	931
494	366	288	29	0	7152	10	0	155	0
495	440	284	-28	0	7081	10	482	0	0
496	13	314	-20	975	1095	10	830	0	0
497	72	227	25	0	7095	10	0	310	0
498	377	385	6	3465	3585	10	0	368	0
499	477	478	-7	0	6953	10	72	0	0
500	204	185	-20	0	7195	10	346	0	406
501	226	191	20	372	492	10	0	701	428
502	330	138	-23	4438	4558	10	42	0	3595
503	185	434	-20	0	7079	10	304	0	0
504	483	22	-20	0	6949	10	856	0	0
505	71	282	-17	2567	2687	10	817	0	0
506	60	5	-20	0	6964	10	212	0	6628
507	189	402	-10	2144	2264	10	309	0	1127
508	134	211	-10	482	602	10	871	0	260
509	146	313	22	0	7153	10	0	268	939
510	21	146	-20	1947	2067	10	800	0	0
511	37	281	-30	0	7059	10	229	0	6605
512	416	417	20	1372	1492	10	0	524	1256
513	44	311	27	1630	1750	10	0	555	1535
514	361	181	20	0	7144	10	0	874	874
515	444	242	-10	862	982	10	542	0	0
516	444	271	10	982	1102	10	0	592	906
517	359	179	20	0	7144	10	0	196	4936
518	388	334	20	0	7113	10	0	973	0
519	401	164	-2	0	7101	10	249	0	0
520	499	316	-10	2487	2607	10	690	0	0
521	399	106	20	1207	1327	10	0	53	0
522	425	215	10	916	1036	10	0	918	0
523	407	98	10	814	934	10	0	20	0
524	406	460	-20	2877	2997	10	512	0	1256
525	88	95	20	0	7050	10	0	28	0
526	95	64	4	3064	3184	10	0	964	0
527	306	229	-20	5281	5401	10	599	0	0
528	273	55	20	725	845	10	0	810	648
529	384	149	-20	4789	4909	10	272	0	178
530	122	35	10	981	1101	10	0	31	850
531	308	199	-17	6033	6153	10	726	0	0
532	390	301	10	661	781	10	0	378	0
533	300	108	10	542	662	10	0	633	511
534	267	400	10	929	1049	10	0	48	0
535	8	300	10	1423	1543	10	0	836	0
536	105	181	19	6125	6245	10	0	43	6084
537	398	325	30	933	1053	10	0	603	887
538	166	247	1	276	396	10	0	307	311
539	140	431	30	0	7063	10	0	292	6837
540	253	118	19	2189	2309	0	0	1006	0
541	359	246	18	0	7165	10	0	729	0
542	321	277	10	244	364	10	0	515	0
543	168	59	-30	1464	1584	10	457	0	969
544	406	285	-13	0	7115	10	181	0	6944
545	391	334	20	724	844	10	0	863	679
546	437	19	-10	4056	4176	10	289	0	0
547	201	278	13	166	286	10	0	837	229
548	435	267	20	1291	1411	10	0	678	1225
549	245	408	-20	815	935	10	974	0	0
550	16	462	10	0	6959	10	0	905	0
551	107	374	-6	3657	3777	10	46	0	3467
552	477	97	-20	1131	1251	10	806	0	756
553	346	57	20	1233	1353	10	0	870	0
554	14	459	20	1343	1463	10	0	858	1147
555	102	6	-27	5834	5954	10	513	0	1535
556	359	287	24	0	7159	10	0	428	820
557	297	131	25	4662	4782	10	0	69	4654
558	282	1	18	4170	4290	10	0	714	4038
559	21	70	15	3085	3205	10	0	294	2913
560	440	244	10	0	7084	10	0	136	0
561	482	104	-10	3230	3350	10	167	0	0
562	120	261	-30	3173	3293	10	786	0	0
563	125	29	-10	1133	1253	10	916	0	0
564	292	32	14	917	1037	10	0	371	814
565	262	92	25	0	7116	10	0	652	3870
566	68	160	-10	0	7071	10	230	0	0
567	405	276	-30	937	1057	10	402	0	591
568	277	50	10	791	911	10	0	699	709
569	32	319	21	0	7046	10	0	880	1293
570	344	70	24	0	7071	10	0	866	6858
571	481	84	-10	2022	2142	10	282	0	1359
572	21	68	-10	1606	1726	10	851	0	990
573	441	244	-20	1108	1228	10	74	0	0
574	57	43	15	0	6991	10	0	605	0
575	1	293	-20	1071	1191	10	845	0	0
576	481	96	-30	1188	1308	10	405	0	0
577	471	368	19	1712	1832	10	0	15	0
578	236	126	23	439	559	10	0	809	0
579	406	99	-30	908	1028	10	162	0	504
580	303	186	10	5417	5537	0	0	1009	0
581	225	369	38	426	546	10	0	107	0
582	412	453	-10	1188	1308	10	859	0	0
583	104	349	20	4037	4157	10	0	745	0
584	173	182	25	351	471	10	0	885	0
585	111	464	-24	1242	1362	10	886	0	1037
586	53	440	-10	1292	1412	10	157	0	0
587	69	336	20	0	7074	10	0	308	0
588	359	182	-21	0	7146	10	192	0	7004
589	13	459	-30	0	6959	10	593	0	0
590	244	277	-30	5205	5325	10	427	0	5171
591	484	177	-20	1006	1126	10	350	0	590
592	452	206	-10	1969	2089	10	516	0	906
593	22	483	30	1244	1364	10	0	589	0
594	452	110	14	1361	1481	10	0	209	0
595	347	192	-34	5953	6073	10	877	0	0
596	95	92	-21	1011	1131	10	864	0	284
597	368	311	-20	3704	3824	10	737	0	0
598	479	387	13	1590	1710	10	0	4	0
599	479	169	20	1234	1354	10	0	527	0
600	497	266	25	2990	3110	0	0	1004	2862
601	66	336	10	1013	1133	10	0	911	929
602	376	195	10	724	844	10	0	928	706
603	401	281	-30	1044	1164	10	537	0	887
604	441	177	-10	4005	4125	10	889	0	0
605	231	203	-15	0	7224	10	574	0	0
606	21	488	-10	1445	1565	10	664	0	1017
607	231	204	20	601	721	10	0	11	601
608	122	422	3	5827	5947	10	0	679	5732
609	65	453	30	1127	1247	10	0	30	0
610	206	261	-20	0	7229	10	703	0	1081
611	466	149	-8	0	7036	10	191	0	3534
612	313	119	30	863	983	10	0	129	837
613	90	274	20	717	837	10	0	791	616
614	39	162	-30	2261	2381	10	788	0	0
615	35	306	-8	918	1038	10	407	0	168
616	437	15	30	1421	1541	10	0	454	1240
617	307	412	8	1615	1735	10	0	982	1563
618	79	291	-10	835	955	10	65	0	0
619	64	437	11	3673	3793	10	0	90	3529
620	376	92	-10	3962	4082	10	150	0	3716
621	129	27	10	1190	1310	10	0	109	0
622	196	489	23	4121	4241	10	0	972	3995
623	51	286	-12	5836	5956	10	130	0	0
624	20	488	-30	1489	1609	10	987	0	0
625	13	455	10	0	6961	10	0	461	1523
626	170	347	-20	1743	1863	10	381	0	1539
627	92	230	20	755	875	10	0	373	0
628	117	467	-30	958	1078	10	779	0	0
629	413	217	-25	656	776	10	275	0	0
630	405	450	-30	0	7021	10	719	0	0
631	394	322	-8	4099	4219	10	202	0	0
632	125	61	-23	2447	2567	10	125	0	0
633	238	123	-10	3124	3244	10	533	0	511
634	11	403	-30	1372	1492	10	243	0	0
635	89	272	10	766	886	10	0	134	723
636	304	102	30	0	7117	10	0	721	0
637	478	121	-20	1275	1395	10	888	0	0
638	408	84	10	1137	1257	10	0	736	0
639	376	494	30	1079	1199	10	0	83	924
640	20	73	10	1101	1221	10	0	145	0
641	159	299	-20	4062	4182	10	976	0	0
642	95	382	-20	0	7071	10	358	0	0
643	352	63	-5	4713	4833	10	322	0	4596
644	365	274	14	410	530	10	0	798	0
645	30	301	10	1110	1230	10	0	100	1004
646	351	5	12	0	7009	10	0	320	1503
647	197	267	10	435	555	10	0	319	0
648	498	171	-26	5026	5146	10	444	0	3955
649	468	352	-30	0	7034	10	755	0	0
650	418	251	21	4787	4907	10	0	718	0
651	489	437	-30	2827	2947	10	850	0	0
652	251	63	-25	3950	4070	10	565	0	3870
653	132	55	-20	1069	1189	10	479	0	947
654	281	96	-12	4503	4623	10	796	0	1378
655	333	293	27	2468	2588	10	0	236	0
656	255	487	-20	1592	1712	10	453	0	0
657	207	400	-30	762	882	10	855	0	539
658	469	489	-34	0	6950	10	271	0	401
659	244	254	20	401	521	10	0	907	513
660	233	207	10	165	285	10	0	708	238
661	441	60	-7	5835	5955	10	232	0	0
662	411	379	-30	0	7068	10	213	0	6616
663	178	72	-13	0	7082	10	450	0	0
664	51	447	10	1178	1298	10	0	606	1017
665	478	118	20	1417	1537	10	0	435	1273
666	141	426	23	0	7067	10	0	465	0
667	295	89	-10	2968	3088	10	490	0	1303
668	112	433	29	940	1060	10	0	25	0
669	320	211	16	3970	4090	10	0	214	4009
670	400	103	-10	1022	1142	10	171	0	743
671	408	453	10	1132	1252	10	0	78	0
672	435	180	37	898	1018	10	0	486	820
673	432	66	-10	4285	4405	10	345	0	0
674	374	116	-5	0	7092	10	953	0	0
675	478	102	-20	0	7003	10	426	0	703
676	335	57	-20	784	904	10	264	0	0
677	385	239	-23	3142	3262	10	801	0	3064
678	386	245	-20	1916	2036	10	548	0	1225
679	208	396	-3	0	7123	10	608	0	5732
680	380	489	-20	1516	1636	10	480	0	0
681	380	498	10	1189	1309	10	0	85	0
682	440	7	20	1255	1375	10	0	242	1066
683	434	245	-10	1367	1487	10	68	0	811
684	90	232	-30	0	7113	10	967	0	446
685	389	334	20	0	7112	10	0	384	0
686	241	205	-27	0	7229	10	994	0	0
687	18	24	32	2513	2633	10	0	339	2309
688	57	183	15	4401	4521	10	0	73	4316
689	59	457	30	0	6993	10	0	295	0
690	442	243	10	1154	1274	10	0	520	0
691	402	281	20	1000	1120	10	0	329	0
692	445	237	-9	0	7079	10	471	0	977
693	441	273	20	0	7082	0	0	1010	6889
694	31	175	-10	986	1106	10	161	0	557
695	234	202	10	319	439	10	0	724	0
696	52	303	-30	1765	1885	10	19	0	1250
697	167	445	-25	0	7063	10	357	0	6781
698	179	286	8	1365	1485	10	0	347	0
699	269	48	-10	1122	1242	10	568	0	709
700	165	59	27	3771	3891	10	0	186	3681
701	461	8	-20	0	6953	10	501	0	428
702	421	415	-10	941	1061	10	909	0	536
703	59	459	20	1245	1365	10	0	610	1081
704	24	492	10	1848	1968	10	0	747	0
705	55	449	-10	1054	1174	10	925	0	870
706	224	192	-20	280	400	10	386	0	0
707	444	269	20	934	1054	10	0	91	859
708	491	20	-10	1574	1694	10	660	0	238
709	313	126	10	973	1093	10	0	94	953
710	283	438	3	926	1046	10	0	362	750
711	352	241	5	0	7172	10	0	360	572
712	398	476	25	0	7004	10	0	962	0
713	442	247	10	0	7082	10	0	756	0
714	217	207	-18	5530	5650	10	558	0	4038
715	233	87	18	1010	1130	10	0	952	0
716	479	127	-20	1079	1199	10	776	0	818
717	6	53	8	2348	2468	10	0	99	2154
718	478	300	-21	0	7041	10	650	0	0
719	378	493	30	1127	1247	10	0	630	0
720	303	78	12	660	780	10	0	819	600
721	344	62	-30	1386	1506	10	636	0	0
722	371	315	-12	4663	4783	10	217	0	2225
723	200	78	-20	0	7095	10	51	0	902
724	413	391	-10	868	988	10	695	0	0
725	415	216	-20	705	825	10	143	0	0
726	397	57	17	5904	6024	10	0	531	0
727	293	228	19	0	7226	10	0	260	0
728	0	297	10	1171	1291	10	0	376	0
729	435	20	-18	0	6979	10	541	0	0
730	195	111	-14	3992	4112	10	765	0	0
731	417	218	10	1112	1232	10	0	215	1061
732	340	54	10	951	1071	10	0	274	0
733	132	57	20	978	1098	10	0	789	0
734	210	379	-10	2835	2955	10	238	0	783
735	228	260	-18	6422	6542	10	433	0	5850
736	399	104	-10	0	7066	10	638	0	0
737	95	277	20	1098	1218	10	0	597	0
738	360	284	19	0	7159	10	0	216	610
739	53	466	9	1340	1460	10	0	417	1167
740	112	465	10	1197	1317	10	0	860	1061
741	313	391	5	598	718	10	0	915	563
742	93	235	10	0	7117	10	0	882	0
743	125	32	30	0	7023	10	0	199	1787
744	215	282	-31	5762	5882	10	899	0	2894
745	224	320	-20	5135	5255	10	583	0	0
746	134	428	20	1232	1352	10	0	752	0
747	26	490	-10	1899	2019	10	704	0	0
748	44	115	24	925	1045	10	0	293	0
749	438	127	-7	3764	3884	10	775	0	0
750	239	15	-10	2415	2535	10	35	0	1367
751	342	54	20	999	1119	10	0	844	853
752	109	463	-20	1334	1454	10	746	0	0
753	199	187	20	507	627	10	0	137	545
754	201	188	10	555	675	10	0	959	595
755	399	301	30	777	897	10	0	649	0
756	484	171	-10	0	7028	10	713	0	0
757	272	234	-30	6361	6481	10	365	0	1025
758	380	350	-13	3466	3586	10	237	0	0
759	140	108	-22	0	7095	10	356	0	0
760	228	199	10	537	657	10	0	146	601
761	245	461	-17	2597	2717	10	929	0	0
762	305	107	20	901	1021	10	0	118	0
763	231	195	20	437	557	10	0	862	0
764	450	265	-30	865	985	10	792	0	338
765	273	149	14	0	7171	10	0	730	0
766	12	358	7	4897	5017	10	0	818	4755
767	315	121	-27	0	7130	10	470	0	0
768	420	213	10	814	934	10	0	247	0
769	331	134	-10	0	7133	10	932	0	604
770	84	377	-20	3705	3825	10	397	0	1482
771	320	280	10	340	460	10	0	26	383
772	89	185	-11	2399	2519	10	80	0	0
773	472	481	-10	1306	1426	10	297	0	0
774	422	420	20	1050	1170	10	0	409	928
775	475	267	7	3118	3238	10	0	749	0
776	470	125	20	952	1072	10	0	716	818
777	435	268	-30	1247	1367	10	66	0	0
778	409	155	-20	681	801	10	135	0	0
779	243	248	30	96	216	10	0	628	0
780	488	96	22	0	6991	10	0	331	2316
781	341	72	-18	3219	3339	10	190	0	0
782	58	449	30	1451	1571	10	0	283	1294
783	16	460	-20	1643	1763	10	966	0	0
784	480	136	22	0	7018	10	0	299	0
785	162	388	11	4504	4624	10	0	387	4460
786	47	208	30	906	1026	10	0	562	0
787	324	127	30	514	634	10	0	198	490
788	87	96	30	1127	1247	10	0	614	0
789	140	137	-20	2279	2399	10	733	0	0
790	314	205	-10	6107	6227	10	278	0	0
791	96	346	-20	741	861	10	613	0	616
792	321	280	30	296	416	10	0	764	338
793	245	251	10	5	125	10	0	424	0
794	436	295	11	2113	2233	10	0	843	0
795	274	261	-13	6828	6948	10	250	0	5475
796	271	128	12	1382	1502	10	0	654	1378
797	275	45	20	0	7068	10	0	872	5557
798	422	409	-14	0	7040	10	644	0	0
799	146	188	-33	0	7153	10	7	0	0
800	93	96	20	902	1022	10	0	510	0
801	409	255	23	0	7115	10	0	677	3064
802	449	428	-10	4987	5107	10	55	0	0
803	90	285	-18	1105	1225	10	281	0	893
804	415	95	-7	4707	4827	10	475	0	0
805	88	287	30	1054	1174	10	0	826	1007
806	379	196	20	776	896	10	0	552	756
807	368	452	-25	2680	2800	10	301	0	688
808	202	186	20	604	724	10	0	312	0
809	435	11	-23	1189	1309	10	578	0	0
810	269	46	-20	1074	1194	10	528	0	648
811	7	292	-10	0	7028	10	286	0	1036
812	44	496	-10	1607	1727	10	62	0	1321
813	478	99	-9	1245	1365	10	477	0	0
814	391	99	-14	766	886	10	38	0	507
815	132	477	25	1309	1429	10	0	138	0
816	24	65	10	1461	1581	10	0	410	1288
817	130	247	17	0	7154	10	0	505	0
818	133	273	-7	0	7155	10	766	0	4755
819	347	62	-12	1334	1454	10	720	0	600
820	404	140	-27	5035	5155	10	441	0	822
821	416	420	20	1159	1279	10	0	8	0
822	67	335	-30	967	1087	10	414	0	856
823	92	270	-9	1027	1147	10	437	0	253
824	411	95	-35	0	7051	10	439	0	1370
825	132	479	-20	0	7017	10	448	0	938
826	366	334	-30	1641	1761	10	805	0	1007
827	125	39	-32	921	1041	10	234	0	0
828	419	422	20	1105	1225	10	0	432	0
829	460	2	-20	1412	1532	10	456	0	1045
830	67	334	20	923	1043	10	0	496	0
831	448	414	-13	4891	5011	10	133	0	0
832	46	163	8	3704	3824	10	0	313	0
833	77	465	-30	1044	1164	10	838	0	870
834	284	319	-8	3267	3387	10	383	0	0
835	102	422	-10	905	1025	10	252	0	0
836	240	34	-10	6238	6358	10	535	0	0
837	141	428	-13	775	895	10	547	0	229
838	204	269	30	0	7225	10	0	833	870
839	144	439	-10	1085	1205	10	59	0	0
840	470	417	-10	2947	3067	10	848	0	0
841	404	103	-10	966	1086	10	300	0	0
842	5	281	16	0	7028	10	0	79	0
843	487	320	-11	0	7027	10	794	0	0
844	398	23	-20	1024	1144	10	751	0	853
845	90	296	20	606	726	10	0	575	0
846	386	13	10	1348	1468	10	0	985	1194
847	115	465	10	1049	1169	10	0	86	0
848	473	475	10	1669	1789	10	0	840	0
849	275	42	30	950	1070	10	0	108	0
850	286	356	30	388	508	10	0	651	0
851	15	69	10	1167	1287	10	0	572	990
852	267	44	20	1023	1143	10	0	326	936
853	243	399	-15	939	1059	10	370	0	0
854	390	249	-10	0	7134	10	352	0	6931
855	210	391	30	566	686	10	0	657	539
856	433	15	20	1131	1251	10	0	504	0
857	24	259	19	0	7048	10	0	193	3942
858	12	463	-20	0	6955	10	554	0	1147
859	237	213	10	588	708	10	0	582	0
860	182	480	-10	1459	1579	10	740	0	1061
861	409	88	20	1081	1201	10	0	23	0
862	244	368	-20	0	7156	10	763	0	0
863	381	328	-20	2869	2989	10	545	0	679
864	213	185	21	239	359	10	0	596	284
865	482	141	-24	0	7018	10	956	0	0
866	319	124	-24	0	7131	10	570	0	6858
867	141	431	30	872	992	10	0	197	0
868	198	264	-31	0	7221	10	302	0	7074
869	69	334	30	824	944	10	0	75	744
870	299	98	-20	0	7115	10	553	0	0
871	240	250	10	150	270	10	0	508	260
872	199	203	-20	5829	5949	10	797	0	5557
873	459	17	-20	1645	1765	10	231	0	0
874	423	217	-20	967	1087	10	514	0	874
875	477	179	20	891	1011	10	0	351	0
876	213	397	10	869	989	10	0	24	837
877	405	187	34	5002	5122	10	0	595	0
878	269	402	-30	811	931	10	436	0	763
879	53	204	8	4220	4340	10	0	151	0
880	13	394	-21	1490	1610	10	569	0	1293
881	15	68	-28	1211	1331	10	425	0	1016
882	56	268	-10	4256	4376	10	742	0	0
883	360	184	10	0	7146	10	0	207	0
884	307	102	-16	0	7116	10	978	0	0
885	130	57	-25	930	1050	10	584	0	0
886	250	328	24	995	1115	10	0	585	1037
887	91	231	-10	801	921	10	395	0	0
888	479	176	20	946	1066	10	0	637	0
889	420	224	10	1716	1836	10	0	604	0
890	461	182	-20	0	7053	10	971	0	6784
891	418	218	-10	1068	1188	10	954	0	886
892	419	418	-20	0	7036	10	481	0	486
893	336	493	-10	5972	6092	10	473	0	0
894	389	300	10	615	735	10	0	95	587
895	92	76	-18	0	7039	10	333	0	0
896	476	102	20	1345	1465	10	0	131	1194
897	418	399	20	1751	1871	10	0	70	1646
898	109	56	27	0	7035	10	0	166	2630
899	13	465	31	3094	3214	10	0	744	2894
900	92	232	10	707	827	10	0	369	667
901	394	47	-10	1252	1372	10	452	0	0
902	16	287	12	1083	1203	10	0	458	0
903	399	102	20	1068	1188	10	0	445	0
904	143	158	-28	0	7133	10	476	0	329
905	18	484	-10	1300	1420	10	550	0	0
906	250	411	-11	0	7113	10	459	0	0
907	19	273	-20	0	7042	10	659	0	513
908	365	28	-10	1073	1193	10	175	0	0
909	387	297	10	561	681	10	0	702	536
910	433	447	-10	3177	3297	10	939	0	1530
911	214	274	-10	0	7231	10	601	0	929
912	489	338	17	5589	5709	10	0	338	0
913	130	494	6	0	7003	10	0	182	0
914	23	67	-20	1557	1677	10	343	0	0
915	374	489	-5	1017	1137	10	741	0	563
916	126	30	10	1087	1207	10	0	563	0
917	112	467	10	1104	1224	10	0	276	0
918	489	274	-10	2135	2255	10	522	0	0
919	61	214	4	1367	1487	10	0	382	0
920	166	440	12	771	891	10	0	419	0
921	56	75	24	0	7013	10	0	411	0
922	210	276	-9	0	7227	10	467	0	0
923	80	286	10	896	1016	10	0	203	842
924	17	459	10	1688	1808	10	0	140	1494
925	66	448	10	1021	1141	10	0	705	870
926	351	128	15	5013	5133	10	0	291	4878
927	352	176	20	444	564	10	0	52	437
928	490	286	-10	0	7032	10	602	0	706
929	247	219	17	65	185	10	0	761	0
930	86	268	-10	869	989	10	408	0	785
931	398	329	17	611	731	10	0	188	563
932	272	402	10	638	758	10	0	769	604
933	317	123	20	761	881	10	0	21	737
934	408	318	-20	0	7102	10	87	0	544
935	66	31	25	4194	4314	10	0	92	0
936	425	448	9	3178	3298	10	0	296	0
937	35	304	30	870	990	10	0	119	768
938	471	94	-20	0	7004	10	165	0	1135
939	470	473	10	1724	1844	10	0	910	1530
940	224	56	-17	0	7079	10	979	0	6738
941	343	47	-27	0	7051	10	951	0	0
942	52	18	28	3428	3548	10	0	270	0
943	16	68	20	1255	1375	10	0	156	1078
944	195	185	-20	449	569	10	314	0	0
945	92	236	20	0	7116	10	0	50	0
946	76	462	18	3824	3944	10	0	434	0
947	124	56	-25	865	985	10	388	0	0
948	481	454	14	1282	1402	10	0	468	0
949	477	483	-10	1463	1583	10	3	0	0
950	481	124	10	1134	1254	10	0	963	0
951	389	156	27	2862	2982	10	0	941	0
952	384	16	-18	0	7005	10	715	0	0
953	492	34	5	3242	3362	10	0	674	0
954	371	200	10	897	1017	10	0	891	886
955	153	235	10	333	453	10	0	241	354
956	428	202	24	0	7090	10	0	865	0
957	257	391	22	0	7133	10	0	164	1141
958	421	218	10	0	7101	10	0	447	4411
959	206	186	-10	750	870	10	754	0	595
960	393	301	30	713	833	10	0	227	674
961	204	187	-20	0	7196	10	124	0	7103
962	468	475	-25	1193	1313	10	712	0	0
963	477	122	-10	1320	1440	10	950	0	0
964	100	66	-4	5599	5719	10	526	0	0
965	489	27	10	1685	1805	10	0	288	0
966	12	451	20	0	6963	10	0	783	0
967	197	270	30	383	503	10	0	684	446
968	311	422	-10	0	7092	10	354	0	0
969	489	17	-20	0	6941	10	248	0	0
970	13	214	-29	5414	5534	10	177	0	5253
971	440	247	20	0	7084	10	0	890	6784
972	28	467	-23	5370	5490	10	622	0	3995
973	388	325	-20	1053	1173	10	518	0	0
974	270	401	20	0	7122	10	0	549	0
975	5	445	30	0	6961	10	0	340	0
976	198	271	20	337	457	10	0	641	0
977	480	131	5	2750	2870	10	0	205	2611
978	437	98	16	4455	4575	10	0	884	0
979	131	246	17	0	7155	10	0	940	6738
980	49	437	7	1710	1830	0	0	1003	0
981	270	49	30	1168	1288	10	0	172	1086
982	337	41	-8	4009	4129	10	617	0	1563
983	318	280	20	0	7200	10	0	269	0
984	154	392	9	626	746	10	0	61	0
985	493	111	-10	0	6995	10	846	0	1194
986	399	450	20	0	7025	10	0	58	0
987	67	452	30	1078	1198	10	0	624	0
988	34	239	-10	876	996	10	18	0	768
989	343	276	-20	0	7178	10	404	0	1132
990	393	12	10	0	6997	10	0	412	0
991	236	247	20	210	330	10	0	349	288
992	340	291	22	1882	2002	10	0	400	0
993	3	292	20	1022	1142	10	0	139	891
994	209	68	27	6272	6392	10	0	686	0
995	18	225	-20	0	7041	10	342	0	0
996	147	435	-20	0	7063	10	176	0	0
997	335	99	25	4874	4994	0	0	1005	4820
998	485	24	20	1285	1405	10	0	110	0
999	470	475	-30	0	6960	10	93	0	0
1000	341	58	10	895	1015	10	0	336	0
1001	491	25	-10	1634	1754	10	122	0	1424
1002	238	210	-30	0	7233	10	344	0	7191
1003	49	437	-7	1710	1830	10	980	0	0
1004	497	266	-25	2990	3110	10	600	0	2862
1005	335	99	-25	4874	4994	10	997	0	4820
1006	253	118	-19	2189	2309	10	540	0	0
1007	406	450	-20	1037	1157	10	253	0	903
1008	149	214	-7	0	7167	10	189	0	0
1009	303	186	-10	5417	5537	10	580	0	0
1010	441	273	-20	0	7082	10	693	0	6889

