200	200	1
0	200	200	0	0	1676	0	0	0
1	385	56	-40	473	544	90	503	0	45
2	201	297	-10	805	855	90	709	0	491
3	57	353	10	364	418	90	0	35	156
4	201	386	-20	806	862	90	395	0	433
5	359	23	30	298	358	90	0	203	90
6	210	268	30	68	102	90	0	78	24
7	219	148	10	55	110	90	0	440	40
8	306	390	20	279	344	90	0	682	94
9	32	251	20	804	857	90	0	402	511
10	130	70	-10	956	1015	90	318	0	439
11	103	172	10	631	679	90	0	287	433
12	319	217	-20	648	704	90	450	0	365
13	99	241	20	173	225	90	0	666	86
14	368	102	-20	250	319	90	92	0	25
15	307	310	-30	587	635	90	718	0	159
16	158	366	-10	521	566	90	462	0	225
17	286	9	-20	551	606	90	479	0	86
18	267	161	-20	1079	1146	90	273	0	560
19	304	141	10	757	798	90	0	371	508
20	143	261	30	605	669	90	0	37	439
21	183	303	-10	442	493	90	212	0	155
22	218	284	20	905	965	90	0	701	651
23	318	335	40	708	767	90	0	677	440
24	53	330	30	624	690	90	0	344	370
25	233	208	30	93	155	90	0	298	90
26	113	179	-10	986	1037	90	472	0	640
27	109	170	20	151	220	90	0	448	93
28	276	16	10	199	241	90	0	72	22
29	128	93	-10	925	1000	90	763	0	155
30	221	379	30	430	494	90	0	774	235
31	185	386	10	602	689	90	0	54	376
32	14	210	10	623	677	90	0	799	368
33	180	375	10	176	227	90	0	627	24
34	164	69	30	135	188	90	0	601	20
35	53	354	-10	1020	1079	90	3	0	156
36	275	8	-20	625	696	90	466	0	285
37	142	260	-30	683	773	90	20	0	439
38	183	294	20	95	169	90	0	159	14
39	373	253	-20	618	666	90	625	0	162
40	15	100	10	356	426	90	0	84	161
41	51	288	10	236	291	90	0	474	88
42	131	130	40	336	403	90	0	207	221
43	184	343	-30	478	535	90	100	0	224
44	56	351	10	273	325	90	0	161	87
45	208	384	-20	236	312	90	249	0	28
46	204	87	-30	175	231	90	379	0	20
47	61	333	-30	913	969	90	579	0	502
48	313	194	-20	444	504	90	191	0	43
49	271	154	-20	145	213	90	56	0	25
50	314	399	-10	930	993	90	712	0	500
51	14	100	30	446	518	90	0	218	226
52	273	160	-10	813	860	90	416	0	509
53	359	38	10	478	520	90	0	555	219
54	173	381	-10	993	1053	90	31	0	376
55	153	368	-40	331	385	90	368	0	87
56	270	151	20	85	158	90	0	49	25
57	29	355	-20	490	517	90	302	0	92
58	310	395	10	747	804	90	0	261	435
59	312	200	30	533	608	0	0	828	372
60	107	247	20	818	879	90	0	426	581
61	126	91	-20	663	708	90	158	0	295
62	229	229	-10	667	724	90	487	0	89
63	196	293	-30	333	396	90	299	0	153
64	82	247	20	280	345	90	0	399	163
65	42	384	10	770	834	90	0	121	443
66	83	357	-40	923	978	90	475	0	451
67	280	282	-20	918	978	90	464	0	578
68	270	106	30	182	247	90	0	597	97
69	369	106	-30	810	875	90	346	0	151
70	393	272	10	447	508	90	0	667	226
71	93	62	-20	511	562	90	528	0	166
72	275	15	-10	259	321	90	28	0	22
73	372	104	20	629	688	90	0	289	368
74	134	98	10	121	175	90	0	221	40
75	339	41	-20	542	608	90	797	0	65
76	303	61	-20	966	1055	90	396	0	510
77	97	10	-30	550	614	90	116	0	228
78	211	274	-30	315	381	90	6	0	24
79	159	207	20	41	92	90	0	729	37
80	111	184	-10	616	668	90	274	0	362
81	155	206	-30	376	441	90	741	0	225
82	95	47	-40	900	952	90	342	0	91
83	18	100	20	265	331	90	0	735	92
84	21	96	-10	635	707	90	40	0	161
85	126	126	-10	624	674	90	201	0	160
86	102	169	-10	898	960	90	134	0	162
87	35	293	20	349	399	90	0	152	157
88	240	246	20	122	188	90	0	753	95
89	255	239	-20	591	646	90	115	0	50
90	179	383	-20	524	572	90	127	0	222
91	147	263	-20	324	387	90	737	0	153
92	367	104	20	192	272	90	0	14	25
93	277	154	20	430	485	90	0	734	296
94	179	336	-10	952	1001	90	256	0	154
95	157	205	20	557	625	90	0	394	429
96	231	243	10	685	755	0	0	838	526
97	92	50	-10	1081	1140	90	731	0	509
98	375	247	10	243	300	90	0	640	89
99	152	240	-20	308	370	90	400	0	86
100	187	341	30	383	444	90	0	43	224
101	234	214	-10	660	710	90	141	0	293
102	364	27	20	766	834	90	0	646	446
103	52	297	20	503	585	90	0	380	306
104	103	168	-10	984	1058	90	192	0	361
105	23	98	-30	1201	1254	90	217	0	38
106	153	107	-10	446	501	90	726	0	159
107	14	201	10	530	571	90	0	582	288
108	386	57	10	560	639	90	0	721	303
109	244	109	20	259	308	90	0	572	155
110	393	307	-10	649	706	90	126	0	97
111	96	235	-10	834	879	90	226	0	44
112	49	353	10	653	710	90	0	171	371
113	28	356	30	570	619	90	0	181	290
114	85	155	-20	651	714	90	277	0	42
115	248	243	20	64	132	90	0	89	50
116	94	13	30	457	519	90	0	77	228
117	134	279	30	102	158	90	0	156	41
118	158	64	-10	1030	1099	90	355	0	573
119	346	179	-10	777	839	90	543	0	226
120	20	127	-10	341	411	90	645	0	84
121	46	378	-10	956	1025	90	65	0	443
122	337	47	20	352	421	90	0	514	150
123	250	241	30	212	283	90	0	524	163
124	200	89	-20	736	799	90	636	0	299
125	289	11	-30	459	511	90	254	0	41
126	393	301	10	272	348	90	0	110	97
127	182	379	20	413	494	90	0	90	222
128	301	57	-10	599	678	90	247	0	95
129	111	170	10	93	146	0	0	831	39
130	249	239	-10	776	834	90	587	0	503
131	294	311	10	386	449	90	0	139	224
132	352	162	10	212	281	90	0	752	93
133	363	270	10	333	390	90	0	628	157
134	106	173	10	247	314	90	0	86	162
135	72	257	-20	1043	1105	90	180	0	92
136	311	334	10	1079	1141	90	0	166	725
137	305	336	20	171	246	90	0	356	55
138	22	125	10	193	258	90	0	789	48
139	293	310	-10	482	536	90	131	0	224
140	40	54	10	285	331	90	0	409	85
141	234	212	10	374	428	90	0	101	293
142	91	27	-20	623	704	90	654	0	154
143	351	153	-20	598	651	90	280	0	224
144	304	301	-30	855	926	90	369	0	45
145	291	301	20	135	219	90	0	470	62
146	92	162	-10	1110	1185	90	288	0	370
147	135	167	-10	228	278	90	732	0	86
148	300	132	-20	459	513	90	441	0	87
149	93	23	10	445	513	90	0	390	225
150	236	210	30	181	255	90	0	243	158
151	41	56	-10	1308	1359	90	387	0	724
152	114	250	-20	1000	1074	90	87	0	157
153	161	233	-20	499	564	90	372	0	305
154	344	283	20	704	749	90	0	296	437
155	346	385	10	301	350	90	0	540	85
156	129	278	-30	1010	1071	90	117	0	41
157	238	101	20	809	865	0	0	815	569
158	127	87	20	473	528	90	0	61	295
159	185	299	-20	171	210	90	38	0	14
160	37	56	-20	1023	1096	90	710	0	58
161	55	357	-10	462	509	90	44	0	87
162	272	154	20	234	305	90	0	476	164
163	158	283	10	238	311	90	0	725	163
164	298	137	10	269	330	90	0	708	160
165	266	116	10	650	717	0	0	826	457
166	306	329	-10	1172	1241	90	136	0	725
167	302	203	-20	821	885	90	738	0	88
168	115	257	10	339	412	90	0	367	232
169	329	241	20	300	363	90	0	206	170
170	362	28	10	864	920	90	0	683	512
171	53	347	-10	1294	1360	90	112	0	371
172	345	178	-10	872	926	90	439	0	92
173	244	106	40	433	501	90	0	283	297
174	149	234	10	61	107	90	0	278	34
175	84	359	20	834	881	90	0	699	513
176	243	244	30	61	126	90	0	315	48
177	122	281	-20	824	882	90	397	0	90
178	68	263	-20	585	634	90	547	0	291
179	84	363	20	265	323	90	0	557	92
180	68	254	20	200	266	90	0	135	92
181	32	357	-30	746	811	90	113	0	290
182	314	390	10	1122	1179	90	0	482	718
183	393	312	-20	928	989	90	544	0	47
184	82	365	-20	358	414	90	433	0	43
185	276	157	20	335	395	90	0	459	230
186	179	134	30	404	467	90	0	234	298
187	106	177	-20	440	489	90	786	0	223
188	140	264	20	421	485	90	0	357	297
189	172	383	-20	902	960	90	354	0	506
190	347	45	-30	639	710	90	505	0	90
191	305	198	20	105	163	90	0	48	43
192	100	175	10	536	585	90	0	104	361
193	168	178	20	103	156	90	0	257	87
194	177	379	10	1082	1152	90	0	238	728
195	280	290	20	271	335	90	0	768	160
196	165	63	10	478	542	90	0	684	300
197	308	393	-20	378	433	90	488	0	52
198	243	106	-20	529	588	90	321	0	223
199	210	141	20	215	280	90	0	334	165
200	366	251	-20	988	1044	90	571	0	229
201	131	131	10	244	312	90	0	85	160
202	129	134	30	810	867	90	0	376	577
203	369	19	-30	570	651	90	5	0	90
204	153	280	-30	996	1045	90	568	0	510
205	91	70	20	896	948	90	0	260	583
206	328	239	-20	489	550	90	169	0	170
207	131	127	-40	438	486	90	42	0	221
208	230	241	-20	786	837	90	350	0	449
209	20	204	20	328	393	90	0	795	159
210	116	181	20	1168	1224	90	0	525	853
211	371	244	20	176	244	90	0	588	50
212	182	300	10	260	309	90	0	21	155
213	49	291	-20	416	479	90	297	0	40
214	76	206	10	749	807	90	0	669	512
215	37	286	-30	710	780	90	484	0	370
216	349	275	10	408	486	90	0	785	228
217	21	104	30	203	254	90	0	105	38
218	17	96	-30	546	608	90	51	0	226
219	126	284	-10	734	783	90	675	0	160
220	154	288	20	614	674	90	0	363	431
221	129	85	-10	378	438	90	74	0	40
222	199	290	10	90	142	0	0	832	38
223	198	295	-20	598	681	90	370	0	91
224	237	109	-10	990	1060	90	457	0	164
225	385	55	20	386	449	90	0	680	160
226	101	239	10	106	166	90	0	111	44
227	54	348	-10	1206	1266	90	365	0	435
228	250	236	-20	869	928	90	546	0	95
229	65	298	-30	1355	1415	90	758	0	509
230	57	291	20	979	1034	90	0	490	648
231	230	225	-10	752	828	90	494	0	303
232	200	83	10	552	609	90	0	366	369
233	328	243	20	202	277	0	0	822	106
234	188	133	-30	688	746	90	186	0	298
235	88	150	10	274	333	90	0	518	157
236	113	183	-10	785	865	90	762	0	159
237	209	85	-20	363	415	90	794	0	156
238	174	375	-10	1168	1257	90	194	0	728
239	281	16	20	1020	1058	90	0	760	642
240	87	155	-20	830	900	90	702	0	301
241	85	67	10	790	862	0	0	814	514
242	125	95	-20	752	806	90	408	0	371
243	235	212	-30	279	341	90	150	0	158
244	153	281	-20	896	962	90	265	0	234
245	347	385	20	389	444	90	0	562	155
246	156	111	-20	632	704	90	615	0	53
247	302	60	10	226	300	90	0	128	95
248	75	368	10	453	516	90	0	631	229
249	207	381	20	181	232	90	0	45	28
250	38	49	20	741	793	90	0	780	428
251	110	254	20	441	502	90	0	515	297
252	102	252	-10	634	688	90	750	0	88
253	220	288	-20	624	689	90	489	0	49
254	295	19	30	204	260	90	0	125	41
255	344	176	10	145	207	0	0	819	45
256	188	338	10	295	345	90	0	94	154
257	167	174	-20	285	343	90	193	0	87
258	318	219	20	740	797	90	0	403	508
259	281	291	40	364	425	90	0	623	227
260	96	69	-20	1075	1141	90	205	0	583
261	314	396	-10	1024	1085	90	58	0	435
262	97	242	20	552	598	0	0	827	365
263	27	251	-20	620	670	90	453	0	87
264	166	170	-20	377	438	90	352	0	50
265	157	283	20	324	406	90	0	244	234
266	236	204	-20	937	1001	90	391	0	303
267	177	300	-20	911	968	90	759	0	222
268	75	206	-20	373	439	90	384	0	87
269	151	111	20	166	224	0	0	829	91
270	74	253	-10	649	719	90	313	0	225
271	350	182	20	599	645	90	0	330	370
272	360	46	-10	943	990	90	637	0	156
273	369	107	20	912	956	90	0	18	560
274	109	186	10	518	580	90	0	80	362
275	286	308	-10	942	1001	90	406	0	578
276	222	284	10	237	296	90	0	311	156
277	93	149	20	118	175	90	0	114	42
278	152	237	-10	221	271	90	174	0	34
279	152	109	30	346	415	90	0	553	234
280	357	160	20	407	462	90	0	143	224
281	395	310	10	737	806	90	0	534	436
282	179	338	-20	845	923	90	481	0	372
283	243	104	-40	715	767	90	173	0	297
284	40	53	-20	460	521	90	388	0	156
285	70	256	10	952	1012	0	0	820	652
286	396	59	-30	941	1011	90	746	0	365
287	103	171	-10	816	858	90	11	0	433
288	79	154	10	550	623	90	0	146	370
289	370	104	-20	717	785	90	73	0	368
290	110	188	-20	338	392	90	329	0	38
291	73	213	10	127	177	90	0	619	37
292	85	44	-20	612	679	90	493	0	33
293	361	39	30	567	616	90	0	724	291
294	344	49	20	827	892	90	0	548	511
295	48	326	20	436	501	90	0	581	227
296	344	280	-20	786	853	90	154	0	437
297	54	285	20	168	223	90	0	213	40
298	233	214	-30	458	530	90	25	0	90
299	197	293	30	249	298	90	0	63	153
300	21	201	20	421	486	90	0	689	230
301	78	246	-30	948	998	90	373	0	570
302	31	353	20	284	351	90	0	57	92
303	52	295	10	605	668	90	0	537	369
304	277	285	10	114	181	90	0	733	49
305	393	306	-20	464	526	90	594	0	161
306	268	114	-20	570	611	90	467	0	237
307	219	377	-20	520	591	90	744	0	92
308	99	16	20	209	268	90	0	787	43
309	51	354	-20	925	990	90	739	0	508
310	353	276	10	329	377	0	0	816	154
311	217	286	-10	812	875	90	276	0	156
312	359	178	-30	489	555	90	545	0	150
313	78	251	10	383	433	90	0	270	225
314	62	258	-20	385	456	90	663	0	158
315	237	247	-30	417	464	90	176	0	48
316	310	196	20	353	408	90	0	783	223
317	24	96	-10	1017	1073	90	455	0	580
318	128	68	10	673	737	90	0	10	439
319	383	273	10	197	262	90	0	694	48
320	362	272	30	239	299	90	0	638	91
321	245	106	20	351	402	90	0	198	223
322	39	285	-10	806	869	90	598	0	224
323	327	242	-10	679	726	90	504	0	243
324	127	279	10	920	977	90	0	361	652
325	162	69	-10	1124	1198	90	784	0	435
326	237	108	-20	906	963	90	790	0	371
327	129	288	-10	451	497	90	788	0	220
328	306	303	10	389	459	90	0	765	222
329	122	183	20	79	131	90	0	290	38
330	348	179	-20	682	749	90	271	0	370
331	127	286	-20	635	697	90	629	0	355
332	382	266	30	721	800	90	0	719	454
333	222	383	30	336	401	90	0	778	162
334	209	150	-20	593	642	90	199	0	165
335	308	296	30	205	268	90	0	688	92
336	161	182	20	479	542	0	0	840	374
337	340	388	10	1051	1104	90	0	340	652
338	253	243	-20	399	463	90	716	0	226
339	181	134	10	501	554	90	0	798	360
340	342	384	-10	1228	1296	90	337	0	652
341	301	58	10	324	386	90	0	381	158
342	90	53	40	242	305	90	0	82	91
343	131	132	-10	149	226	90	364	0	29
344	60	328	-30	1006	1065	90	24	0	370
345	281	155	10	519	585	0	0	835	369
346	369	100	30	357	398	90	0	69	151
347	358	23	20	237	304	90	0	606	50
348	53	353	-10	1117	1163	90	463	0	295
349	26	247	10	340	381	90	0	769	150
350	234	243	20	599	654	90	0	208	449
351	76	251	-10	562	621	90	714	0	49
352	172	178	20	35	103	90	0	264	50
353	74	201	-20	555	630	90	603	0	298
354	174	387	20	808	864	90	0	189	506
355	161	63	10	847	907	90	0	118	573
356	317	335	-20	620	674	90	137	0	55
357	140	260	-20	790	851	90	188	0	297
358	52	292	-10	698	761	90	796	0	157
359	290	311	30	566	638	90	0	643	371
360	89	154	-20	930	985	90	800	0	225
361	130	279	-10	1100	1164	90	324	0	652
362	273	12	-20	441	508	90	559	0	160
363	147	283	-20	808	859	90	220	0	431
364	135	134	10	92	149	90	0	343	29
365	49	352	10	750	795	90	0	227	435
366	195	91	-10	841	885	90	232	0	369
367	105	250	-10	720	789	90	168	0	232
368	159	367	40	226	299	90	0	55	87
369	304	297	30	142	203	90	0	144	45
370	197	292	20	151	214	90	0	223	91
371	300	144	-10	1015	1098	90	19	0	508
372	158	239	20	405	465	90	0	153	305
373	69	245	30	847	900	90	0	301	570
374	195	294	10	416	497	90	0	632	292
375	356	274	30	172	223	90	0	447	37
376	133	137	-30	903	964	90	202	0	577
377	91	150	10	173	249	90	0	425	96
378	46	292	30	179	223	90	0	421	25
379	203	88	30	112	174	90	0	46	20
380	55	291	-20	790	855	90	103	0	306
381	299	58	-10	418	477	90	341	0	158
382	158	364	-10	704	748	90	791	0	365
383	86	47	-10	528	577	90	509	0	152
384	72	210	20	197	245	90	0	268	87
385	132	279	-20	1197	1252	90	665	0	161
386	128	94	10	1029	1078	0	0	823	712
387	39	56	10	1121	1182	90	0	151	724
388	39	54	20	372	426	90	0	284	156
389	203	388	-30	530	589	90	761	0	155
390	92	26	-10	544	601	90	149	0	225
391	321	217	20	460	527	90	0	266	303
392	111	165	-20	1278	1324	90	460	0	707
393	232	232	20	479	541	0	0	839	371
394	155	202	-20	658	710	90	95	0	429
395	201	387	20	721	765	90	0	4	433
396	303	59	20	789	855	90	0	76	510
397	131	283	20	167	229	90	0	177	90
398	131	95	20	187	244	90	0	754	88
399	73	250	-20	752	804	90	64	0	163
400	150	236	20	130	177	90	0	99	86
401	278	7	-20	818	880	90	551	0	428
402	33	247	-20	895	955	90	9	0	511
403	234	203	-20	1033	1091	90	258	0	508
404	22	96	10	733	791	90	0	697	438
405	180	387	-10	712	768	90	442	0	159
406	287	307	10	851	910	90	0	275	578
407	129	98	-10	1218	1257	90	411	0	777
408	127	90	20	561	627	90	0	242	371
409	39	48	-10	647	705	90	140	0	85
410	316	336	-20	528	583	90	417	0	156
411	128	95	10	1117	1172	90	0	407	777
412	370	98	20	438	500	90	0	624	222
413	90	26	30	730	780	90	0	432	430
414	204	381	-10	1077	1145	90	687	0	227
415	363	24	20	489	536	90	0	693	222
416	277	163	10	705	777	90	0	52	509
417	315	341	20	335	391	90	0	410	156
418	222	283	20	146	205	90	0	532	89
419	109	167	-20	1177	1239	90	717	0	780
420	124	69	-20	770	829	90	736	0	92
421	41	297	-30	243	310	90	378	0	25
422	302	136	-30	551	609	90	549	0	231
423	108	186	10	430	485	90	0	591	293
424	321	209	30	121	186	90	0	776	26
425	92	155	-10	1014	1087	90	377	0	96
426	108	250	-20	900	982	90	60	0	581
427	100	243	20	261	321	90	0	635	159
428	113	184	-30	705	762	90	511	0	92
429	211	147	-10	494	554	90	612	0	238
430	41	52	30	551	612	90	0	541	296
431	25	118	-20	1009	1064	90	554	0	570
432	94	31	-30	917	971	90	413	0	430
433	87	365	20	199	258	90	0	184	43
434	300	62	20	170	236	90	0	703	49
435	34	385	-30	577	646	90	517	0	89
436	83	248	30	195	248	90	0	770	91
437	186	304	10	518	603	90	0	686	373
438	317	331	10	806	858	90	0	502	511
439	348	176	10	207	273	90	0	172	92
440	211	154	-10	676	749	90	7	0	40
441	298	138	20	185	232	90	0	148	87
442	182	378	10	334	391	90	0	405	159
443	100	6	20	1014	1069	0	0	804	638
444	279	12	20	912	977	0	0	806	579
445	308	396	10	467	530	90	0	564	229
446	275	287	10	175	241	90	0	533	94
447	363	267	-30	521	570	90	375	0	37
448	104	171	-20	717	776	90	27	0	93
449	391	271	-10	349	422	90	451	0	87
450	320	216	20	562	608	90	0	12	365
451	389	271	10	268	319	90	0	449	87
452	349	272	20	165	213	90	0	590	21
453	28	246	20	241	295	90	0	263	87
454	92	46	-20	731	755	90	531	0	221
455	24	93	10	913	990	90	0	317	580
456	307	59	-10	889	944	90	659	0	439
457	293	15	10	353	427	90	0	224	164
458	300	299	-20	952	1019	90	507	0	437
459	272	161	-20	899	956	90	185	0	230
460	24	121	20	1096	1164	90	0	392	707
461	152	263	20	79	139	0	0	836	44
462	156	367	10	428	474	90	0	16	225
463	48	361	10	552	616	90	0	348	295
464	280	283	20	827	886	90	0	67	578
465	31	357	-20	651	724	90	727	0	158
466	275	12	20	550	583	90	0	36	285
467	264	112	20	384	426	90	0	306	237
468	58	346	20	203	263	0	0	803	44
469	21	204	-20	236	302	90	530	0	24
470	295	307	-20	290	358	90	145	0	62
471	72	253	20	138	188	90	0	711	37
472	111	179	10	889	950	90	0	26	640
473	336	387	-20	954	1013	90	613	0	373
474	58	294	-10	1081	1118	90	41	0	88
475	84	360	40	733	800	90	0	66	451
476	278	159	-20	610	683	90	162	0	164
477	98	28	-20	259	321	90	642	0	22
478	346	155	-20	787	837	90	608	0	160
479	295	16	20	272	323	90	0	17	86
480	337	388	-40	872	912	90	679	0	437
481	182	338	20	568	636	90	0	282	372
482	308	389	-10	1217	1277	90	182	0	718
483	392	307	20	551	621	90	0	529	300
484	34	289	30	619	682	90	0	215	370
485	342	385	10	1140	1203	0	0	801	727
486	43	386	-20	680	740	90	757	0	50
487	227	231	10	103	161	90	0	62	89
488	302	392	20	217	287	90	0	197	52
489	221	281	20	83	150	90	0	253	49
490	60	293	-20	1163	1221	90	230	0	648
491	177	137	30	129	185	90	0	773	88
492	157	281	10	91	155	0	0	833	47
493	90	54	20	182	227	90	0	292	33
494	232	234	10	386	451	90	0	231	303
495	189	306	40	623	685	90	0	592	430
496	229	237	-10	300	349	90	656	0	150
497	126	70	-10	867	917	90	576	0	159
498	230	290	20	430	484	0	0	834	291
499	99	7	-10	913	987	90	764	0	90
500	171	179	-10	667	735	90	585	0	443
501	346	163	30	150	205	0	0	818	40
502	313	334	-10	895	959	90	438	0	511
503	382	54	40	233	294	90	0	1	45
504	329	236	10	394	458	90	0	323	243
505	335	47	30	265	325	90	0	190	90
506	17	125	20	535	585	90	0	730	290
507	305	306	20	679	733	90	0	458	437
508	356	41	20	222	285	90	0	681	31
509	89	51	10	343	389	90	0	383	152
510	47	328	-20	534	588	90	661	0	91
511	117	187	30	145	207	90	0	428	92
512	391	54	-10	843	915	90	573	0	93
513	299	141	10	930	998	0	0	824	662
514	336	42	-20	463	501	90	122	0	150
515	109	252	-20	534	595	90	251	0	297
516	324	216	20	282	337	90	0	622	158
517	40	380	30	302	360	90	0	435	89
518	86	154	-10	736	811	90	235	0	157
519	225	288	20	324	399	90	0	630	230
520	294	136	10	113	163	90	0	652	36
521	154	284	-20	526	574	90	672	0	91
522	361	269	30	617	660	0	0	817	363
523	181	339	20	657	731	90	0	602	443
524	257	239	-30	501	552	90	123	0	163
525	119	179	-20	1259	1321	90	210	0	853
526	346	48	30	738	797	0	0	805	439
527	238	250	-10	320	374	90	777	0	159
528	95	64	20	313	394	90	0	71	166
529	389	307	-20	1026	1085	90	483	0	300
530	22	205	20	178	232	90	0	469	24
531	89	48	20	434	484	90	0	454	221
532	217	289	-20	725	775	90	418	0	89
533	280	288	-10	457	518	90	446	0	94
534	389	306	-10	1117	1176	90	281	0	436
535	97	248	10	354	420	90	0	705	229
536	55	324	10	190	254	90	0	700	47
537	56	289	-10	886	944	90	303	0	369
538	187	338	-20	203	255	90	723	0	19
539	366	39	20	647	725	90	0	648	370
540	339	384	-10	1303	1356	90	155	0	85
541	40	56	-30	1215	1271	90	430	0	296
542	46	380	-40	871	926	90	775	0	223
543	351	177	10	393	455	90	0	119	226
544	393	297	20	216	280	90	0	183	47
545	351	176	30	312	353	90	0	312	150
546	249	242	20	120	192	90	0	228	95
547	63	262	20	475	553	90	0	178	291
548	346	53	-20	923	985	90	294	0	511
549	297	135	30	356	426	90	0	422	231
550	12	117	-30	727	773	90	639	0	358
551	279	4	20	728	783	90	0	401	428
552	291	308	-20	663	728	90	620	0	85
553	157	102	-30	542	596	90	279	0	234
554	15	116	20	906	968	90	0	431	570
555	364	43	-10	754	807	90	53	0	219
556	242	113	-10	151	227	90	695	0	28
557	82	360	-20	649	700	90	179	0	92
558	133	68	-30	409	451	90	593	0	42
559	274	14	20	349	414	90	0	362	160
560	34	242	30	171	224	90	0	586	39
561	331	251	20	140	205	90	0	575	48
562	344	391	-20	486	541	90	245	0	155
563	301	66	10	1083	1128	0	0	807	720
564	309	397	-10	656	712	90	445	0	229
565	213	271	10	413	470	90	0	649	298
566	397	313	20	842	887	0	0	802	494
567	348	280	10	611	653	90	0	596	363
568	150	284	30	701	779	90	0	204	510
569	172	180	-10	770	816	90	743	0	159
570	132	159	-30	511	579	90	651	0	229
571	376	254	20	428	490	90	0	200	229
572	242	105	-20	615	685	90	109	0	155
573	383	53	10	290	359	90	0	512	93
574	276	116	50	113	163	90	0	668	37
575	322	242	-20	859	918	90	561	0	48
576	134	63	10	304	365	90	0	497	159
577	158	206	20	99	167	90	0	626	93
578	237	213	20	748	807	90	0	618	575
579	52	334	30	815	869	90	0	47	502
580	101	10	-10	1114	1157	90	662	0	157
581	52	331	-20	712	785	90	295	0	227
582	17	209	-10	709	776	90	107	0	288
583	102	67	20	165	231	90	0	611	49
584	321	339	-10	430	489	90	617	0	89
585	167	180	10	584	630	90	0	500	443
586	29	250	-30	718	756	90	560	0	39
587	254	240	10	682	738	90	0	130	503
588	371	253	-20	698	769	90	211	0	50
589	203	384	-10	997	1040	90	660	0	370
590	350	271	-20	228	286	90	452	0	21
591	114	178	-10	1068	1136	90	423	0	293
592	186	306	-40	721	774	90	495	0	430
593	137	64	30	149	207	90	0	558	42
594	393	305	20	368	441	90	0	305	161
595	215	143	20	113	191	90	0	771	99
596	256	231	-10	971	1022	90	567	0	363
597	267	112	-30	469	527	90	68	0	97
598	33	293	10	440	491	90	0	322	224
599	94	70	-20	982	1049	90	767	0	360
600	166	67	30	292	351	90	0	678	160
601	164	66	-30	202	256	90	34	0	20
602	183	332	-20	1042	1103	90	523	0	443
603	73	203	20	476	525	90	0	353	298
604	232	230	-10	569	636	90	658	0	47
605	345	158	-10	874	936	90	692	0	442
606	360	23	-20	379	460	90	347	0	50
607	142	262	-40	524	567	90	722	0	82
608	353	164	20	306	371	90	0	478	160
609	129	67	-30	582	645	90	720	0	302
610	308	204	-10	730	784	90	674	0	154
611	82	65	-20	701	763	90	583	0	49
612	210	144	10	306	375	90	0	429	238
613	341	394	20	672	738	90	0	473	373
614	26	250	30	425	483	0	0	813	226
615	148	112	20	102	174	90	0	246	53
616	177	138	40	66	128	90	0	676	46
617	313	340	10	243	299	90	0	584	89
618	240	210	-20	837	908	90	578	0	575
619	75	208	-10	292	337	90	291	0	37
620	293	306	20	208	255	90	0	552	85
621	372	256	20	796	858	0	0	812	507
622	324	217	-20	369	432	90	516	0	158
623	282	282	-40	735	794	90	259	0	227
624	374	104	-20	542	592	90	412	0	222
625	376	251	20	332	400	90	0	39	162
626	156	207	-20	186	265	90	577	0	93
627	183	375	-10	236	302	90	33	0	24
628	364	267	-10	427	481	90	133	0	157
629	129	293	20	547	591	90	0	331	355
630	220	296	-20	527	590	90	519	0	230
631	75	367	-10	545	606	90	248	0	229
632	196	295	-10	519	576	90	374	0	292
633	97	6	-20	822	893	90	747	0	430
634	93	51	-10	1170	1233	90	728	0	651
635	95	243	-20	459	507	90	427	0	159
636	206	81	20	449	519	90	0	124	299
637	357	39	10	379	434	90	0	272	156
638	358	266	-30	700	765	90	320	0	91
639	16	120	30	623	687	90	0	550	358
640	374	253	-10	531	570	90	98	0	89
641	99	67	10	233	283	90	0	696	86
642	99	28	20	199	260	90	0	477	22
643	289	306	-30	766	811	90	359	0	371
644	210	271	20	129	195	90	0	691	89
645	21	125	10	261	307	90	0	120	84
646	359	30	-20	1058	1100	90	102	0	446
647	327	241	20	578	645	90	0	715	383
648	361	44	-20	855	893	90	539	0	370
649	211	266	-10	496	579	90	565	0	298
650	29	59	20	928	993	0	0	830	578
651	132	170	30	316	380	90	0	570	229
652	310	143	-10	651	710	90	520	0	36
653	139	161	-10	617	667	90	706	0	50
654	97	29	20	358	406	90	0	142	154
655	35	291	10	520	596	0	0	810	305
656	227	240	10	213	249	90	0	496	150
657	175	299	-20	1013	1051	90	740	0	60
658	227	229	10	39	103	90	0	604	47
659	303	58	10	701	761	90	0	456	439
660	203	387	10	621	681	90	0	589	370
661	53	326	20	253	315	90	0	510	91
662	96	14	10	368	423	90	0	580	157
663	66	254	20	294	356	90	0	314	158
664	214	378	20	178	240	90	0	792	46
665	41	382	20	390	457	90	0	385	161
666	96	237	-20	736	792	90	13	0	86
667	388	267	-10	639	690	90	70	0	226
668	263	110	-50	281	345	90	574	0	37
669	79	209	-10	937	987	90	214	0	512
670	168	62	20	388	444	90	0	742	226
671	76	207	-10	838	899	90	793	0	443
672	157	282	20	151	214	90	0	521	91
673	345	382	20	232	289	90	0	782	42
674	308	196	10	264	314	90	0	610	154
675	130	286	10	258	325	90	0	219	160
676	176	132	-40	229	275	90	616	0	46
677	313	335	-40	992	1043	90	23	0	440
678	164	62	-30	580	622	90	600	0	160
679	338	391	40	753	845	90	0	480	437
680	390	52	-20	748	825	90	225	0	160
681	355	39	-20	272	357	90	508	0	31
682	309	399	-20	570	614	90	8	0	94
683	363	30	-10	954	1015	90	170	0	512
684	162	61	-10	750	820	90	196	0	300
685	129	132	-10	719	773	90	704	0	360
686	179	305	-10	816	873	90	437	0	373
687	207	391	10	435	495	90	0	414	227
688	305	304	-30	776	820	90	335	0	92
689	22	210	-20	1000	1043	90	300	0	230
690	114	254	-20	247	318	90	779	0	40
691	208	274	-20	225	285	90	644	0	89
692	349	157	10	693	745	90	0	605	442
693	364	25	-20	672	745	90	415	0	222
694	391	269	-10	544	598	90	319	0	48
695	244	114	10	96	155	90	0	556	28
696	95	63	-10	420	468	90	641	0	86
697	23	97	-10	1105	1168	90	404	0	438
698	32	352	30	226	295	90	0	756	51
699	86	357	-20	1107	1160	90	175	0	513
700	51	326	-10	344	408	90	536	0	47
701	220	283	-20	1008	1047	90	22	0	651
702	87	153	20	452	525	90	0	240	301
703	299	52	-20	517	570	90	434	0	49
704	129	124	10	526	585	90	0	685	360
705	93	237	-10	637	706	90	535	0	229
706	142	168	10	66	133	90	0	653	50
707	204	385	10	900	954	0	0	811	576
708	301	139	-10	843	898	90	164	0	160
709	197	300	10	714	756	90	0	2	491
710	44	54	20	213	291	90	0	160	58
711	70	264	-20	679	724	90	471	0	37
712	311	395	10	842	892	90	0	50	500
713	229	209	20	30	98	90	0	749	50
714	84	252	10	127	193	90	0	351	49
715	323	243	-20	761	833	90	647	0	383
716	251	241	20	308	368	90	0	338	226
717	103	167	20	1078	1146	90	0	419	780
718	308	301	30	303	360	90	0	15	159
719	367	255	-30	905	939	90	332	0	454
720	131	67	30	488	556	90	0	609	302
721	386	60	-10	1042	1110	90	108	0	303
722	151	264	40	152	190	90	0	607	82
723	186	336	20	136	200	90	0	538	19
724	359	49	-30	1022	1096	90	293	0	291
725	154	282	-10	436	480	90	163	0	163
726	150	108	10	259	318	90	0	106	159
727	28	353	20	380	442	90	0	465	158
728	93	48	10	982	1054	90	0	634	651
729	156	206	-20	470	528	90	79	0	37
730	11	115	-20	810	875	90	506	0	290
731	93	47	10	802	866	90	0	97	509
732	138	168	10	135	185	90	0	147	86
733	280	287	-10	545	612	90	304	0	49
734	268	160	-20	995	1049	90	93	0	296
735	20	91	-20	824	891	90	83	0	92
736	134	62	20	211	276	90	0	420	92
737	147	264	20	241	288	90	0	91	153
738	307	196	20	170	225	90	0	167	88
739	49	351	20	837	891	90	0	309	508
740	160	366	20	170	251	90	0	657	60
741	154	206	30	288	347	90	0	81	225
742	156	63	-20	942	1001	90	670	0	226
743	168	177	10	189	252	90	0	569	159
744	220	381	20	245	306	90	0	307	92
745	68	261	20	766	824	90	0	781	508
746	389	54	30	663	726	90	0	286	365
747	96	8	20	739	793	90	0	633	430
748	126	161	20	414	482	0	0	837	298
749	231	219	-20	568	610	90	713	0	50
750	114	252	10	163	219	90	0	252	88
751	89	29	30	809	888	0	0	809	513
752	355	156	-10	503	556	90	132	0	93
753	236	243	-20	498	572	90	88	0	95
754	127	94	-20	846	897	90	398	0	88
755	176	342	10	757	821	0	0	821	507
756	62	301	-30	1266	1315	90	698	0	51
757	41	378	20	238	306	90	0	486	50
758	34	355	30	837	906	90	0	229	509
759	183	301	20	352	399	90	0	267	222
760	277	19	-20	1103	1165	90	239	0	642
761	211	389	30	343	397	90	0	389	155
762	115	185	10	240	299	90	0	236	159
763	133	94	10	283	333	90	0	29	155
764	98	13	10	273	334	90	0	499	90
765	306	306	-10	496	538	90	328	0	222
766	85	358	10	1020	1065	0	0	808	652
767	93	59	20	601	658	90	0	599	360
768	282	283	-20	639	707	90	195	0	160
769	25	256	-10	517	582	90	349	0	150
770	76	250	-30	470	532	90	436	0	91
771	212	146	-20	400	465	90	595	0	99
772	202	85	10	640	706	0	0	825	443
773	178	133	-30	309	379	90	491	0	88
774	204	292	-30	987	1051	90	30	0	235
775	39	384	40	488	543	90	0	542	223
776	321	212	-30	178	250	90	424	0	26
777	239	254	10	221	285	90	0	527	159
778	206	296	-30	893	956	90	333	0	162
779	116	252	20	98	153	90	0	690	40
780	33	56	-20	829	903	90	250	0	428
781	67	258	-20	858	919	90	745	0	508
782	347	395	-20	575	643	90	673	0	42
783	310	200	-20	638	688	90	316	0	223
784	163	63	10	662	723	90	0	325	435
785	348	279	-10	516	565	90	216	0	228
786	106	174	20	342	401	90	0	187	223
787	95	8	-20	649	701	90	308	0	43
788	129	287	10	350	415	90	0	327	220
789	19	127	-10	433	502	90	138	0	48
790	286	17	20	656	698	90	0	326	371
791	158	365	10	605	664	90	0	382	365
792	223	372	-20	621	682	90	664	0	46
793	75	203	10	652	717	90	0	671	443
794	207	87	20	265	327	90	0	237	156
795	19	206	-20	904	949	90	209	0	159
796	49	289	10	325	385	90	0	358	157
797	335	50	20	201	289	90	0	75	65
798	181	132	-10	599	641	90	339	0	360
799	18	208	-10	805	864	90	32	0	368
800	89	152	20	372	421	90	0	360	225
801	342	385	-10	1140	1203	90	485	0	727
802	397	313	-20	842	887	90	566	0	494
803	58	346	-20	203	263	90	468	0	44
804	100	6	-20	1014	1069	90	443	0	638
805	346	48	-30	738	797	90	526	0	439
806	279	12	-20	912	977	90	444	0	579
807	301	66	-10	1083	1128	90	563	0	720
808	85	358	-10	1020	1065	90	766	0	652
809	89	29	-30	809	888	90	751	0	513
810	35	291	-10	520	596	90	655	0	305
811	204	385	-10	900	954	90	707	0	576
812	372	256	-20	796	858	90	621	0	507
813	26	250	-30	425	483	90	614	0	226
814	85	67	-10	790	862	90	241	0	514
815	238	101	-20	809	865	90	157	0	569
816	353	276	-10	329	377	90	310	0	154
817	361	269	-30	617	660	90	522	0	363
818	346	163	-30	150	205	90	501	0	40
819	344	176	-10	145	207	90	255	0	45
820	70	256	-10	952	1012	90	285	0	652
821	176	342	-10	757	821	90	755	0	507
822	328	243	-20	202	277	90	233	0	106
823	128	94	-10	1029	1078	90	386	0	712
824	299	141	-10	930	998	90	513	0	662
825	202	85	-10	640	706	90	772	0	443
826	266	116	-10	650	717	90	165	0	457
827	97	242	-20	552	598	90	262	0	365
828	312	200	-30	533	608	90	59	0	372
829	151	111	-20	166	224	90	269	0	91
830	29	59	-20	928	993	90	650	0	578
831	111	170	-10	93	146	90	129	0	39
832	199	290	-10	90	142	90	222	0	38
833	157	281	-10	91	155	90	492	0	47
834	230	290	-20	430	484	90	498	0	291
835	281	155	-10	519	585	90	345	0	369
836	152	263	-20	79	139	90	461	0	44
837	126	161	-20	414	482	90	748	0	298
838	231	243	-10	685	755	90	96	0	526
839	232	232	-20	479	541	90	393	0	371
840	161	182	-20	479	542	90	336	0	374

