200	700	1
0	200	200	0	0	3811	0	0	0
1	271	343	-30	0	3562	90	73	0	0
2	85	208	20	221	381	90	0	507	0
3	82	179	-20	0	3602	90	113	0	0
4	132	172	10	2012	2172	90	0	656	0
5	278	109	10	0	3602	90	0	355	0
6	117	170	-20	0	3633	90	374	0	0
7	96	113	20	0	3586	90	0	527	0
8	165	85	-30	0	3601	90	446	0	0
9	371	171	10	0	3548	90	0	285	0
10	141	105	20	1952	2112	90	0	317	2000
11	150	77	-10	1866	2026	90	739	0	0
12	75	208	-10	3001	3161	90	153	0	956
13	287	233	-10	2117	2277	90	686	0	2084
14	113	92	30	0	3583	90	0	646	0
15	271	375	30	1248	1408	90	0	130	0
16	201	206	20	16	176	90	0	680	169
17	352	291	-10	1802	1962	90	126	0	0
18	368	125	-20	0	3538	90	618	0	0
19	216	84	-10	2122	2282	90	86	0	0
20	183	37	-10	0	3558	90	350	0	0
21	235	115	20	494	654	90	0	437	0
22	273	345	20	3154	3314	90	0	392	0
23	150	178	10	0	3667	90	0	487	0
24	190	186	-30	0	3704	90	445	0	0
25	280	24	20	0	3528	90	0	757	3033
26	282	95	-20	0	3588	90	208	0	1023
27	261	268	-10	0	3630	90	68	0	0
28	212	93	-30	0	3614	90	541	0	0
29	228	162	-20	1788	1948	90	441	0	0
30	379	136	20	0	3531	90	0	72	0
31	72	221	20	2523	2683	90	0	634	0
32	73	195	20	701	861	90	0	237	0
33	351	272	-20	2704	2864	90	784	0	0
34	57	183	-10	2204	2364	90	429	0	0
35	106	50	20	1411	1571	90	0	406	0
36	264	253	-10	1237	1397	90	135	0	0
37	70	184	20	130	290	90	0	577	0
38	255	15	20	498	658	90	0	157	0
39	270	355	-10	2870	3030	90	348	0	0
40	380	135	20	1773	1933	90	0	141	0
41	110	84	-20	716	876	90	711	0	398
42	355	192	10	0	3566	90	0	662	0
43	77	209	20	0	3598	90	0	683	0
44	93	65	-10	0	3549	90	199	0	1097
45	183	156	-10	0	3674	90	493	0	0
46	182	78	-10	0	3598	90	171	0	0
47	237	373	-10	490	650	90	594	0	0
48	134	251	-10	2801	2961	90	49	0	2784
49	136	240	10	0	3646	90	0	48	2784
50	267	125	20	1290	1450	90	0	53	0
51	197	184	-20	521	681	90	796	0	259
52	167	156	20	0	3666	90	0	617	3520
53	268	124	-20	0	3620	90	50	0	0
54	127	62	10	1206	1366	90	0	320	1209
55	127	180	-10	0	3646	90	77	0	0
56	127	350	10	1028	1188	90	0	69	0
57	146	373	-10	0	3540	90	761	0	0
58	67	109	10	0	3560	90	0	440	0
59	121	232	10	2126	2286	90	0	431	0
60	134	195	-20	649	809	90	702	0	0
61	96	104	20	948	1108	90	0	335	966
62	112	65	-10	0	3560	90	337	0	0
63	351	267	-30	0	3556	90	669	0	0
64	34	58	-20	2200	2360	90	259	0	0
65	312	217	-10	2481	2641	90	255	0	0
66	143	180	-20	0	3661	90	116	0	0
67	63	184	-10	2390	2550	90	468	0	0
68	282	248	10	2406	2566	90	0	27	0
69	152	363	-10	0	3552	90	56	0	0
70	234	361	-20	2844	3004	90	453	0	0
71	282	198	-20	0	3639	90	341	0	0
72	377	124	-20	2163	2323	90	30	0	0
73	252	365	30	0	3548	90	0	1	0
74	90	121	10	0	3586	90	0	648	0
75	253	205	10	63	223	90	0	365	0
76	137	364	20	0	3546	90	0	168	3270
77	93	145	10	0	3601	90	0	55	0
78	79	139	-20	0	3586	90	776	0	535
79	343	161	-10	0	3573	90	110	0	0
80	74	126	-20	0	3575	90	583	0	3334
81	212	81	-20	0	3602	90	428	0	0
82	371	143	20	3128	3288	0	0	813	0
83	279	111	10	0	3602	90	0	709	0
84	146	343	10	0	3569	90	0	400	0
85	265	377	30	0	3533	90	0	151	0
86	214	88	10	0	3609	90	0	19	0
87	191	175	30	0	3695	90	0	615	0
88	283	124	10	0	3609	90	0	226	3401
89	368	103	-20	0	3528	90	688	0	0
90	59	115	-20	1194	1354	90	170	0	0
91	249	121	-30	0	3629	90	307	0	3446
92	246	247	-10	569	729	90	246	0	0
93	110	89	10	0	3579	90	0	308	0
94	151	352	-20	3065	3225	90	269	0	0
95	290	205	-20	0	3631	90	139	0	0
96	254	106	10	801	961	90	0	552	0
97	93	55	20	1515	1675	90	0	286	0
98	78	97	30	159	319	90	0	791	0
99	273	7	20	991	1151	90	0	117	0
100	263	118	20	116	276	90	0	111	0
101	150	381	20	0	3534	90	0	490	3255
102	73	205	10	323	483	90	0	240	0
103	275	209	-10	1609	1769	90	140	0	1597
104	204	146	30	0	3667	0	0	809	3612
105	248	377	20	0	3538	0	0	802	0
106	262	199	30	164	324	90	0	149	0
107	276	252	30	1620	1780	90	0	438	1687
108	331	197	20	131	291	90	0	679	0
109	215	174	30	1590	1750	90	0	655	1719
110	334	177	10	0	3586	90	0	79	0
111	272	78	-20	0	3580	90	100	0	0
112	133	196	-30	740	900	90	622	0	741
113	66	228	20	0	3585	90	0	3	0
114	351	264	-20	0	3557	90	196	0	0
115	132	360	20	835	995	90	0	318	0
116	146	208	20	54	214	90	0	66	0
117	294	26	-20	2986	3146	90	99	0	0
118	271	122	20	0	3616	90	0	611	0
119	218	109	-20	1355	1515	90	412	0	0
120	388	145	-30	0	3526	90	329	0	0
121	33	78	-10	1777	1937	90	467	0	0
122	154	355	10	0	3560	90	0	717	0
123	275	16	20	2217	2377	90	0	322	2178
124	200	18	30	1145	1305	90	0	369	1123
125	374	121	30	1192	1352	90	0	459	0
126	332	284	10	1410	1570	90	0	17	0
127	190	138	10	262	422	90	0	693	0
128	257	102	-30	0	3608	90	442	0	276
129	337	282	10	1315	1475	90	0	613	0
130	283	362	-30	2577	2737	90	15	0	0
131	195	46	10	0	3567	90	0	528	0
132	73	129	10	2210	2370	90	0	381	2224
133	366	195	20	361	521	90	0	561	354
134	162	96	-30	0	3611	90	410	0	0
135	252	253	10	758	918	90	0	36	0
136	51	95	20	1073	1233	90	0	550	0
137	292	20	10	0	3519	90	0	608	0
138	76	210	30	1080	1240	90	0	729	0
139	252	205	20	0	3669	90	0	95	0
140	272	200	10	0	3649	90	0	103	1597
141	380	153	-20	3024	3184	90	40	0	0
142	111	185	10	1321	1481	90	0	390	1390
143	233	86	-10	775	935	90	733	0	691
144	85	189	40	2963	3123	90	0	385	0
145	267	251	20	0	3637	90	0	486	0
146	172	101	10	0	3619	90	0	283	3348
147	87	204	20	126	286	90	0	647	172
148	173	88	-10	0	3606	90	532	0	0
149	301	218	-30	0	3619	90	106	0	0
150	68	70	20	3085	3245	0	0	805	0
151	270	358	-30	0	3549	90	85	0	0
152	268	224	-10	0	3649	90	257	0	0
153	177	135	10	865	1025	90	0	12	956
154	130	245	-20	2613	2773	90	703	0	2539
155	237	93	40	963	1123	90	0	603	0
156	96	122	-30	2550	2710	90	391	0	0
157	285	23	-20	2508	2668	90	38	0	0
158	356	172	10	0	3563	90	0	497	0
159	274	346	-20	3062	3222	90	469	0	0
160	200	26	-20	864	1024	90	181	0	0
161	266	368	30	1150	1310	90	0	357	0
162	290	255	20	0	3616	90	0	477	0
163	333	264	20	258	418	90	0	362	0
164	194	160	20	0	3681	90	0	328	0
165	299	31	-30	0	3526	90	297	0	844
166	261	391	30	1650	1810	90	0	397	0
167	224	63	-10	570	730	90	760	0	0
168	130	364	-20	0	3543	90	76	0	3270
169	361	156	-30	2227	2387	90	439	0	777
170	83	125	20	0	3583	90	0	90	0
171	170	86	10	0	3604	90	0	46	0
172	289	392	-20	1951	2111	90	559	0	0
173	75	153	30	2790	2950	90	0	558	0
174	110	101	-10	3283	3443	90	506	0	0
175	236	91	10	871	1031	90	0	590	916
176	214	20	20	0	3541	90	0	333	3267
177	76	118	-10	0	3573	90	284	0	0
178	206	38	-10	1622	1782	90	311	0	0
179	190	141	10	169	329	90	0	421	0
180	108	87	-10	622	782	90	235	0	0
181	187	129	20	457	617	90	0	160	0
182	256	386	-10	1553	1713	90	609	0	0
183	202	33	-20	767	927	90	360	0	0
184	371	113	30	0	3530	90	0	401	0
185	131	186	10	840	1000	90	0	752	0
186	241	251	-20	0	3656	90	287	0	0
187	286	5	10	1365	1525	90	0	694	0
188	364	284	-20	2094	2254	90	258	0	0
189	250	97	-10	2861	3021	90	249	0	0
190	272	193	30	360	520	90	0	799	0
191	104	252	-20	0	3612	90	261	0	0
192	370	95	-20	0	3522	90	587	0	3205
193	97	139	-40	0	3602	90	399	0	0
194	263	80	40	1096	1256	90	0	785	0
195	224	131	30	0	3648	0	0	812	0
196	354	273	20	2611	2771	90	0	114	0
197	353	102	20	0	3540	90	0	229	0
198	230	387	20	783	943	90	0	331	0
199	70	114	10	1093	1253	90	0	44	1097
200	149	393	-20	1722	1882	90	575	0	539
201	117	252	-20	2015	2175	90	665	0	0
202	163	135	-10	0	3647	90	735	0	0
203	176	121	20	670	830	90	0	663	0
204	217	8	20	0	3529	90	0	743	0
205	242	283	-30	0	3628	90	584	0	0
206	253	159	-20	0	3654	90	560	0	3442
207	86	126	10	0	3586	90	0	695	0
208	269	83	20	999	1159	90	0	26	1023
209	361	125	10	0	3544	90	0	417	0
210	172	89	30	0	3607	90	0	275	0
211	158	379	10	0	3538	90	0	423	0
212	356	177	20	0	3564	90	0	737	0
213	89	87	20	0	3563	90	0	536	2879
214	245	136	10	291	451	90	0	788	372
215	341	269	-30	0	3565	90	604	0	176
216	16	56	30	2092	2252	90	0	585	2018
217	278	40	-10	0	3543	90	755	0	0
218	252	154	-30	0	3652	90	741	0	3156
219	264	95	-10	0	3599	90	323	0	0
220	99	132	10	2450	2610	90	0	299	0
221	134	261	-40	2995	3155	90	245	0	2824
222	90	138	30	1973	2133	90	0	326	0
223	130	88	20	0	3589	90	0	645	2714
224	265	248	-20	1332	1492	90	576	0	1317
225	291	215	-20	1898	2058	90	689	0	0
226	250	134	-10	0	3639	90	88	0	3401
227	275	9	20	0	3516	90	0	233	0
228	145	93	-20	229	389	90	426	0	0
229	350	105	-20	0	3544	90	197	0	0
230	256	370	-20	2542	2702	90	380	0	0
231	255	100	-20	0	3607	90	264	0	0
232	108	95	20	0	3582	90	0	485	3345
233	278	7	-20	0	3513	90	227	0	0
234	302	104	-20	0	3581	90	744	0	0
235	140	118	10	0	3620	90	0	180	0
236	74	193	20	151	311	90	0	723	0
237	123	189	-20	0	3644	90	32	0	0
238	227	392	-20	0	3528	90	775	0	3224
239	55	81	40	874	1034	90	0	605	846
240	41	246	-10	0	3556	90	102	0	0
241	246	119	20	93	253	90	0	291	0
242	144	343	30	0	3568	90	0	454	0
243	163	81	-20	1762	1922	90	639	0	0
244	125	369	-20	1415	1575	90	398	0	0
245	53	215	40	0	3574	90	0	221	2824
246	252	259	10	0	3643	90	0	92	0
247	185	175	-20	0	3692	90	666	0	0
248	78	127	-10	1390	1550	90	692	0	0
249	212	185	10	0	3702	90	0	189	0
250	134	360	10	0	3548	0	0	804	0
251	265	262	-20	0	3632	90	781	0	0
252	64	235	-10	0	3581	90	704	0	2238
253	79	178	20	0	3599	90	0	340	3365
254	178	48	-20	0	3568	90	713	0	0
255	274	204	10	0	3647	90	0	65	0
256	274	230	20	2014	2174	90	0	501	0
257	282	213	10	1707	1867	90	0	152	0
258	343	296	20	1611	1771	90	0	188	0
259	75	78	20	375	535	90	0	64	0
260	197	24	10	0	3545	90	0	764	3266
261	50	248	20	2031	2191	90	0	191	0
262	288	184	10	0	3632	90	0	351	3452
263	158	101	-10	630	790	90	267	0	454
264	282	104	20	1995	2155	90	0	231	0
265	170	97	-20	1009	1169	90	388	0	926
266	108	185	40	0	3628	90	0	734	0
267	152	78	10	426	586	90	0	263	454
268	59	80	30	668	828	90	0	386	0
269	127	372	20	0	3535	90	0	94	0
270	348	283	30	1028	1188	90	0	314	0
271	250	8	-20	0	3523	90	296	0	0
272	288	357	-30	2480	2640	90	638	0	0
273	215	107	30	1448	1608	90	0	537	1513
274	164	156	-30	2661	2821	90	633	0	0
275	179	88	-30	2946	3106	90	210	0	0
276	77	134	40	0	3582	90	0	696	0
277	154	342	-20	3349	3509	90	289	0	0
278	200	12	20	0	3533	90	0	787	0
279	361	295	-40	0	3535	90	691	0	3255
280	341	287	-20	1126	1286	90	740	0	0
281	152	181	10	0	3670	0	0	810	0
282	146	361	20	459	619	90	0	668	0
283	112	129	-10	0	3608	90	146	0	3348
284	91	133	10	229	389	90	0	177	0
285	339	181	-10	1265	1425	90	9	0	0
286	100	71	-20	2018	2178	90	97	0	0
287	244	277	20	0	3633	90	0	186	0
288	55	60	20	0	3520	90	0	763	0
289	148	345	20	3162	3322	90	0	277	0
290	254	373	-10	0	3540	90	370	0	0
291	198	90	-20	2420	2580	90	241	0	0
292	59	190	-40	1974	2134	90	623	0	0
293	215	116	30	0	3636	90	0	533	0
294	50	219	20	1254	1414	90	0	789	0
295	110	121	10	0	3602	90	0	716	0
296	275	29	20	0	3535	90	0	271	0
297	274	2	30	896	1056	90	0	165	844
298	45	210	-30	0	3566	90	384	0	0
299	122	130	-10	2944	3104	90	220	0	0
300	51	246	-10	0	3566	90	792	0	0
301	92	131	20	0	3593	90	0	770	0
302	143	76	-20	1963	2123	90	698	0	1839
303	281	10	20	1746	1906	90	0	349	0
304	74	85	-30	278	438	90	368	0	0
305	78	188	10	2772	2932	90	0	712	0
306	338	161	20	0	3578	90	0	425	0
307	210	185	30	0	3703	90	0	91	3446
308	186	73	-10	2658	2818	90	93	0	0
309	55	54	-20	2402	2562	90	620	0	0
310	46	239	20	0	3563	90	0	747	0
311	204	21	10	1240	1400	90	0	178	0
312	249	353	10	561	721	90	0	483	0
313	263	110	-10	0	3612	90	356	0	0
314	339	281	-30	1222	1382	90	270	0	0
315	249	354	20	0	3560	0	0	803	3398
316	90	178	40	0	3609	90	0	699	0
317	151	141	-20	2361	2521	90	10	0	2000
318	156	353	-20	2875	3035	90	115	0	0
319	53	198	-10	0	3574	90	508	0	0
320	151	69	-10	2259	2419	90	54	0	1209
321	252	227	20	58	218	90	0	667	0
322	288	23	-20	2601	2761	90	123	0	2178
323	299	108	10	1705	1865	90	0	219	0
324	279	98	20	0	3592	90	0	517	0
325	276	350	-10	0	3553	90	601	0	0
326	187	186	-30	0	3702	90	222	0	0
327	211	110	-10	0	3631	90	597	0	0
328	210	35	-20	0	3556	90	164	0	0
329	389	128	30	1875	2035	90	0	120	0
330	263	259	-10	1141	1301	90	714	0	0
331	241	394	-20	1078	1238	90	198	0	0
332	76	230	10	2423	2583	90	0	586	0
333	206	29	-20	0	3550	90	176	0	3267
334	280	200	-20	1321	1481	90	580	0	0
335	140	90	-20	0	3596	90	61	0	966
336	300	203	-10	2283	2443	90	492	0	0
337	136	117	10	104	264	90	0	62	0
338	298	22	-20	0	3518	90	771	0	0
339	343	264	20	0	3565	90	0	554	3292
340	69	179	-20	0	3589	90	253	0	3365
341	275	184	20	641	801	90	0	71	0
342	384	111	10	0	3517	90	0	707	2197
343	77	212	10	0	3598	90	0	393	3225
344	209	37	20	0	3558	90	0	600	0
345	287	211	30	0	3634	90	0	354	3449
346	76	219	-10	2617	2777	90	478	0	0
347	218	172	-20	1684	1844	90	382	0	290
348	267	360	10	2683	2843	90	0	39	0
349	271	21	-20	0	3529	90	303	0	0
350	179	30	10	2815	2975	90	0	20	0
351	228	196	-10	0	3693	90	262	0	3452
352	204	183	-20	2948	3108	90	466	0	0
353	190	36	-20	0	3557	90	531	0	0
354	272	223	-30	0	3646	90	345	0	3449
355	268	97	-10	2289	2449	90	5	0	0
356	266	90	10	2569	2729	90	0	313	0
357	291	364	-30	0	3534	90	161	0	0
358	168	123	10	0	3638	90	0	482	0
359	125	176	10	1524	1684	90	0	535	0
360	214	56	20	373	533	90	0	183	0
361	350	157	-20	0	3565	90	759	0	0
362	346	294	-20	0	3548	90	163	0	0
363	126	103	-10	3389	3549	90	405	0	0
364	123	250	-30	0	3630	90	522	0	0
365	275	191	-10	0	3646	90	75	0	0
366	267	393	-20	0	3517	90	636	0	0
367	276	93	-20	798	958	90	456	0	0
368	69	90	30	181	341	90	0	304	0
369	223	13	-30	0	3533	90	124	0	1123
370	255	384	10	0	3529	90	0	290	0
371	248	114	20	901	1061	90	0	462	0
372	78	207	10	0	3599	90	0	502	2801
373	243	103	20	0	3615	90	0	610	1591
374	73	130	20	2119	2279	90	0	6	0
375	199	190	20	0	3711	0	0	814	0
376	140	265	10	0	3633	90	0	548	0
377	147	367	-20	2490	2650	90	434	0	0
378	130	186	30	0	3650	90	0	549	0
379	174	92	20	1202	1362	90	0	766	1250
380	256	396	20	1746	1906	90	0	230	0
381	76	139	-10	0	3583	90	132	0	2224
382	207	55	20	276	436	90	0	347	290
383	260	156	40	0	3647	90	0	595	0
384	64	220	30	461	621	90	0	298	0
385	80	181	-40	3152	3312	90	144	0	0
386	43	66	-30	0	3515	90	268	0	0
387	234	172	-40	1890	2050	90	625	0	0
388	152	81	20	0	3593	90	0	265	926
389	73	71	10	0	3540	90	0	736	0
390	124	160	-10	1816	1976	90	142	0	1390
391	165	93	30	912	1072	90	0	156	0
392	273	342	-20	0	3562	90	22	0	0
393	83	212	-10	3285	3445	90	343	0	3225
394	296	77	-10	1309	1469	90	588	0	0
395	154	95	20	533	693	90	0	579	0
396	194	187	10	427	587	90	0	416	0
397	264	384	-30	2157	2317	90	166	0	0
398	141	350	20	262	422	90	0	244	0
399	137	124	40	0	3623	90	0	193	0
400	138	356	-10	359	519	90	84	0	0
401	381	113	-30	0	3521	90	184	0	0
402	289	105	10	0	3591	90	0	779	0
403	46	227	20	0	3565	90	0	448	3294
404	191	209	-10	315	475	90	652	0	160
405	72	60	10	0	3532	90	0	363	0
406	67	68	-20	2902	3062	90	35	0	0
407	188	212	-20	0	3705	90	430	0	0
408	231	143	30	64	224	90	0	705	0
409	332	148	20	0	3580	90	0	659	0
410	162	110	30	0	3624	90	0	134	0
411	141	192	30	551	711	90	0	778	0
412	244	70	20	459	619	90	0	119	0
413	74	218	-10	0	3594	90	415	0	3336
414	136	250	10	0	3640	90	0	676	0
415	54	218	10	0	3574	90	0	413	3336
416	174	153	-10	0	3668	90	396	0	0
417	390	134	-10	0	3520	90	209	0	0
418	201	13	-10	0	3534	90	573	0	0
419	278	14	-30	1933	2093	90	624	0	0
420	260	249	-10	0	3644	90	526	0	0
421	180	21	-10	0	3541	90	179	0	0
422	118	148	40	0	3624	90	0	488	0
423	160	361	-10	2684	2844	90	211	0	0
424	131	240	10	2518	2678	90	0	569	0
425	364	95	-20	0	3527	90	306	0	0
426	147	84	20	150	310	90	0	228	0
427	140	98	-30	0	3603	90	523	0	0
428	233	101	20	1062	1222	90	0	81	0
429	171	143	10	965	1125	90	0	34	0
430	40	204	20	762	922	90	0	407	0
431	125	225	-10	2224	2384	90	59	0	0
432	260	161	-40	2191	2351	90	474	0	0
433	238	91	20	0	3606	0	0	801	3490
434	146	381	20	0	3533	90	0	377	0
435	386	107	20	0	3514	90	0	721	0
436	103	135	20	116	276	90	0	578	159
437	248	120	-20	997	1157	90	21	0	0
438	282	242	-30	2310	2470	90	107	0	1687
439	358	175	30	777	937	90	0	169	777
440	76	83	-10	1067	1227	90	58	0	0
441	219	114	20	0	3633	90	0	29	0
442	276	127	30	222	382	90	0	128	276
443	365	178	20	680	840	90	0	782	673
444	124	250	-20	0	3631	90	451	0	0
445	185	177	30	0	3694	90	0	24	0
446	137	77	30	0	3583	90	0	8	0
447	169	52	20	3410	3570	90	0	463	0
448	111	261	-20	0	3614	90	403	0	3294
449	278	15	-30	1842	2002	90	581	0	0
450	286	259	30	2602	2762	90	0	678	2657
451	173	278	20	795	955	90	0	444	0
452	266	395	-20	0	3516	90	730	0	3219
453	266	351	20	0	3557	90	0	70	0
454	132	353	-30	0	3554	90	242	0	0
455	328	158	-30	2836	2996	90	627	0	1849
456	277	103	20	607	767	90	0	367	0
457	75	136	-30	0	3581	90	562	0	1945
458	193	38	10	0	3559	90	0	510	0
459	358	188	-30	0	3563	90	125	0	0
460	130	263	10	0	3627	90	0	500	2272
461	342	168	-20	1652	1812	90	629	0	0
462	258	134	-20	0	3634	90	371	0	0
463	183	56	-20	0	3576	90	447	0	0
464	79	128	20	2306	2466	90	0	658	0
465	146	164	-30	2776	2936	90	728	0	0
466	202	171	20	0	3692	90	0	352	0
467	68	87	10	477	637	90	0	121	0
468	61	183	10	2298	2458	90	0	67	0
469	264	375	20	0	3535	90	0	159	0
470	309	215	10	0	3611	90	0	677	2624
471	44	95	-10	0	3533	90	768	0	0
472	64	83	30	572	732	90	0	516	0
473	187	92	30	0	3613	90	0	602	0
474	239	137	40	0	3647	90	0	432	0
475	40	73	-10	1876	2036	90	700	0	0
476	196	164	-10	1388	1548	90	720	0	0
477	238	264	-20	3217	3377	90	162	0	0
478	64	193	10	0	3585	90	0	346	0
479	369	135	10	0	3540	90	0	758	0
480	72	118	-20	999	1159	90	765	0	0
481	267	4	20	0	3514	90	0	653	3194
482	122	142	-10	0	3624	90	358	0	0
483	305	379	-10	0	3514	90	312	0	0
484	166	133	10	1544	1704	90	0	564	0
485	117	92	-20	0	3585	90	232	0	3345
486	275	269	-20	0	3620	90	145	0	0
487	153	180	-10	3066	3226	90	23	0	0
488	100	115	-40	0	3590	90	422	0	0
489	246	390	-20	0	3526	90	520	0	0
490	150	370	-20	0	3544	90	101	0	3255
491	164	138	10	0	3650	90	0	797	3331
492	296	209	10	2090	2250	90	0	336	0
493	178	81	10	0	3600	90	0	45	0
494	162	69	20	0	3585	90	0	772	3045
495	380	129	10	2440	2600	90	0	650	0
496	166	124	-10	1643	1803	90	598	0	1341
497	349	179	-10	0	3571	90	158	0	0
498	50	204	-10	0	3571	90	726	0	0
499	66	121	10	0	3566	90	0	542	0
500	130	235	-10	2325	2485	90	460	0	2272
501	231	263	-20	3314	3474	90	256	0	0
502	84	192	-10	2870	3030	90	372	0	2801
503	365	288	10	2000	2160	90	0	511	0
504	137	272	-30	0	3626	90	563	0	0
505	156	271	10	0	3638	90	0	708	0
506	99	84	10	2989	3149	90	0	174	0
507	64	219	-20	0	3584	90	2	0	0
508	68	199	10	0	3589	90	0	319	0
509	280	142	20	1982	2142	90	0	710	0
510	228	32	-10	0	3551	90	458	0	0
511	363	276	-10	0	3542	90	503	0	0
512	114	102	20	0	3591	90	0	565	0
513	365	158	-30	0	3551	90	732	0	0
514	132	274	-10	0	3621	90	519	0	973
515	246	246	20	0	3656	90	0	749	0
516	48	95	-30	980	1140	90	472	0	0
517	207	179	-20	0	3699	90	324	0	0
518	152	136	10	0	3641	90	0	654	0
519	137	288	10	922	1082	90	0	514	973
520	238	399	20	0	3519	90	0	489	0
521	299	234	-20	0	3617	90	557	0	0
522	123	252	30	0	3629	90	0	364	0
523	99	114	30	660	820	90	0	427	0
524	78	230	-20	0	3596	90	701	0	3346
525	223	189	-20	0	3696	90	567	0	0
526	253	259	10	0	3642	90	0	420	0
527	147	115	-20	2053	2213	90	7	0	0
528	211	34	-10	1435	1595	90	131	0	0
529	92	88	-10	0	3566	90	725	0	0
530	254	137	10	2491	2651	0	0	808	0
531	189	112	20	564	724	90	0	353	0
532	106	83	10	992	1152	90	0	148	0
533	228	180	-30	0	3687	90	293	0	0
534	266	10	-10	0	3520	90	546	0	0
535	135	176	-10	0	3652	90	359	0	0
536	69	70	-20	2994	3154	90	213	0	2879
537	208	91	-30	0	3612	90	273	0	1513
538	277	376	20	1961	2121	90	0	790	1928
539	54	222	-20	0	3574	90	687	0	0
540	275	95	20	706	866	90	0	660	0
541	259	90	30	0	3597	90	0	28	0
542	70	142	-10	0	3579	90	499	0	0
543	256	235	-10	0	3655	90	568	0	3470
544	389	122	-20	0	3517	90	641	0	0
545	40	83	20	1585	1745	90	0	681	0
546	272	31	10	0	3538	90	0	534	0
547	210	93	-20	1553	1713	90	644	0	0
548	144	261	-10	3278	3438	90	376	0	0
549	144	183	-30	2390	2550	90	378	0	0
550	70	63	-20	0	3533	90	136	0	0
551	289	203	10	1130	1290	90	0	555	1200
552	255	117	-10	1186	1346	90	96	0	0
553	155	349	-10	0	3566	90	599	0	2278
554	351	238	-20	0	3566	90	339	0	3292
555	289	211	-10	0	3632	90	551	0	1200
556	173	125	10	765	925	90	0	672	845
557	363	270	20	2415	2575	90	0	521	0
558	88	143	-30	0	3596	90	173	0	0
559	270	380	20	0	3528	90	0	172	0
560	275	143	20	0	3627	90	0	206	3442
561	330	173	-20	1457	1617	90	133	0	354
562	74	124	30	1933	2093	90	0	457	1945
563	132	267	30	0	3626	90	0	504	0
564	78	184	-10	0	3598	90	484	0	0
565	107	84	-20	901	1061	90	512	0	0
566	143	187	20	363	523	90	0	630	464
567	228	97	20	0	3615	90	0	525	0
568	269	241	10	0	3641	90	0	543	3470
569	132	251	-10	2709	2869	90	424	0	0
570	280	240	-20	2217	2377	90	719	0	0
571	59	226	10	0	3578	0	0	807	0
572	236	249	-20	0	3661	90	798	0	671
573	196	35	10	0	3556	90	0	418	0
574	94	84	20	2305	2465	90	0	706	2307
575	142	363	20	553	713	90	0	200	539
576	254	250	20	0	3648	90	0	224	1317
577	66	202	-20	0	3587	90	37	0	0
578	105	98	-20	0	3582	90	436	0	159
579	102	125	-20	2647	2807	90	395	0	0
580	283	187	20	0	3637	90	0	334	0
581	272	32	30	294	454	90	0	449	0
582	129	361	30	1129	1289	90	0	793	0
583	86	122	20	0	3583	90	0	80	3334
584	258	359	30	0	3552	90	0	205	0
585	75	49	-30	2701	2861	90	216	0	2018
586	122	261	-10	0	3622	90	332	0	0
587	300	200	20	0	3621	90	0	192	3205
588	281	86	10	896	1056	90	0	394	0
589	240	366	20	274	434	90	0	670	0
590	207	91	-10	0	3612	90	175	0	916
591	141	263	30	0	3635	90	0	738	3348
592	146	196	20	170	330	90	0	767	0
593	41	79	-20	0	3522	90	722	0	0
594	244	358	10	373	533	90	0	47	0
595	215	188	-40	0	3702	90	383	0	0
596	265	94	20	0	3597	90	0	748	0
597	208	104	10	2528	2688	90	0	327	0
598	175	89	10	1295	1455	90	0	496	1341
599	147	374	10	2300	2460	90	0	553	2278
600	199	35	-20	0	3556	90	344	0	0
601	226	385	10	0	3535	90	0	325	0
602	202	42	-30	0	3563	90	473	0	0
603	219	84	-40	2029	2189	90	155	0	0
604	331	268	30	164	324	90	0	215	176
605	38	87	-40	1490	1650	90	239	0	846
606	93	80	30	2120	2280	90	0	671	0
607	141	202	20	0	3662	0	0	811	0
608	240	97	-10	0	3611	90	137	0	0
609	240	389	10	1264	1424	90	0	182	0
610	280	126	-20	1671	1831	90	373	0	1591
611	268	149	-20	0	3636	90	118	0	0
612	258	387	-10	0	3526	90	762	0	0
613	388	278	-10	0	3518	90	129	0	0
614	167	68	30	0	3585	90	0	777	0
615	195	184	-30	0	3705	90	87	0	0
616	329	289	-20	1506	1666	90	774	0	0
617	182	171	-20	0	3687	90	52	0	3520
618	265	202	20	0	3656	90	0	18	0
619	273	257	-10	1525	1685	90	649	0	0
620	43	54	20	2300	2460	90	0	309	0
621	273	393	20	0	3515	90	0	626	0
622	149	192	30	0	3670	90	0	112	741
623	62	193	40	1880	2040	90	0	292	0
624	282	7	30	0	3512	90	0	419	0
625	222	89	40	0	3608	90	0	387	0
626	270	386	-20	0	3523	90	621	0	0
627	348	161	30	1843	2003	90	0	455	1849
628	90	111	-20	0	3580	90	794	0	0
629	384	183	20	0	3537	90	0	461	0
630	126	187	-20	0	3646	90	566	0	464
631	96	196	-10	0	3617	90	795	0	0
632	397	140	-30	2823	2983	90	727	0	0
633	156	144	30	0	3650	90	0	274	0
634	83	186	-20	0	3604	90	31	0	0
635	261	363	30	0	3547	90	0	783	0
636	231	385	20	691	851	90	0	366	0
637	183	134	-30	0	3653	90	651	0	0
638	267	358	30	0	3550	90	0	272	0
639	153	73	20	0	3586	90	0	243	0
640	286	17	-10	0	3519	90	742	0	1604
641	392	106	20	698	858	90	0	544	0
642	97	91	-40	2801	2961	90	643	0	0
643	71	115	40	0	3567	90	0	642	0
644	226	102	20	1254	1414	90	0	547	0
645	166	151	-20	2849	3009	90	223	0	2714
646	116	90	-30	0	3583	90	14	0	0
647	118	261	-20	0	3619	90	147	0	172
648	90	66	-10	0	3548	90	74	0	0
649	249	252	10	665	825	90	0	619	0
650	396	135	-10	2728	2888	90	495	0	0
651	140	69	30	2158	2318	90	0	637	0
652	200	203	10	3	163	90	0	404	160
653	284	5	-20	0	3509	90	481	0	3194
654	155	159	-10	2562	2722	90	518	0	0
655	206	185	-30	2757	2917	90	109	0	1719
656	138	170	-10	0	3653	90	4	0	0
657	241	360	20	178	338	90	0	684	0
658	86	140	-20	2991	3151	90	464	0	0
659	379	124	-20	0	3527	90	409	0	0
660	242	116	-20	0	3628	90	540	0	0
661	262	213	-20	3383	3543	90	751	0	0
662	343	169	-10	1744	1904	90	42	0	0
663	160	138	-20	1255	1415	90	203	0	0
664	93	132	10	137	297	90	0	773	170
665	122	253	20	1920	2080	90	0	201	0
666	172	164	20	3049	3209	90	0	247	0
667	398	104	-20	794	954	90	321	0	0
668	125	362	-20	1318	1478	90	282	0	0
669	343	279	30	0	3558	90	0	63	0
670	241	366	-20	392	552	90	589	0	0
671	85	105	-30	2693	2853	90	606	0	0
672	73	183	-10	0	3593	90	556	0	845
673	159	129	-10	0	3640	90	715	0	0
674	208	187	-30	0	3706	90	690	0	0
675	60	201	-30	1592	1752	90	756	0	0
676	149	244	-10	3476	3636	90	414	0	0
677	294	230	-10	2686	2846	90	470	0	2624
678	236	266	-30	0	3646	90	450	0	2657
679	317	165	-20	2939	3099	90	108	0	0
680	38	172	-20	0	3557	90	16	0	169
681	98	86	-20	0	3569	90	545	0	0
682	254	135	30	2583	2743	90	0	718	0
683	56	196	-20	0	3577	90	43	0	0
684	237	366	-20	2748	2908	90	657	0	0
685	161	101	10	0	3615	90	0	745	0
686	268	244	10	0	3641	90	0	13	2084
687	70	207	20	0	3591	90	0	539	0
688	329	156	20	2744	2904	90	0	89	0
689	273	187	20	548	708	90	0	225	0
690	225	197	30	2189	2349	90	0	674	0
691	349	276	40	0	3554	90	0	279	3255
692	83	122	10	0	3581	90	0	248	0
693	200	21	-10	0	3542	90	127	0	0
694	290	6	-10	0	3508	90	187	0	0
695	39	117	-10	0	3540	90	207	0	0
696	72	155	-40	0	3586	90	276	0	0
697	79	135	-10	1679	1839	90	769	0	0
698	121	56	20	0	3557	90	0	302	1839
699	94	175	-40	3453	3613	90	316	0	0
700	36	90	10	0	3524	90	0	475	0
701	61	222	20	0	3581	90	0	524	3346
702	140	187	20	456	616	90	0	60	0
703	119	276	20	0	3610	90	0	154	2539
704	60	239	10	2224	2384	90	0	252	2238
705	259	117	-30	0	3620	90	408	0	0
706	92	84	-20	2397	2557	90	574	0	2307
707	380	127	-10	2348	2508	90	342	0	2197
708	130	273	-10	0	3620	90	505	0	0
709	293	92	-10	0	3579	90	83	0	0
710	251	132	-20	0	3636	90	509	0	0
711	114	103	20	368	528	90	0	41	398
712	77	196	-10	0	3598	90	305	0	0
713	166	31	20	2918	3078	90	0	254	0
714	246	330	10	137	297	90	0	330	0
715	20	97	10	1289	1449	90	0	673	0
716	145	153	-10	3261	3421	90	295	0	0
717	149	345	-10	3253	3413	90	122	0	0
718	248	133	-30	0	3639	90	682	0	0
719	281	230	20	0	3635	90	0	570	0
720	194	141	10	0	3662	90	0	476	0
721	379	127	-20	0	3528	90	435	0	0
722	54	68	20	771	931	90	0	593	0
723	56	227	-20	0	3575	90	236	0	0
724	261	107	-20	3146	3306	90	754	0	0
725	86	59	10	0	3540	90	0	529	0
726	68	204	10	418	578	90	0	498	0
727	382	132	30	2533	2693	90	0	632	0
728	123	175	30	0	3641	90	0	465	0
729	69	218	-30	2805	2965	90	138	0	0
730	251	368	20	0	3546	90	0	452	3219
731	268	375	-10	1341	1501	90	750	0	1223
732	358	142	30	0	3553	90	0	513	0
733	228	68	10	0	3587	90	0	143	691
734	140	183	-40	2296	2456	90	266	0	0
735	171	147	10	1059	1219	90	0	202	0
736	87	71	-10	3285	3445	90	389	0	0
737	362	159	-20	0	3554	90	212	0	0
738	145	253	-30	3376	3536	90	591	0	3348
739	109	82	10	0	3572	90	0	11	0
740	351	281	20	841	1001	90	0	280	0
741	245	149	30	3065	3225	90	0	218	3156
742	285	11	10	1652	1812	90	0	640	1604
743	216	35	-20	0	3556	90	204	0	0
744	280	121	20	319	479	90	0	234	0
745	102	133	-10	0	3603	90	685	0	0
746	127	264	-10	198	358	90	800	0	0
747	96	251	-20	0	3606	90	310	0	0
748	243	86	-20	353	513	90	596	0	0
749	280	249	-20	0	3628	90	515	0	0
750	262	363	10	0	3547	90	0	731	1223
751	261	223	20	3283	3443	90	0	661	0
752	128	161	-10	1910	2070	90	185	0	0
753	339	261	-20	0	3570	90	786	0	0
754	257	97	20	2764	2924	90	0	724	0
755	273	12	10	2122	2282	90	0	217	0
756	57	210	30	1492	1652	90	0	675	0
757	299	39	-20	3181	3341	90	25	0	3033
758	377	132	-10	1588	1748	90	479	0	0
759	340	166	20	1559	1719	90	0	361	0
760	268	95	10	136	296	90	0	167	0
761	145	374	10	2117	2277	90	0	57	0
762	239	389	10	1173	1333	90	0	612	0
763	68	53	-20	2603	2763	90	288	0	0
764	197	18	-10	0	3539	90	260	0	3266
765	73	97	20	0	3558	90	0	480	0
766	107	138	-20	2170	2330	90	379	0	1250
767	141	164	-20	2681	2841	90	592	0	0
768	53	98	10	1166	1326	90	0	471	0
769	86	133	10	418	578	90	0	697	0
770	69	126	-20	1837	1997	90	301	0	0
771	288	1	20	1459	1619	90	0	338	0
772	177	108	-20	3154	3314	90	494	0	3045
773	80	111	-10	1186	1346	90	664	0	170
774	352	284	20	0	3548	90	0	616	0
775	249	384	20	0	3531	90	0	238	3224
776	81	132	20	513	673	90	0	78	535
777	185	162	-30	0	3681	90	614	0	0
778	136	181	-30	0	3655	90	411	0	0
779	286	108	-10	1899	2059	90	402	0	0
780	105	135	10	2263	2423	0	0	806	2307
781	280	238	20	0	3633	90	0	251	0
782	356	166	-20	877	1037	90	443	0	673
783	297	365	-30	2286	2446	90	635	0	0
784	376	271	20	0	3532	90	0	33	0
785	292	87	-40	0	3576	90	194	0	0
786	319	274	20	0	3581	90	0	753	0
787	213	11	-20	2217	2377	90	278	0	0
788	243	130	-10	0	3639	90	214	0	372
789	53	239	-20	1736	1896	90	294	0	0
790	298	362	-20	0	3532	90	538	0	1928
791	92	80	-30	0	3560	90	98	0	0
792	70	213	10	362	522	90	0	300	0
793	153	393	-30	1816	1976	90	582	0	0
794	103	116	20	0	3593	90	0	628	0
795	76	212	10	3095	3255	90	0	631	0
796	202	216	20	116	276	90	0	51	259
797	78	200	-10	0	3599	90	491	0	3331
798	265	344	20	669	829	90	0	572	671
799	286	193	-30	0	3635	90	190	0	0
800	139	250	10	78	238	90	0	746	0
801	238	91	-20	0	3606	90	433	0	3490
802	248	377	-20	0	3538	90	105	0	0
803	249	354	-20	0	3560	90	315	0	3398
804	134	360	-10	0	3548	90	250	0	0
805	68	70	-20	3085	3245	90	150	0	0
806	105	135	-10	2263	2423	90	780	0	2307
807	59	226	-10	0	3578	90	571	0	0
808	254	137	-10	2491	2651	90	530	0	0
809	204	146	-30	0	3667	90	104	0	3612
810	152	181	-10	0	3670	90	281	0	0
811	141	202	-20	0	3662	90	607	0	0
812	224	131	-30	0	3648	90	195	0	0
813	371	143	-20	3128	3288	90	82	0	0
814	199	190	-20	0	3711	90	375	0	0

