200	700	1
0	200	200	0	0	3811	0	0	0
1	271	343	10	2841	3562	90	0	501	822
2	85	208	-20	115	1093	90	236	0	81
3	82	179	-10	2392	3602	90	298	0	277
4	132	172	-30	1947	2237	90	411	0	272
5	278	109	10	249	933	90	0	264	203
6	117	170	20	1531	2057	90	0	535	492
7	96	113	20	388	1277	90	0	193	285
8	165	85	-10	1476	2019	90	598	0	361
9	371	171	-20	532	789	90	629	0	124
10	141	105	-30	1774	2290	90	202	0	470
11	150	77	-10	1871	2021	90	171	0	447
12	75	208	-10	2913	3248	90	571	0	454
13	287	233	10	1732	2661	90	0	486	641
14	113	92	-20	202	827	90	223	0	146
15	271	375	-20	1076	1580	90	798	0	250
16	201	206	20	6	617	90	0	205	152
17	352	291	-10	1854	1909	90	280	0	357
18	368	125	10	1267	1472	90	0	679	322
19	216	84	10	1839	2565	90	0	375	611
20	183	37	-10	2772	3441	90	260	0	262
21	235	115	-30	218	930	90	195	0	80
22	273	345	-10	3019	3449	90	272	0	697
23	150	178	-30	2707	3214	90	656	0	690
24	190	186	40	383	1194	90	0	164	294
25	280	24	-30	2283	2702	90	297	0	261
26	282	95	20	1915	2433	90	0	219	574
27	261	268	10	2460	3322	90	0	572	807
28	212	93	-30	1250	2575	90	590	0	507
29	228	162	-20	1678	2058	90	404	0	100
30	379	136	20	1561	1963	0	0	801	443
31	72	221	-20	2256	2949	90	776	0	119
32	73	195	-20	373	1188	90	436	0	177
33	351	272	10	2525	3044	90	0	554	719
34	57	183	-10	2068	2500	90	680	0	555
35	106	50	20	1093	1890	90	0	44	428
36	264	253	20	1177	1458	90	0	568	343
37	70	184	20	130	917	90	0	704	196
38	255	15	20	379	777	90	0	694	145
39	270	355	-10	2567	3334	90	348	0	678
40	380	135	20	1409	2298	90	0	727	526
41	110	84	10	311	1281	90	0	606	283
42	355	192	10	155	729	90	0	79	143
43	77	209	-10	2863	3598	90	769	0	192
44	93	65	-20	1717	2281	90	35	0	428
45	183	156	-20	2840	3625	90	308	0	659
46	182	78	-10	2598	3070	90	146	0	303
47	237	373	30	415	724	90	0	609	136
48	134	251	-10	2508	3255	90	49	0	705
49	136	240	10	2109	2897	90	0	48	705
50	267	125	20	779	1962	90	0	53	380
51	197	184	30	238	965	90	0	276	237
52	167	156	-20	2636	3033	90	274	0	720
53	268	124	-20	1210	1713	90	50	0	380
54	127	62	10	935	1637	90	0	698	321
55	127	180	30	543	1673	90	0	767	399
56	127	350	-30	829	1387	90	242	0	253
57	146	373	20	2188	2389	90	0	423	551
58	67	109	-30	1705	1734	90	90	0	355
59	121	232	-20	2071	2341	90	665	0	533
60	134	195	20	367	1090	90	0	185	242
61	96	104	20	667	1390	90	0	207	312
62	112	65	30	948	1414	90	0	405	313
63	351	267	-10	2447	3311	90	126	0	404
64	34	58	20	1907	2653	90	0	309	608
65	312	217	-10	2443	2680	90	470	0	619
66	143	180	-20	2152	2975	90	566	0	203
67	63	184	-20	1970	2970	90	147	0	196
68	282	248	-20	2222	2750	90	321	0	167
69	152	363	-40	2275	3057	90	200	0	401
70	234	361	-20	2479	3369	90	105	0	675
71	282	198	10	1109	1507	90	0	345	356
72	377	124	-30	1879	2608	90	184	0	296
73	252	365	30	173	490	90	0	483	79
74	90	121	10	448	1313	90	0	583	200
75	253	205	10	53	607	90	0	689	138
76	137	364	20	455	1002	90	0	377	206
77	93	145	-10	3027	3313	90	177	0	285
78	79	139	-30	2940	3009	90	480	0	306
79	343	161	-10	2085	2967	90	42	0	143
80	74	126	-10	1716	2493	90	768	0	341
81	212	81	30	1992	2795	90	0	327	668
82	371	143	-20	2950	3465	90	417	0	780
83	279	111	10	119	1065	90	0	208	236
84	146	343	10	152	1059	90	0	793	226
85	265	377	30	2226	2634	90	0	230	594
86	214	88	-30	1998	2595	90	603	0	558
87	191	175	-10	725	1242	90	652	0	92
88	283	124	10	1123	2192	90	0	206	519
89	368	103	20	213	540	90	0	125	86
90	59	115	30	960	1588	90	0	58	355
91	249	121	-10	816	1521	90	608	0	210
92	246	247	20	273	1025	90	0	224	239
93	110	89	10	407	811	90	0	565	167
94	151	352	10	2803	3486	90	0	717	827
95	290	205	-30	956	1279	90	106	0	133
96	254	106	10	482	1280	90	0	437	252
97	93	55	20	1372	1818	90	0	716	409
98	78	97	30	159	612	90	0	239	113
99	273	7	-30	926	1216	90	581	0	65
100	263	118	20	103	626	90	0	655	130
101	150	381	-20	1901	2297	90	115	0	273
102	73	205	-20	127	681	90	607	0	61
103	275	209	10	1495	1882	90	0	751	451
104	204	146	30	54	727	90	0	663	168
105	248	377	20	2560	2886	90	0	70	675
106	262	199	30	62	596	90	0	95	133
107	276	252	-20	1316	2085	90	576	0	202
108	331	197	20	131	912	90	0	561	195
109	215	174	30	1539	1801	90	0	674	442
110	334	177	-20	1127	1755	90	443	0	204
111	272	78	-40	842	1707	90	194	0	327
112	133	196	10	749	891	90	0	266	205
113	66	228	20	1325	1599	90	0	300	365
114	351	264	20	2953	2991	0	0	804	706
115	132	360	20	563	1267	90	0	101	273
116	146	208	-10	54	800	90	407	0	162
117	294	26	10	2666	3466	90	0	165	807
118	271	122	-20	1351	1759	90	788	0	198
119	218	109	10	910	1959	90	0	291	466
120	388	145	-10	2692	3313	90	401	0	333
121	33	78	-20	1531	2183	90	722	0	191
122	154	355	-20	2614	3111	90	575	0	183
123	275	16	-30	2203	2391	90	653	0	348
124	200	18	30	823	1627	90	0	528	361
125	374	121	-20	697	1847	90	89	0	86
126	332	284	10	1205	1774	90	0	63	404
127	190	138	10	62	994	90	0	358	232
128	257	102	-20	2841	3418	90	744	0	223
129	337	282	10	843	1946	90	0	616	404
130	283	362	-20	2412	2903	90	790	0	618
131	195	46	10	154	854	90	0	344	174
132	73	129	-40	1997	2582	90	643	0	381
133	366	195	20	166	1318	90	0	497	284
134	162	96	20	392	1404	90	0	473	323
135	252	253	10	217	1459	90	0	256	346
136	51	95	-30	822	1484	90	304	0	150
137	292	20	-20	2642	3106	90	771	0	412
138	76	210	30	1141	1179	90	0	252	263
139	252	205	20	52	649	90	0	225	149
140	272	200	10	1192	1807	90	0	257	433
141	380	153	-10	2716	3493	90	495	0	682
142	111	185	-30	1058	1744	90	630	0	390
143	233	86	-20	475	1236	90	412	0	181
144	85	189	-10	2680	3406	90	385	0	796
145	267	251	-10	1248	1764	90	330	0	342
146	172	101	10	1049	1318	90	0	46	303
147	87	204	20	113	898	90	0	67	196
148	173	88	20	1388	1547	90	0	446	357
149	301	218	30	2374	2951	90	0	677	712
150	68	70	-10	2860	3471	90	700	0	408
151	270	358	10	2596	3118	90	0	477	736
152	268	224	30	2912	3620	0	0	815	886
153	177	135	-20	616	1274	90	203	0	265
154	130	245	-10	2361	3025	90	431	0	683
155	237	93	40	725	1361	90	0	428	311
156	96	122	-30	2353	2908	90	222	0	565
157	285	23	20	2190	2985	90	0	338	697
158	356	172	10	1032	1073	90	0	513	228
159	274	346	-30	2924	3360	90	366	0	525
160	200	26	-20	629	1259	90	602	0	117
161	266	368	-10	1085	1375	90	750	0	276
162	290	255	-10	1829	3344	90	649	0	218
163	333	264	20	147	681	90	0	339	78
164	194	160	-40	735	2012	90	24	0	294
165	299	31	-10	2760	3526	90	117	0	807
166	261	391	-20	1215	2245	90	775	0	487
167	224	63	10	385	915	90	0	293	193
168	130	364	-20	1213	1392	90	398	0	131
169	361	156	-20	2038	2577	90	459	0	205
170	83	125	20	993	2136	90	0	671	499
171	170	86	10	1214	2092	90	0	11	447
172	289	392	30	1688	2375	90	0	357	540
173	75	153	30	2473	3266	90	0	422	778
174	110	101	-20	2948	3588	90	232	0	759
175	236	91	10	455	1447	90	0	547	333
176	214	20	20	1990	2803	90	0	353	655
177	76	118	10	681	1289	90	0	77	285
178	206	38	40	1369	2035	90	0	510	468
179	190	141	10	59	1094	90	0	399	258
180	108	87	20	228	1177	90	0	529	257
181	187	129	20	221	852	90	0	556	194
182	256	386	-20	1394	1872	90	703	0	329
183	202	33	30	566	1128	90	0	764	240
184	371	113	30	967	1379	90	0	72	296
185	131	186	-20	704	1137	90	60	0	242
186	241	251	10	110	812	90	0	781	186
187	286	5	10	976	1915	90	0	742	425
188	364	284	10	1953	2394	90	0	613	552
189	250	97	-20	2792	3089	90	596	0	637
190	272	193	30	134	746	90	0	354	168
191	104	252	10	1328	1904	90	0	414	448
192	370	95	-10	351	792	90	229	0	125
193	97	139	-20	1929	2370	90	7	0	285
194	263	80	40	905	1446	90	0	111	327
195	224	131	30	73	394	90	0	21	80
196	354	273	-20	2234	3148	90	740	0	206
197	353	102	20	181	1269	90	0	758	271
198	230	387	20	620	1106	90	0	601	184
199	70	114	10	867	1479	90	0	464	330
200	149	393	40	1799	1804	90	0	69	401
201	117	252	30	1642	2548	90	0	424	612
202	163	135	30	901	1958	90	0	10	470
203	176	121	20	357	1143	90	0	153	265
204	217	8	-20	1900	2505	90	463	0	106
205	242	283	-20	2823	3370	90	16	0	152
206	253	159	-10	2088	2648	90	88	0	519
207	86	126	-20	1540	1777	90	61	0	312
208	269	83	-10	649	1509	90	83	0	236
209	361	125	10	1164	1769	90	0	650	397
210	172	89	-20	1437	1681	90	388	0	81
211	158	379	-20	1665	2336	90	269	0	453
212	356	177	20	853	1442	0	0	807	321
213	89	87	-10	2342	2802	90	725	0	424
214	245	136	10	134	609	90	0	610	132
215	341	269	10	416	835	90	0	270	169
216	16	56	-20	1901	2444	90	545	0	397
217	278	40	20	178	482	90	0	546	76
218	252	154	-10	2409	2518	90	552	0	302
219	264	95	-20	2277	2650	90	26	0	574
220	99	132	-20	2266	2793	90	381	0	500
221	134	261	-10	2622	3528	90	444	0	536
222	90	138	30	1717	2389	90	0	156	565
223	130	88	20	132	879	90	0	14	146
224	265	248	-20	1193	1632	90	92	0	239
225	291	215	-20	1592	2364	90	139	0	149
226	250	134	-20	2730	3162	90	560	0	543
227	275	9	-10	1980	2238	90	449	0	484
228	145	93	10	120	763	90	0	243	160
229	350	105	10	177	1088	90	0	192	125
230	256	370	-30	2578	2666	90	85	0	594
231	255	100	30	2575	3498	90	0	660	845
232	108	95	20	3168	3178	90	0	174	759
233	278	7	-20	814	1518	90	534	0	240
234	302	104	-10	1171	2208	90	588	0	285
235	140	118	10	101	656	90	0	579	138
236	74	193	20	126	452	90	0	2	81
237	123	189	-30	1005	1593	90	622	0	116
238	227	392	20	728	1189	90	0	380	248
239	55	81	-30	867	1041	90	98	0	113
240	41	246	30	1700	2323	90	0	346	539
241	246	119	20	93	1046	90	0	433	184
242	144	343	30	153	1166	90	0	56	253
243	163	81	-10	1538	2146	90	228	0	160
244	125	369	10	1333	1657	90	0	599	368
245	53	215	-20	926	1154	90	430	0	197
246	252	259	-20	584	1285	90	515	0	239
247	185	175	10	916	1427	90	0	617	349
248	78	127	20	982	1957	90	0	780	453
249	212	185	-10	2267	2851	90	476	0	473
250	134	360	-10	580	1066	90	400	0	200
251	265	262	-10	644	1611	90	543	0	85
252	64	235	-30	1901	2899	90	138	0	263
253	79	178	-10	2886	3599	90	305	0	721
254	178	48	-10	2605	3568	90	458	0	824
255	274	204	10	1183	2004	90	0	587	482
256	274	230	-10	1856	2331	90	135	0	346
257	282	213	-10	1231	2342	90	140	0	433
258	343	296	20	1409	1973	90	0	557	450
259	75	78	20	345	566	90	0	475	97
260	197	24	10	847	1228	90	0	20	262
261	50	248	-20	1756	2465	90	712	0	241
262	288	184	10	595	1237	90	0	492	286
263	158	101	20	591	828	90	0	777	180
264	282	104	-10	1719	2431	90	5	0	203
265	170	97	20	862	1316	90	0	320	302
266	108	185	-10	1186	1802	90	112	0	205
267	152	78	-20	329	682	90	427	0	112
268	59	80	30	510	986	90	0	736	200
269	127	372	20	1178	1999	90	0	211	453
270	348	283	-10	857	1359	90	215	0	169
271	250	8	20	414	940	90	0	755	185
272	288	357	10	2151	2970	90	0	22	697
273	215	107	-20	1269	1787	90	567	0	313
274	164	156	20	2357	3125	90	0	52	720
275	179	88	30	2536	3516	90	0	772	763
276	77	134	-30	2087	2878	90	51	0	237
277	154	342	20	3352	3507	0	0	805	839
278	200	12	20	2222	2963	90	0	421	649
279	361	295	20	1752	2211	90	0	503	492
280	341	287	10	816	1596	90	0	17	357
281	152	181	10	2717	3391	0	0	813	834
282	146	361	20	336	741	90	0	434	142
283	112	129	20	2731	3117	90	0	416	750
284	91	133	10	127	697	90	0	393	142
285	339	181	20	1165	1525	90	0	732	346
286	100	71	-10	1725	2471	90	532	0	274
287	244	277	-10	2884	3117	90	714	0	93
288	55	60	20	2162	2995	90	0	363	698
289	148	345	-10	2987	3498	90	318	0	719
290	254	373	-40	1373	1678	90	514	0	156
291	198	90	-10	2148	2852	90	119	0	466
292	59	190	10	1627	2480	90	0	699	584
293	215	116	-10	2533	3262	90	167	0	193
294	50	219	-10	1216	1451	90	507	0	255
295	110	121	-20	2631	3022	90	745	0	699
296	275	29	20	186	725	90	0	481	134
297	274	2	30	694	1258	90	0	25	261
298	45	210	10	617	1264	90	0	3	277
299	122	130	-10	2628	3420	90	506	0	751
300	51	246	-20	1780	2626	90	113	0	365
301	92	131	20	199	604	90	0	729	118
302	143	76	-20	1891	2195	90	379	0	365
303	281	10	-30	1437	2216	90	624	0	311
304	74	85	30	170	771	90	0	136	150
305	78	188	10	2697	3008	90	0	253	721
306	338	161	20	2163	3079	90	0	409	679
307	210	185	30	2106	3196	0	0	814	794
308	186	73	20	2711	2764	90	0	45	659
309	55	54	-20	2101	2864	90	64	0	608
310	46	239	20	1703	2122	90	0	413	490
311	204	21	10	748	1892	90	0	743	422
312	249	353	-30	252	1029	90	638	0	122
313	263	110	10	3148	3490	90	0	710	783
314	339	281	10	725	1879	90	0	362	428
315	249	354	-20	161	1001	90	589	0	181
316	90	178	-10	2434	3609	90	502	0	846
317	151	141	-10	1837	3045	90	429	0	342
318	156	353	10	2872	3038	90	0	289	719
319	53	198	10	1582	1957	90	0	468	452
320	151	69	-20	1883	2795	90	265	0	302
321	252	227	20	58	728	90	0	68	167
322	288	23	30	2469	2892	90	0	640	673
323	299	108	10	1666	1903	90	0	718	441
324	279	98	-10	2019	2517	90	779	0	531
325	276	350	20	2671	3425	90	0	392	805
326	187	186	20	426	1337	90	0	347	329
327	211	110	-30	2407	3001	90	81	0	668
328	210	35	20	1325	1888	90	0	369	430
329	389	128	-10	1831	2079	90	479	0	445
330	263	259	10	986	1457	90	0	145	342
331	241	394	10	941	1374	90	0	489	293
332	76	230	-10	2107	2898	90	478	0	280
333	206	29	10	1306	1531	90	0	447	339
334	280	200	-10	1133	1670	90	551	0	334
335	140	90	30	125	536	90	0	706	102
336	300	203	20	2030	2695	90	0	719	648
337	136	117	10	104	765	90	0	482	165
338	298	22	-20	2469	3471	90	157	0	697
339	343	264	-20	498	561	90	163	0	78
340	69	179	-30	1982	3153	90	384	0	154
341	275	184	-20	534	909	90	365	0	184
342	384	111	-20	655	1304	90	435	0	138
343	77	212	10	1138	1366	90	0	701	310
344	209	37	-10	1446	2143	90	131	0	174
345	287	211	-10	1486	2279	90	71	0	356
346	76	219	-30	2527	2868	90	240	0	539
347	218	172	-20	1610	1917	90	326	0	329
348	267	360	10	2640	2887	90	0	39	678
349	271	21	20	2314	2472	0	0	802	569
350	179	30	-20	2626	3164	90	713	0	722
351	228	196	-10	1912	2439	90	396	0	191
352	204	183	-20	2783	3274	90	441	0	719
353	190	36	-20	2896	3511	90	176	0	655
354	272	223	-30	3046	3297	90	190	0	168
355	268	97	-10	2136	2602	90	402	0	531
356	266	90	10	2577	2721	90	0	724	648
357	291	364	-30	2032	2508	90	172	0	540
358	168	123	-10	1589	2043	90	127	0	232
359	125	176	-30	1349	1858	90	378	0	273
360	214	56	-20	243	662	90	382	0	104
361	350	157	-30	1680	2354	90	627	0	474
362	346	294	-10	1591	1980	90	314	0	428
363	126	103	-20	2930	3599	90	288	0	698
364	123	250	-20	1605	1846	90	631	0	75
365	275	191	20	75	1376	90	0	341	184
366	267	393	30	1534	2305	90	0	159	525
367	276	93	10	293	1463	90	0	394	332
368	69	90	-20	171	1385	90	628	0	262
369	223	13	-20	1584	2624	90	328	0	430
370	255	384	-10	1227	1856	90	505	0	242
371	248	114	-40	564	1399	90	474	0	82
372	78	207	-10	684	1448	90	797	0	296
373	243	103	20	415	1145	90	0	682	259
374	73	130	-20	2161	2236	90	770	0	497
375	199	190	-10	2860	3394	90	19	0	611
376	140	265	10	2842	3501	90	0	738	853
377	147	367	-20	2023	3116	90	76	0	206
378	130	186	30	856	1167	90	0	359	273
379	174	92	20	992	1573	90	0	302	365
380	256	396	-20	1735	1918	90	238	0	248
381	76	139	20	1569	2139	90	0	220	500
382	207	55	20	145	1161	90	0	360	104
383	260	156	40	2127	2225	0	0	810	537
384	64	220	30	328	754	90	0	340	154
385	80	181	10	2978	3486	90	0	144	796
386	43	66	-10	2011	2095	90	467	0	180
387	234	172	20	1678	2262	90	0	595	554
388	152	81	20	371	454	90	0	210	81
389	73	71	10	2793	3540	90	0	578	814
390	124	160	10	1648	2143	90	0	549	514
391	165	93	-20	493	1491	90	395	0	231
392	273	342	-20	3348	3489	90	325	0	805
393	83	212	-10	2823	3604	90	284	0	142
394	296	77	-10	1083	1694	90	367	0	332
395	154	95	20	183	1042	90	0	391	231
396	194	187	10	234	781	90	0	351	191
397	264	384	-10	1756	2719	90	800	0	61
398	141	350	20	161	688	90	0	168	131
399	137	124	-10	1922	2551	90	179	0	258
400	138	356	10	167	995	90	0	250	200
401	381	113	10	610	1536	90	0	120	333
402	289	105	10	1514	2257	90	0	355	531
403	46	227	-10	1155	1315	90	792	0	80
404	191	209	20	376	414	90	0	29	100
405	72	60	-30	1200	2395	90	62	0	313
406	67	68	-10	2661	3303	90	585	0	749
407	188	212	10	16	835	90	0	116	162
408	231	143	30	64	494	90	0	530	107
409	332	148	-20	2485	2965	90	306	0	679
410	162	110	-20	1428	2412	90	531	0	233
411	141	192	30	113	1150	90	0	4	272
412	244	70	20	213	865	90	0	143	181
413	74	218	-20	2371	3208	90	310	0	490
414	136	250	-10	2649	3298	90	191	0	448
415	54	218	10	937	1328	90	0	756	295
416	174	153	-20	2621	3434	90	283	0	750
417	390	134	20	2100	3323	90	0	82	780
418	201	13	10	2191	2811	0	0	806	655
419	278	14	20	1871	2155	90	0	757	488
420	260	249	30	77	752	90	0	619	168
421	180	21	-20	2693	2899	90	278	0	649
422	118	148	-30	3069	3379	90	173	0	778
423	160	361	-20	2515	3013	90	57	0	551
424	131	240	-30	2157	3039	90	201	0	612
425	364	95	20	194	818	90	0	707	155
426	147	84	20	127	683	90	0	685	138
427	140	98	20	118	666	90	0	267	112
428	233	101	-40	761	1523	90	155	0	311
429	171	143	10	655	1435	90	0	317	342
430	40	204	20	733	952	90	0	245	197
431	125	225	10	1792	2815	90	0	154	683
432	260	161	-20	2152	2390	90	509	0	543
433	238	91	-20	115	952	90	241	0	184
434	146	381	-20	1333	2066	90	282	0	142
435	386	107	20	603	761	90	0	342	138
436	103	135	20	116	828	90	0	32	177
437	248	120	-10	932	1222	90	96	0	252
438	282	242	-20	1800	2980	90	749	0	549
439	358	175	30	675	1040	90	0	782	217
440	76	83	20	1078	1216	90	0	697	261
441	219	114	20	2640	2967	90	0	352	719
442	276	127	30	105	1075	90	0	540	170
443	365	178	20	535	985	90	0	110	204
444	124	250	10	1395	2238	90	0	221	536
445	185	177	-20	671	1488	90	615	0	205
446	137	77	-20	1969	2309	90	148	0	357
447	169	52	-10	2739	3570	90	333	0	339
448	111	261	-10	1122	1698	90	508	0	232
449	278	15	10	1706	2138	90	0	227	484
450	286	259	-30	2391	2973	90	570	0	626
451	173	278	-10	559	1192	90	519	0	239
452	266	395	-10	1388	2266	90	762	0	338
453	266	351	20	413	1279	0	0	803	278
454	132	353	20	777	1248	90	0	582	270
455	328	158	-20	2759	3072	90	688	0	710
456	277	103	20	499	876	90	0	760	147
457	75	136	-20	2204	2947	90	765	0	395
458	193	38	10	2839	3559	90	0	254	824
459	358	188	20	158	981	90	0	169	205
460	130	263	10	94	1078	90	0	684	245
461	342	168	-20	1257	2207	90	759	0	489
462	258	134	-10	2518	2995	90	705	0	247
463	183	56	20	145	569	90	0	204	106
464	79	128	-10	2336	2436	90	199	0	330
465	146	164	10	2637	3075	90	0	487	752
466	202	171	20	1232	1901	90	0	690	467
467	68	87	10	218	896	90	0	386	180
468	61	183	-10	2078	2677	90	319	0	452
469	264	375	-20	2130	2916	90	626	0	594
470	309	215	10	2305	2630	90	0	65	619
471	44	95	30	1211	1783	90	0	536	398
472	64	83	30	373	932	90	0	516	188
473	187	92	-20	3059	3191	90	134	0	323
474	239	137	40	146	403	90	0	371	82
475	40	73	-20	1843	2069	90	259	0	97
476	196	164	10	1006	1930	90	0	249	473
477	238	264	-10	3146	3448	90	151	0	736
478	64	193	10	136	1259	90	0	332	280
479	369	135	10	1173	1964	90	0	329	445
480	72	118	30	779	1379	90	0	78	306
481	267	4	-20	429	1329	90	296	0	134
482	122	142	-10	3043	3209	90	337	0	165
483	305	379	-30	2035	2284	90	73	0	79
484	166	133	10	1421	1828	90	0	527	438
485	117	92	30	136	665	90	0	648	132
486	275	269	-10	2442	3131	90	13	0	641
487	153	180	-10	2781	3511	90	465	0	752
488	100	115	20	364	932	90	0	773	200
489	246	390	-10	1306	1574	90	331	0	293
490	150	370	-20	2301	2650	90	668	0	357
491	164	138	10	1124	1357	90	0	496	321
492	296	209	-10	1965	2374	90	262	0	286
493	178	81	-20	2749	3109	90	639	0	585
494	162	69	-30	2414	2652	90	651	0	598
495	380	129	10	2115	2925	90	0	141	682
496	166	124	-10	1458	1988	90	491	0	321
497	349	179	-20	1071	1418	90	133	0	284
498	50	204	20	304	1181	90	0	564	257
499	66	121	10	1433	2210	90	0	562	478
500	130	235	-30	2086	2723	90	522	0	506
501	231	263	-10	3159	3629	90	1	0	822
502	84	192	10	2387	3512	90	0	316	846
503	365	288	-20	1906	2254	90	279	0	492
504	137	272	50	244	1071	90	0	708	203
505	156	271	10	479	1054	90	0	370	242
506	99	84	10	2979	3159	90	0	299	751
507	64	219	10	137	1159	90	0	294	255
508	68	199	10	305	1064	90	0	448	232
509	280	142	20	1665	2459	90	0	432	543
510	228	32	-40	1715	2274	90	178	0	468
511	363	276	-20	2538	2644	90	784	0	587
512	114	102	20	130	968	90	0	766	209
513	365	158	-10	1697	2729	90	158	0	228
514	132	274	40	396	728	90	0	290	156
515	246	246	20	94	1022	90	0	246	239
516	48	95	-30	681	1438	90	472	0	188
517	207	179	-10	2737	3130	90	597	0	701
518	152	136	-20	1914	2778	90	673	0	449
519	137	288	10	567	1438	90	0	451	239
520	238	399	-20	609	1514	90	796	0	228
521	299	234	30	2411	3315	90	0	661	802
522	123	252	30	1701	2117	90	0	500	506
523	99	114	30	409	1071	90	0	645	234
524	78	230	-10	1152	1569	90	664	0	115
525	223	189	-10	2238	2497	90	533	0	590
526	253	259	10	603	1448	90	0	686	342
527	147	115	-10	1831	2435	90	484	0	438
528	211	34	-30	962	2069	90	124	0	361
529	92	88	-20	2224	3105	90	180	0	257
530	254	137	-30	2384	2757	90	408	0	107
531	189	112	20	266	1021	90	0	410	233
532	106	83	10	896	1248	90	0	286	274
533	228	180	10	1739	2401	90	0	525	590
534	266	10	20	403	1163	90	0	233	240
535	135	176	-20	1742	2632	90	6	0	492
536	69	70	-30	2631	3517	90	471	0	398
537	208	91	30	1310	2325	0	0	816	553
538	277	376	-30	1622	2461	90	731	0	447
539	54	222	20	1158	1699	90	0	683	387
540	275	95	-30	663	908	90	442	0	170
541	259	90	-10	2472	3021	90	709	0	442
542	70	142	-10	2029	3317	90	692	0	257
543	256	235	10	66	410	90	0	251	85
544	389	122	-20	1545	2557	90	641	0	192
545	40	83	20	1540	1789	90	0	216	397
546	272	31	-20	183	1015	90	217	0	76
547	210	93	-10	1460	1807	90	175	0	333
548	144	261	-30	3250	3466	90	591	0	821
549	144	183	-10	2021	2919	90	390	0	514
550	70	63	-40	2506	3265	90	763	0	668
551	289	203	10	993	1427	90	0	334	334
552	255	117	10	1221	1311	90	0	218	302
553	155	349	-10	2635	3464	90	761	0	587
554	351	238	-10	2719	3458	90	33	0	719
555	289	211	-20	1837	2307	90	580	0	255
556	173	125	-20	501	1188	90	181	0	194
557	363	270	-20	1999	2991	90	258	0	450
558	88	143	20	1751	2163	0	0	808	509
559	270	380	-30	1931	2738	90	563	0	120
560	275	143	20	1449	2268	90	0	226	543
561	330	173	-20	1159	1916	90	108	0	195
562	74	124	-10	1858	2168	90	499	0	478
563	132	267	30	168	579	90	0	559	120
564	78	184	-20	2458	3059	90	498	0	257
565	107	84	-10	569	1392	90	93	0	167
566	143	187	20	58	871	90	0	66	203
567	228	97	20	1117	1360	90	0	273	313
568	269	241	-20	1842	2142	90	36	0	343
569	132	251	-10	2602	2976	90	586	0	448
570	280	240	30	1998	2595	90	0	450	626
571	59	226	10	1277	1963	90	0	12	454
572	236	249	-10	3446	3553	90	27	0	807
573	196	35	10	298	1022	90	0	787	214
574	94	84	20	2290	2481	90	0	681	580
575	142	363	20	359	907	90	0	122	183
576	254	250	20	73	882	90	0	107	202
577	66	202	20	407	775	90	0	747	160
578	105	98	-10	2966	3569	90	389	0	814
579	102	125	-10	2446	3008	90	235	0	138
580	283	187	20	531	1108	90	0	555	255
581	272	32	30	304	443	90	0	99	65
582	129	361	-20	798	1621	90	454	0	270
583	86	122	-10	540	1032	90	74	0	200
584	258	359	30	584	1310	90	0	635	251
585	75	49	10	2252	3309	90	0	406	749
586	122	261	10	544	1895	90	0	569	448
587	300	200	-10	1752	2788	90	255	0	482
588	281	86	10	669	1283	90	0	234	285
589	240	366	20	170	1002	90	0	315	181
590	207	91	30	1313	2141	90	0	28	507
591	141	263	30	3148	3380	90	0	548	821
592	146	196	20	54	487	90	0	702	108
593	41	79	-10	1252	2266	90	715	0	371
594	244	358	10	164	1050	90	0	730	133
595	215	188	-20	2234	2697	90	387	0	554
596	265	94	20	2435	2676	90	0	189	637
597	208	104	10	2314	2902	90	0	517	701
598	175	89	10	1190	1560	90	0	8	361
599	147	374	-10	1988	2772	90	244	0	368
600	199	35	20	493	1014	90	0	693	212
601	226	385	-20	332	1020	90	198	0	184
602	202	42	20	494	628	90	0	160	117
603	219	84	30	1868	2350	90	0	86	558
604	331	268	30	147	635	90	0	691	121
605	38	87	30	1345	1795	90	0	620	399
606	93	80	-10	1969	2431	90	41	0	283
607	141	202	20	59	305	90	0	102	61
608	240	97	10	413	954	90	0	91	210
609	240	389	-30	1001	1688	90	47	0	136
610	280	126	-10	1300	2201	90	214	0	132
611	268	149	10	1429	2487	90	0	741	600
612	258	387	-10	1630	1824	90	746	0	241
613	388	278	-10	2040	2538	90	188	0	552
614	167	68	30	2359	2898	0	0	811	690
615	195	184	20	547	840	90	0	445	205
616	329	289	-10	1294	1878	90	129	0	404
617	182	171	-10	770	1764	90	247	0	349
618	265	202	20	88	588	90	0	799	130
619	273	257	-30	1292	1918	90	420	0	168
620	43	54	-30	2209	2551	90	605	0	399
621	273	393	-20	1521	2347	90	657	0	113
622	149	192	30	175	516	90	0	237	116
623	62	193	40	1490	2429	90	0	672	572
624	282	7	30	1064	1456	90	0	303	311
625	222	89	-10	1907	2119	90	733	0	208
626	270	386	20	1707	2575	90	0	469	594
627	348	161	30	1795	2051	90	0	361	474
628	90	111	20	668	1190	90	0	368	262
629	384	183	20	184	1084	90	0	9	124
630	126	187	30	673	1738	90	0	142	390
631	96	196	20	104	406	90	0	364	75
632	397	140	-30	2668	3137	90	667	0	221
633	156	144	30	2286	2788	90	0	654	679
634	83	186	-20	2800	3472	90	675	0	427
635	261	363	-30	813	1272	90	584	0	251
636	231	385	20	424	1118	90	0	783	232
637	183	134	-10	268	613	90	720	0	112
638	267	358	30	171	661	90	0	312	122
639	153	73	20	2391	2476	90	0	493	585
640	286	17	-30	2356	3198	90	322	0	673
641	392	106	20	571	985	90	0	544	192
642	97	91	-20	2788	2974	90	646	0	194
643	71	115	40	1051	1681	90	0	132	381
644	226	102	-20	1251	1417	90	748	0	146
645	166	151	-30	2515	3343	90	523	0	234
646	116	90	20	138	918	90	0	642	194
647	118	261	-10	974	1653	90	726	0	168
648	90	66	-30	1848	1964	90	485	0	132
649	249	252	10	544	947	90	0	162	218
650	396	135	-10	2542	3073	90	209	0	397
651	140	69	30	1762	2714	90	0	494	598
652	200	203	10	3	372	90	0	87	92
653	284	5	30	1098	1608	90	0	123	348
654	155	159	-30	2375	2908	90	633	0	679
655	206	185	-20	2464	3209	90	100	0	130
656	138	170	30	2498	2831	90	0	23	690
657	241	360	20	165	619	90	0	621	113
658	86	140	-30	2818	3325	90	696	0	769
659	379	124	10	1598	2704	90	0	721	584
660	242	116	-30	3103	3628	90	231	0	845
661	262	213	-30	2786	3658	90	521	0	802
662	343	169	20	1418	2229	90	0	737	520
663	160	138	-30	992	1678	90	104	0	168
664	93	132	10	126	590	90	0	524	115
665	122	253	20	1573	2428	90	0	59	533
666	172	164	20	2704	3554	0	0	812	877
667	398	104	30	641	1107	90	0	632	221
668	125	362	20	1187	1609	90	0	490	357
669	343	279	-20	409	1235	90	786	0	245
670	241	366	30	214	729	90	0	678	139
671	85	105	-20	2442	3104	90	170	0	499
672	73	183	-40	2328	2998	90	623	0	572
673	159	129	20	1174	1878	90	0	518	449
674	208	187	-30	2234	3255	90	109	0	442
675	60	201	20	1493	1851	90	0	634	427
676	149	244	20	2372	3654	0	0	809	896
677	294	230	-30	2231	3302	90	149	0	712
678	236	266	-30	2934	3475	90	670	0	139
679	317	165	-10	2660	3377	90	18	0	322
680	38	172	10	1790	2554	90	0	34	555
681	98	86	-20	2705	3249	90	574	0	580
682	254	135	-20	2472	2853	90	373	0	259
683	56	196	-20	1593	2134	90	539	0	387
684	237	366	-10	2380	3276	90	460	0	245
685	161	101	-20	590	1015	90	426	0	138
686	268	244	-10	1662	2135	90	526	0	342
687	70	207	-10	2742	3229	90	795	0	751
688	329	156	20	2413	3235	90	0	455	710
689	273	187	-10	505	751	90	75	0	138
690	225	197	-20	2029	2509	90	466	0	467
691	349	276	-30	559	892	90	604	0	121
692	83	122	10	217	1169	90	0	542	257
693	200	21	-20	816	1448	90	600	0	212
694	290	6	-20	1287	1983	90	38	0	145
695	39	117	-10	1147	1622	90	735	0	334
696	72	155	30	2318	3233	90	0	658	769
697	79	135	-20	1693	1826	90	440	0	261
698	121	56	-10	1228	1541	90	54	0	321
699	94	175	-10	2935	3613	90	292	0	584
700	36	90	10	1120	1833	90	0	150	408
701	61	222	-10	1071	1980	90	343	0	310
702	140	187	-20	61	1112	90	592	0	108
703	119	276	20	799	1429	90	0	182	329
704	60	239	-20	1935	2674	90	37	0	196
705	259	117	10	101	1090	90	0	462	247
706	92	84	-30	2272	2682	90	335	0	102
707	380	127	-20	2078	2778	90	425	0	155
708	130	273	-50	101	1005	90	504	0	203
709	293	92	10	1257	1913	90	0	541	442
710	251	132	-10	2350	3358	90	313	0	783
711	114	103	20	129	786	90	0	794	164
712	77	196	20	659	1091	90	0	261	241
713	166	31	20	1910	3549	90	0	350	722
714	246	330	10	137	510	90	0	287	93
715	20	97	10	1046	1692	90	0	593	371
716	145	153	-20	3107	3575	90	97	0	409
717	149	345	-10	2649	3568	90	94	0	827
718	248	133	-10	2271	3639	90	323	0	441
719	281	230	-20	2941	3199	90	336	0	648
720	194	141	10	59	652	90	0	637	112
721	379	127	-10	2047	2626	90	659	0	584
722	54	68	20	739	963	90	0	121	191
723	56	227	20	1508	1918	90	0	789	421
724	261	107	-10	2714	3610	90	356	0	648
725	86	59	10	1506	1879	90	0	213	424
726	68	204	10	190	807	90	0	647	168
727	382	132	-20	2121	3105	90	40	0	526
728	123	175	30	1625	1767	90	0	752	421
729	69	218	-20	2583	3187	90	301	0	118
730	251	368	-10	175	800	90	594	0	133
731	268	375	30	866	1976	90	0	538	447
732	358	142	-20	2040	2783	90	285	0	346
733	228	68	10	527	967	90	0	625	208
734	140	183	-20	2033	2720	90	778	0	581
735	171	147	10	429	1849	90	0	695	334
736	87	71	-30	3146	3550	90	268	0	200
737	362	159	-20	1728	2512	90	662	0	520
738	145	253	-10	3010	3645	90	376	0	853
739	109	82	10	670	1105	90	0	791	238
740	351	281	20	844	998	90	0	196	206
741	245	149	-10	2968	3321	90	611	0	600
742	285	11	-10	1401	2063	90	187	0	425
743	216	35	-10	1807	1977	90	311	0	422
744	280	121	20	112	1005	90	0	128	223
745	102	133	20	1879	2995	90	0	295	699
746	127	264	10	97	1063	90	0	612	241
747	96	251	-20	1266	1770	90	577	0	160
748	243	86	20	160	706	90	0	644	146
749	280	249	20	1301	2290	90	0	438	549
750	262	363	10	686	1581	90	0	161	276
751	261	223	-10	2532	3656	90	103	0	451
752	128	161	-30	1638	2342	90	728	0	421
753	339	261	30	151	907	90	0	774	188
754	257	97	-10	2409	3278	90	785	0	425
755	273	12	-20	2070	2335	90	271	0	185
756	57	210	-10	1194	1951	90	415	0	295
757	299	39	-20	2812	3532	90	419	0	488
758	377	132	-20	1306	2029	90	197	0	271
759	340	166	20	1174	2104	90	0	461	489
760	268	95	-20	125	817	90	456	0	147
761	145	374	10	1862	2533	90	0	553	587
762	239	389	10	958	1548	90	0	452	338
763	68	53	40	2495	2870	90	0	550	668
764	197	18	-30	2394	2985	90	183	0	240
765	73	97	20	1485	1747	90	0	457	395
766	107	138	-20	1913	2587	90	512	0	209
767	141	164	-30	2471	3052	90	55	0	399
768	53	98	10	947	1546	90	0	80	341
769	86	133	10	132	901	90	0	43	192
770	69	126	20	1692	2143	90	0	374	497
771	288	1	20	1210	1869	90	0	137	412
772	177	108	-30	3190	3278	90	275	0	763
773	80	111	-20	945	1587	90	488	0	200
774	352	284	-30	324	1704	90	753	0	188
775	249	384	20	964	2292	90	0	166	487
776	81	132	20	573	614	90	0	31	119
777	185	162	-20	3174	3483	90	263	0	180
778	136	181	20	2170	2393	90	0	734	581
779	286	108	10	1707	2251	90	0	324	531
780	105	135	-20	1963	2724	90	248	0	453
781	280	238	-10	2611	3332	90	186	0	186
782	356	166	-30	786	1128	90	439	0	217
783	297	365	-20	1877	2855	90	636	0	232
784	376	271	20	2191	2593	90	0	511	587
785	292	87	10	1133	1847	90	0	754	425
786	319	274	20	140	1288	90	0	669	245
787	213	11	-10	1899	2696	90	573	0	214
788	243	130	20	82	878	90	0	118	198
789	53	239	-20	1698	1933	90	723	0	421
790	298	362	20	2254	2665	90	0	130	618
791	92	80	-10	2092	2490	90	739	0	238
792	70	213	10	431	453	90	0	403	80
793	153	393	-10	1765	2027	90	84	0	226
794	103	116	-20	185	925	90	711	0	164
795	76	212	10	2589	3597	90	0	687	751
796	202	216	20	16	931	90	0	520	228
797	78	200	10	632	1306	90	0	372	296
798	265	344	20	340	1158	90	0	15	250
799	286	193	-20	619	1411	90	618	0	130
800	139	250	10	78	326	90	0	397	61
801	379	136	-20	1561	1963	90	30	0	443
802	271	21	-20	2314	2472	90	349	0	569
803	266	351	-20	413	1279	90	453	0	278
804	351	264	-20	2953	2991	90	114	0	706
805	154	342	-20	3352	3507	90	277	0	839
806	201	13	-10	2191	2811	90	418	0	655
807	356	177	-20	853	1442	90	212	0	321
808	88	143	-20	1751	2163	90	558	0	509
809	149	244	-20	2372	3654	90	676	0	896
810	260	156	-40	2127	2225	90	383	0	537
811	167	68	-30	2359	2898	90	614	0	690
812	172	164	-20	2704	3554	90	666	0	877
813	152	181	-10	2717	3391	90	281	0	834
814	210	185	-30	2106	3196	90	307	0	794
815	268	224	-30	2912	3620	90	152	0	886
816	208	91	-30	1310	2325	90	537	0	553

