200	700	1
0	200	200	0	0	3811	0	0	0
1	271	343	10	0	3562	90	0	272	592
2	85	208	20	221	381	90	0	683	66
3	82	179	30	0	3602	90	0	527	829
4	132	172	10	2012	2172	90	0	487	524
5	278	109	10	0	3602	90	0	231	843
6	117	170	-10	0	3633	90	502	0	728
7	96	113	20	0	3586	90	0	666	839
8	165	85	-20	0	3601	90	148	0	846
9	371	171	10	0	3548	90	0	707	804
10	141	105	-20	1952	2112	90	193	0	461
11	150	77	-10	1866	2026	90	735	0	450
12	75	208	30	3001	3161	90	0	343	758
13	287	233	-30	0	3628	90	251	0	852
14	113	92	30	0	3583	90	0	447	818
15	271	375	30	0	3533	90	0	290	811
16	201	206	20	16	176	90	0	200	42
17	352	291	10	0	3544	90	0	568	819
18	368	125	10	0	3538	90	0	409	815
19	216	84	-20	0	3604	90	600	0	824
20	183	37	-10	0	3558	90	41	0	808
21	235	115	20	0	3630	90	0	206	856
22	273	345	20	0	3559	90	0	538	811
23	150	178	10	0	3667	90	0	326	879
24	190	186	-10	0	3704	90	247	0	893
25	280	24	-30	0	3528	90	322	0	808
26	282	95	20	0	3588	90	0	117	807
27	261	268	-20	0	3630	90	576	0	861
28	212	93	-20	0	3614	90	344	0	826
29	228	162	-20	0	3674	90	432	0	569
30	379	136	-20	0	3531	90	133	0	88
31	72	221	-20	0	3592	90	631	0	840
32	73	195	-40	0	3594	90	245	0	831
33	351	272	-20	0	3554	90	114	0	822
34	57	183	20	2204	2364	90	0	623	554
35	106	50	-10	1411	1571	90	739	0	324
36	264	253	20	0	3638	90	0	570	545
37	70	184	20	130	290	90	0	542	39
38	255	15	20	498	658	90	0	544	116
39	270	355	30	2870	3030	90	0	469	714
40	380	135	20	1773	1933	90	0	758	435
41	110	84	10	0	3575	90	0	20	808
42	355	192	10	0	3566	90	0	212	825
43	77	209	-20	0	3598	90	577	0	840
44	93	65	40	0	3549	90	0	763	618
45	183	156	20	0	3674	0	0	810	906
46	182	78	30	0	3598	90	0	429	844
47	237	373	-20	490	650	90	205	0	94
48	134	251	-40	2801	2961	90	266	0	676
49	136	240	10	0	3646	90	0	414	866
50	267	125	20	1290	1450	90	0	674	337
51	197	184	30	0	3705	90	0	428	256
52	167	156	-30	0	3666	90	654	0	665
53	268	124	10	0	3620	90	0	307	856
54	127	62	10	1206	1366	90	0	97	302
55	127	180	30	0	3646	90	0	738	851
56	127	350	10	1028	1188	90	0	582	255
57	146	373	20	0	3540	90	0	400	815
58	67	109	10	0	3560	90	0	506	819
59	121	232	10	2126	2286	90	0	548	550
60	134	195	20	649	809	90	0	591	185
61	96	104	20	0	3580	90	0	90	821
62	112	65	-30	0	3560	90	302	0	825
63	351	267	20	0	3556	90	0	749	824
64	34	58	20	0	3503	90	0	736	770
65	312	217	-10	2481	2641	90	334	0	608
66	143	180	-10	0	3661	90	358	0	856
67	63	184	-10	0	3584	90	413	0	832
68	282	248	10	0	3626	90	0	719	857
69	152	363	-20	0	3552	90	76	0	817
70	234	361	30	0	3557	90	0	370	810
71	282	198	-20	0	3639	90	365	0	865
72	377	124	-40	2163	2323	90	194	0	493
73	252	365	30	0	3548	90	0	105	815
74	90	121	-20	0	3586	90	583	0	838
75	253	205	10	0	3668	90	0	190	870
76	137	364	20	0	3546	90	0	69	817
77	93	145	-20	0	3601	90	340	0	834
78	79	139	-20	0	3586	90	253	0	833
79	343	161	-20	0	3573	90	561	0	371
80	74	126	10	0	3575	90	0	770	438
81	212	81	30	0	3602	90	0	160	189
82	371	143	-20	3128	3288	90	208	0	735
83	279	111	-30	0	3602	90	442	0	847
84	146	343	10	0	3569	90	0	501	778
85	265	377	30	0	3533	90	0	287	813
86	214	88	-10	0	3609	90	458	0	825
87	191	175	-20	0	3695	90	170	0	836
88	283	124	10	0	3609	90	0	189	840
89	368	103	20	0	3528	90	0	209	809
90	59	115	-20	0	3557	90	61	0	821
91	249	121	-30	0	3629	90	408	0	39
92	246	247	-20	0	3656	90	515	0	874
93	110	89	-20	0	3579	90	180	0	835
94	151	352	-10	3065	3225	90	519	0	243
95	290	205	10	0	3631	90	0	257	418
96	254	106	-20	0	3613	90	456	0	160
97	93	55	-10	0	3541	90	54	0	302
98	78	97	-30	0	3562	90	304	0	66
99	273	7	20	0	3515	0	0	814	827
100	263	118	20	116	276	90	0	771	43
101	150	381	-20	0	3534	90	575	0	134
102	73	205	10	0	3594	90	0	393	803
103	275	209	-20	0	3646	90	321	0	39
104	204	146	-20	0	3667	90	713	0	726
105	248	377	-30	0	3538	90	73	0	815
106	262	199	30	164	324	90	0	799	65
107	276	252	30	1620	1780	90	0	145	421
108	331	197	20	131	291	90	0	401	39
109	215	174	-40	1590	1750	90	155	0	252
110	334	177	10	0	3586	90	0	560	833
111	272	78	20	0	3580	90	0	709	830
112	133	196	-20	0	3654	90	778	0	870
113	66	228	20	0	3585	90	0	415	832
114	351	264	20	0	3557	90	0	33	822
115	132	360	-10	0	3548	90	599	0	569
116	146	208	20	54	214	90	0	539	39
117	294	26	-20	0	3524	90	26	0	807
118	271	122	20	0	3616	90	0	724	773
119	218	109	-10	1355	1515	90	175	0	229
120	388	145	-30	0	3526	90	329	0	804
121	33	78	-20	0	3515	90	646	0	800
122	154	355	-20	0	3560	90	703	0	818
123	275	16	20	0	3523	90	0	296	808
124	200	18	30	0	3539	90	0	260	816
125	374	121	-10	1192	1352	90	342	0	260
126	332	284	10	1410	1570	90	0	786	353
127	190	138	10	0	3659	90	0	465	863
128	257	102	20	0	3608	90	0	402	838
129	337	282	-10	0	3562	90	314	0	305
130	283	362	-30	0	3539	90	161	0	282
131	195	46	10	0	3567	90	0	466	830
132	73	129	-20	0	3576	90	374	0	834
133	366	195	20	361	521	90	0	30	88
134	162	96	20	0	3611	90	0	243	426
135	252	253	-10	0	3647	90	396	0	143
136	51	95	20	0	3539	90	0	259	811
137	292	20	10	0	3519	90	0	653	799
138	76	210	30	1080	1240	90	0	756	278
139	252	205	-30	0	3669	90	450	0	664
140	272	200	10	0	3649	90	0	443	824
141	380	153	20	0	3535	90	0	455	814
142	111	185	10	1321	1481	90	0	569	347
143	233	86	-40	0	3603	90	625	0	847
144	85	189	-10	2963	3123	90	571	0	711
145	267	251	-30	0	3637	90	107	0	421
146	172	101	-30	0	3619	90	537	0	845
147	87	204	20	126	286	90	0	680	43
148	173	88	20	0	3606	90	0	8	846
149	301	218	-10	0	3619	90	255	0	856
150	68	70	20	0	3536	0	0	803	837
151	270	358	-20	0	3549	90	775	0	808
152	268	224	-20	0	3649	90	781	0	862
153	177	135	-20	0	3653	90	637	0	872
154	130	245	-30	0	3638	90	411	0	162
155	237	93	40	963	1123	90	0	109	252
156	96	122	-20	0	3591	90	236	0	46
157	285	23	20	0	3525	90	0	742	378
158	356	172	10	0	3563	90	0	497	828
159	274	346	-10	0	3558	90	750	0	818
160	200	26	-30	864	1024	90	81	0	189
161	266	368	30	1150	1310	90	0	130	282
162	290	255	-30	0	3616	90	604	0	44
163	333	264	20	258	418	90	0	669	67
164	194	160	20	0	3681	90	0	445	886
165	299	31	10	0	3526	90	0	755	800
166	261	391	-10	1650	1810	90	601	0	374
167	224	63	10	570	730	90	0	733	147
168	130	364	-10	0	3543	90	244	0	815
169	361	156	40	2227	2387	90	0	306	555
170	83	125	20	0	3583	90	0	87	836
171	170	86	-20	0	3604	90	265	0	848
172	289	392	30	1951	2111	90	0	526	474
173	75	153	30	0	3588	90	0	711	826
174	110	101	10	3283	3443	90	0	399	827
175	236	91	10	871	1031	90	0	119	229
176	214	20	-30	0	3541	90	293	0	817
177	76	118	-30	0	3573	90	562	0	832
178	206	38	-30	1622	1782	90	764	0	372
179	190	141	10	169	329	90	0	633	67
180	108	87	20	0	3576	90	0	93	835
181	187	129	20	457	617	90	0	673	136
182	256	386	-20	1553	1713	90	198	0	188
183	202	33	30	0	3554	90	0	311	818
184	371	113	30	0	3530	90	0	595	811
185	131	186	10	0	3651	90	0	728	866
186	241	251	-20	0	3656	90	397	0	530
187	286	5	10	1365	1525	90	0	303	327
188	364	284	10	0	3537	90	0	616	813
189	250	97	-10	0	3607	90	88	0	840
190	272	193	-10	0	3649	90	75	0	870
191	104	252	10	0	3612	90	0	717	777
192	370	95	20	0	3522	90	0	650	794
193	97	139	20	0	3602	90	0	10	461
194	263	80	40	0	3586	90	0	72	493
195	224	131	30	0	3648	90	0	748	847
196	354	273	20	0	3551	90	0	511	818
197	353	102	-20	0	3540	90	412	0	799
198	230	387	20	783	943	90	0	182	188
199	70	114	10	0	3566	0	0	805	852
200	149	393	-20	1722	1882	90	16	0	42
201	117	252	30	2015	2175	90	0	448	519
202	163	135	30	0	3647	90	0	274	658
203	176	121	20	670	830	90	0	663	186
204	217	8	-20	0	3529	90	528	0	811
205	242	283	20	0	3628	90	0	47	94
206	253	159	-20	0	3654	90	21	0	856
207	86	126	10	0	3586	90	0	697	400
208	269	83	20	0	3586	90	0	82	735
209	361	125	-20	0	3544	90	89	0	809
210	172	89	-20	0	3607	90	427	0	841
211	158	379	-10	0	3538	90	490	0	814
212	356	177	-10	0	3564	90	42	0	825
213	89	87	20	0	3563	90	0	389	817
214	245	136	-20	0	3643	90	788	0	866
215	341	269	-10	0	3565	90	280	0	822
216	16	56	-30	0	3488	90	309	0	589
217	278	40	20	0	3543	90	0	533	817
218	252	154	20	0	3652	90	0	682	864
219	264	95	30	0	3599	90	0	264	840
220	99	132	-20	0	3600	90	381	0	836
221	134	261	-10	2995	3155	90	800	0	743
222	90	138	-10	0	3595	90	235	0	837
223	130	88	-30	0	3589	90	410	0	840
224	265	248	10	0	3641	90	0	438	860
225	291	215	-30	1898	2058	90	555	0	468
226	250	134	10	0	3639	90	0	718	865
227	275	9	-20	0	3516	90	338	0	799
228	145	93	10	229	389	90	0	263	67
229	350	105	10	0	3544	90	0	425	810
230	256	370	-20	2542	2702	90	621	0	594
231	255	100	-10	0	3607	90	5	0	843
232	108	95	-10	0	3582	90	585	0	809
233	278	7	-30	0	3513	90	624	0	802
234	302	104	-10	0	3581	90	785	0	831
235	140	118	10	0	3620	90	0	222	837
236	74	193	20	151	311	90	0	156	46
237	123	189	30	0	3644	90	0	359	375
238	227	392	20	0	3528	90	0	730	807
239	55	81	40	874	1034	90	0	593	211
240	41	246	30	0	3556	90	0	656	818
241	246	119	20	0	3628	90	0	710	859
242	144	343	30	0	3568	90	0	761	500
243	163	81	-20	1762	1922	90	134	0	426
244	125	369	10	0	3537	90	0	168	815
245	53	215	40	0	3574	90	0	32	831
246	252	259	-20	0	3643	90	315	0	824
247	185	175	10	0	3692	90	0	24	893
248	78	127	-20	0	3579	90	464	0	836
249	212	185	-20	0	3702	90	462	0	863
250	134	360	10	0	3548	90	0	678	811
251	265	262	30	0	3632	90	0	13	852
252	64	235	20	0	3581	90	0	634	830
253	79	178	20	0	3599	90	0	78	833
254	178	48	-10	0	3568	90	532	0	811
255	274	204	10	0	3647	90	0	149	856
256	274	230	20	0	3642	90	0	354	867
257	282	213	-10	1707	1867	90	95	0	418
258	343	296	-20	0	3549	90	339	0	817
259	75	78	-20	0	3547	90	136	0	811
260	197	24	-30	0	3545	90	124	0	816
261	50	248	-20	0	3564	90	524	0	828
262	288	184	-20	0	3632	90	361	0	829
263	158	101	-10	630	790	90	228	0	67
264	282	104	-30	0	3595	90	219	0	840
265	170	97	20	0	3614	90	0	171	848
266	108	185	40	0	3628	90	0	48	676
267	152	78	10	426	586	90	0	651	113
268	59	80	30	0	3536	90	0	550	809
269	127	372	20	0	3535	90	0	454	814
270	348	283	30	0	3552	90	0	613	804
271	250	8	-10	0	3523	90	640	0	798
272	288	357	-10	2480	2640	90	1	0	592
273	215	107	30	0	3627	90	0	573	824
274	164	156	-30	2661	2821	90	202	0	658
275	179	88	-30	2946	3106	90	590	0	719
276	77	134	40	0	3582	90	0	716	780
277	154	342	-20	3349	3509	90	665	0	496
278	200	12	20	0	3533	90	0	382	813
279	361	295	-20	0	3535	90	740	0	207
280	341	287	10	0	3556	90	0	215	822
281	152	181	-20	0	3670	90	496	0	859
282	146	361	-20	459	619	90	398	0	65
283	112	129	-10	0	3608	90	692	0	836
284	91	133	-20	229	389	90	436	0	39
285	339	181	-20	0	3581	90	373	0	815
286	100	71	20	0	3558	90	0	485	826
287	244	277	-30	0	3633	90	85	0	813
288	55	60	-20	0	3520	90	545	0	801
289	148	345	-30	3162	3322	90	708	0	764
290	254	373	-30	0	3540	90	15	0	811
291	198	90	-20	2420	2580	90	639	0	576
292	59	190	10	1974	2134	90	0	592	498
293	215	116	30	0	3636	90	0	176	817
294	50	219	20	1254	1414	90	0	789	315
295	110	121	10	0	3602	90	0	773	832
296	275	29	-20	0	3535	90	123	0	808
297	274	2	30	0	3510	90	0	546	801
298	45	210	10	0	3566	90	0	699	826
299	122	130	-20	2944	3104	90	776	0	133
300	51	246	-20	0	3566	90	430	0	190
301	92	131	-10	0	3593	90	664	0	843
302	143	76	30	0	3585	90	0	62	825
303	281	10	-10	0	3515	90	187	0	327
304	74	85	30	278	438	90	0	98	66
305	78	188	-10	0	3599	90	797	0	843
306	338	161	-40	0	3578	90	169	0	555
307	210	185	-10	0	3703	90	53	0	856
308	186	73	20	2658	2818	90	0	777	672
309	55	54	30	2402	2562	90	0	216	589
310	46	239	20	0	3563	90	0	723	827
311	204	21	-30	0	3542	90	183	0	818
312	249	353	-20	0	3561	90	684	0	684
313	263	110	-10	0	3612	90	356	0	650
314	339	281	10	1222	1382	90	0	129	305
315	249	354	20	0	3560	90	0	246	824
316	90	178	-20	0	3609	90	701	0	831
317	151	141	-10	0	3645	90	768	0	817
318	156	353	-40	2875	3035	90	514	0	690
319	53	198	10	0	3574	90	0	607	834
320	151	69	10	2259	2419	90	0	597	569
321	252	227	20	58	218	90	0	103	39
322	288	23	30	0	3524	90	0	25	808
323	299	108	-10	1705	1865	90	367	0	206
324	279	98	20	0	3592	90	0	741	843
325	276	350	-30	0	3553	90	638	0	819
326	187	186	-10	0	3702	90	23	0	879
327	211	110	-20	0	3631	90	463	0	833
328	210	35	-20	0	3556	90	547	0	825
329	389	128	30	0	3519	90	0	120	804
330	263	259	10	0	3635	90	0	619	860
331	241	394	-20	0	3523	90	520	0	806
332	76	230	10	0	3594	90	0	384	96
333	206	29	-20	0	3550	90	360	0	97
334	280	200	10	0	3641	90	0	65	608
335	140	90	30	0	3596	90	0	493	836
336	300	203	-30	2283	2443	90	345	0	562
337	136	117	10	104	264	90	0	516	39
338	298	22	20	0	3518	90	0	227	799
339	343	264	20	0	3565	90	0	258	817
340	69	179	20	0	3589	90	0	77	834
341	275	184	-20	0	3645	90	580	0	865
342	384	111	10	0	3517	90	0	125	260
343	77	212	-30	0	3598	90	12	0	758
344	209	37	20	0	3558	90	0	28	826
345	287	211	30	0	3634	90	0	336	562
346	76	219	-20	0	3596	90	687	0	840
347	218	172	10	0	3688	90	0	352	890
348	267	360	10	0	3548	90	0	790	809
349	271	21	20	0	3529	90	0	534	806
350	179	30	-30	2815	2975	90	446	0	670
351	228	196	-10	0	3693	90	677	0	686
352	204	183	-10	0	3704	90	347	0	890
353	190	36	-10	0	3557	90	418	0	813
354	272	223	-20	0	3646	90	256	0	867
355	268	97	10	0	3598	90	0	760	845
356	266	90	10	2569	2729	90	0	313	650
357	291	364	-30	0	3534	90	483	0	803
358	168	123	10	0	3638	90	0	66	856
359	125	176	-30	1524	1684	90	237	0	375
360	214	56	20	373	533	90	0	333	97
361	350	157	20	0	3565	90	0	262	829
362	346	294	-20	0	3548	90	557	0	599
363	126	103	-10	3389	3549	90	780	0	576
364	123	250	-30	0	3630	90	522	0	861
365	275	191	20	0	3646	90	0	71	865
366	267	393	30	0	3517	90	0	559	805
367	276	93	10	798	958	90	0	323	206
368	69	90	30	0	3550	90	0	536	718
369	223	13	-20	0	3533	90	693	0	809
370	255	384	-30	0	3529	90	70	0	810
371	248	114	-10	0	3623	90	517	0	858
372	78	207	10	0	3599	90	0	468	834
373	243	103	20	0	3615	90	0	285	815
374	73	130	20	0	3576	90	0	132	834
375	199	190	20	0	3711	0	0	811	925
376	140	265	-20	0	3633	90	702	0	138
377	147	367	-20	2490	2650	90	434	0	589
378	130	186	30	0	3650	90	0	676	853
379	174	92	-10	1202	1362	90	685	0	287
380	256	396	20	1746	1906	90	0	452	425
381	76	139	20	0	3583	90	0	220	836
382	207	55	-20	0	3576	90	278	0	813
383	260	156	40	0	3647	90	0	611	865
384	64	220	-10	461	621	90	332	0	96
385	80	181	-20	3152	3312	90	712	0	770
386	43	66	-10	0	3515	90	715	0	794
387	234	172	20	0	3677	90	0	754	847
388	152	81	20	0	3593	90	0	698	824
389	73	71	-20	0	3540	90	213	0	817
390	124	160	-10	0	3636	90	556	0	211
391	165	93	30	0	3609	90	0	772	851
392	273	342	-30	0	3562	90	584	0	820
393	83	212	-10	3285	3445	90	102	0	803
394	296	77	10	0	3565	90	0	581	810
395	154	95	-10	0	3607	90	416	0	850
396	194	187	10	427	587	90	0	135	143
397	264	384	20	2157	2317	90	0	186	530
398	141	350	20	262	422	90	0	282	65
399	137	124	-10	0	3623	90	174	0	827
400	138	356	-20	0	3554	90	57	0	815
401	381	113	-20	0	3521	90	108	0	39
402	289	105	-20	0	3591	90	128	0	838
403	46	227	20	0	3565	90	0	704	827
404	191	209	20	315	475	90	0	747	115
405	72	60	10	0	3532	90	0	475	430
406	67	68	-30	0	3534	90	471	0	805
407	188	212	10	0	3705	90	0	504	860
408	231	143	30	64	224	90	0	91	39
409	332	148	-10	0	3580	90	18	0	815
410	162	110	30	0	3624	90	0	223	840
411	141	192	30	551	711	90	0	154	162
412	244	70	20	0	3584	90	0	197	799
413	74	218	10	0	3594	90	0	67	832
414	136	250	-10	0	3640	90	49	0	866
415	54	218	-20	0	3574	90	113	0	832
416	174	153	10	0	3668	90	0	395	850
417	390	134	20	0	3520	90	0	632	670
418	201	13	10	0	3534	90	0	353	813
419	278	14	-10	1933	2093	90	694	0	443
420	260	249	30	0	3644	90	0	751	812
421	180	21	-20	0	3541	90	494	0	815
422	118	148	-30	0	3624	90	696	0	837
423	160	361	-10	0	3556	90	460	0	817
424	131	240	-10	2518	2678	90	431	0	623
425	364	95	-10	0	3527	90	229	0	810
426	147	84	20	150	310	90	0	565	45
427	140	98	20	0	3603	90	0	210	841
428	233	101	-30	1062	1222	90	51	0	256
429	171	143	-30	0	3658	90	46	0	844
430	40	204	20	762	922	90	0	300	190
431	125	225	10	0	3642	90	0	424	623
432	260	161	20	2191	2351	90	0	29	569
433	238	91	20	0	3606	90	0	525	847
434	146	381	20	0	3533	90	0	377	589
435	386	107	20	0	3514	90	0	662	800
436	103	135	20	116	276	90	0	284	39
437	248	120	30	997	1157	90	0	509	265
438	282	242	-10	0	3629	90	224	0	860
439	358	175	-20	0	3562	90	689	0	158
440	76	83	20	0	3551	90	0	706	821
441	219	114	20	0	3633	0	0	802	886
442	276	127	30	0	3616	90	0	83	847
443	365	178	-10	0	3555	90	140	0	824
444	124	250	-30	0	3631	90	563	0	856
445	185	177	-20	0	3694	90	164	0	886
446	137	77	30	0	3583	90	0	350	670
447	169	52	-30	0	3570	90	14	0	818
448	111	261	-30	0	3614	90	201	0	519
449	278	15	-10	1842	2002	90	757	0	422
450	286	259	30	2602	2762	90	0	139	664
451	173	278	-10	0	3639	90	746	0	850
452	266	395	-20	0	3516	90	380	0	425
453	266	351	-10	0	3557	90	594	0	92
454	132	353	-20	0	3554	90	269	0	814
455	328	158	-20	0	3587	90	141	0	814
456	277	103	20	607	767	90	0	96	160
457	75	136	10	0	3581	90	0	480	830
458	193	38	10	0	3559	90	0	86	825
459	358	188	-10	0	3563	90	470	0	826
460	130	263	10	0	3627	90	0	423	817
461	342	168	20	0	3576	90	0	679	834
462	258	134	20	0	3634	90	0	249	863
463	183	56	20	0	3576	90	0	327	833
464	79	128	20	0	3581	90	0	248	836
465	146	164	-10	0	3657	90	127	0	863
466	202	171	-10	0	3692	90	131	0	830
467	68	87	10	477	637	90	0	643	115
468	61	183	-10	0	3581	90	372	0	834
469	264	375	-30	0	3535	90	39	0	714
470	309	215	10	0	3611	90	0	459	826
471	44	95	30	0	3533	90	0	406	805
472	64	83	30	0	3542	90	0	574	541
473	187	92	30	0	3613	90	0	531	853
474	239	137	40	0	3647	90	0	627	431
475	40	73	-10	1876	2036	90	405	0	430
476	196	164	10	1388	1548	90	0	690	377
477	238	264	20	0	3647	90	0	572	870
478	64	193	-10	0	3585	90	792	0	835
479	369	135	10	0	3540	90	0	737	814
480	72	118	-10	0	3569	90	457	0	830
481	267	4	20	0	3514	90	0	510	801
482	122	142	30	0	3624	90	0	658	731
483	305	379	30	0	3514	90	0	357	803
484	166	133	10	1544	1704	90	0	535	407
485	117	92	-20	0	3585	90	286	0	826
486	275	269	-10	0	3620	90	649	0	188
487	153	180	-10	3066	3226	90	4	0	524
488	100	115	-10	0	3590	90	499	0	827
489	246	390	-20	0	3526	90	589	0	65
490	150	370	10	0	3544	90	0	211	814
491	164	138	10	0	3650	90	0	734	560
492	296	209	-20	2090	2250	90	618	0	515
493	178	81	-30	0	3600	90	335	0	836
494	162	69	20	0	3585	90	0	421	815
495	380	129	10	0	3528	90	0	513	808
496	166	124	20	0	3638	90	0	281	859
497	349	179	-10	0	3571	90	158	0	828
498	50	204	20	0	3571	90	0	507	830
499	66	121	10	0	3566	90	0	488	827
500	130	235	-30	2325	2485	90	630	0	567
501	231	263	-10	3314	3474	90	84	0	778
502	84	192	10	2870	3030	90	0	6	728
503	365	288	10	2000	2160	90	0	543	493
504	137	272	-10	0	3626	90	407	0	860
505	156	271	-10	0	3638	90	652	0	40
506	99	84	-10	0	3568	90	58	0	819
507	64	219	-20	0	3584	90	498	0	830
508	68	199	10	0	3589	90	0	795	754
509	280	142	-30	1982	2142	90	437	0	265
510	228	32	-20	0	3551	90	481	0	801
511	363	276	-20	0	3542	90	196	0	818
512	114	102	-20	0	3591	90	620	0	800
513	365	158	-10	0	3551	90	495	0	808
514	132	274	40	0	3621	90	0	318	690
515	246	246	20	0	3656	90	0	92	874
516	48	95	-10	0	3537	90	337	0	39
517	207	179	10	0	3699	90	0	371	858
518	152	136	10	0	3641	0	0	809	890
519	137	288	10	922	1082	90	0	94	243
520	238	399	20	0	3519	90	0	331	806
521	299	234	-10	0	3617	90	686	0	853
522	123	252	30	0	3629	90	0	364	861
523	99	114	-20	0	3589	90	628	0	837
524	78	230	20	0	3596	90	0	261	828
525	223	189	-20	0	3696	90	433	0	847
526	253	259	-30	0	3642	90	172	0	474
527	147	115	-30	0	3621	90	3	0	829
528	211	34	20	0	3555	90	0	204	811
529	92	88	10	0	3566	90	0	681	829
530	254	137	-10	2491	2651	90	660	0	610
531	189	112	-30	0	3633	90	473	0	853
532	106	83	10	0	3571	90	0	254	811
533	228	180	-20	0	3687	90	217	0	817
534	266	10	-20	0	3520	90	349	0	806
535	135	176	-10	0	3652	90	484	0	407
536	69	70	-30	2994	3154	90	368	0	718
537	208	91	30	0	3612	90	0	146	845
538	277	376	-20	0	3529	90	22	0	811
539	54	222	-20	0	3574	90	116	0	39
540	275	95	-20	0	3592	90	610	0	430
541	259	90	30	0	3597	90	0	705	844
542	70	142	-20	0	3579	90	37	0	39
543	256	235	-10	0	3655	90	503	0	493
544	389	122	-20	0	3517	90	38	0	116
545	40	83	20	0	3523	90	0	288	801
546	272	31	-30	0	3538	90	297	0	801
547	210	93	20	0	3614	90	0	328	825
548	144	261	-10	3278	3438	90	59	0	550
549	144	183	-10	2390	2550	90	720	0	583
550	70	63	-30	0	3533	90	268	0	809
551	289	203	-10	1130	1290	90	661	0	276
552	255	117	10	0	3622	90	0	655	857
553	155	349	-30	0	3566	90	647	0	819
554	351	238	10	0	3566	0	0	808	852
555	289	211	30	0	3632	90	0	225	468
556	173	125	10	765	925	90	0	390	211
557	363	270	20	2415	2575	90	0	362	599
558	88	143	20	0	3596	90	0	766	523
559	270	380	-30	0	3528	90	366	0	805
560	275	143	-10	0	3627	90	110	0	833
561	330	173	20	1457	1617	90	0	79	371
562	74	124	30	0	3574	90	0	177	832
563	132	267	30	0	3626	90	0	444	856
564	78	184	20	0	3598	90	0	745	833
565	107	84	-20	901	1061	90	426	0	45
566	143	187	-30	363	523	90	622	0	93
567	228	97	20	0	3615	90	0	644	302
568	269	241	-10	0	3641	90	17	0	819
569	132	251	-10	2709	2869	90	142	0	347
570	280	240	-20	2217	2377	90	36	0	545
571	59	226	10	0	3578	90	0	144	711
572	236	249	-20	0	3661	90	477	0	870
573	196	35	-30	0	3556	90	273	0	824
574	94	84	-30	2305	2465	90	472	0	541
575	142	363	20	553	713	90	0	101	134
576	254	250	20	0	3648	90	0	27	861
577	66	202	20	0	3587	90	0	43	840
578	105	98	-20	0	3582	90	642	0	832
579	102	125	20	2647	2807	90	0	617	670
580	283	187	20	0	3637	90	0	341	865
581	272	32	-10	0	3539	90	394	0	810
582	129	361	-10	1129	1289	90	56	0	255
583	86	122	20	0	3583	90	0	74	838
584	258	359	30	0	3552	90	0	392	820
585	75	49	10	0	3525	90	0	232	809
586	122	261	10	0	3622	0	0	812	880
587	300	200	20	0	3621	90	0	727	807
588	281	86	10	896	1056	0	0	804	229
589	240	366	20	274	434	90	0	489	65
590	207	91	30	0	3612	90	0	275	719
591	141	263	-20	0	3635	90	60	0	185
592	146	196	-10	0	3667	90	292	0	498
593	41	79	-40	0	3522	90	239	0	211
594	244	358	10	373	533	90	0	453	92
595	215	188	-30	0	3702	90	184	0	811
596	265	94	20	0	3597	90	0	608	842
597	208	104	-10	0	3625	90	320	0	569
598	175	89	-30	0	3608	90	614	0	839
599	147	374	10	2300	2460	90	0	115	569
600	199	35	20	0	3556	90	0	19	824
601	226	385	10	0	3535	90	0	166	374
602	202	42	20	0	3563	90	0	603	827
603	219	84	-20	0	3604	90	602	0	827
604	331	268	30	164	324	90	0	162	44
605	38	87	-10	1490	1650	90	725	0	330
606	93	80	30	0	3561	90	0	791	827
607	141	202	-10	0	3662	90	319	0	834
608	240	97	-20	0	3611	90	596	0	842
609	240	389	-20	0	3528	90	636	0	165
610	280	126	20	1671	1831	90	0	540	430
611	268	149	-40	0	3636	90	383	0	865
612	258	387	-10	0	3526	90	762	0	805
613	388	278	-30	0	3518	90	270	0	804
614	167	68	30	0	3585	90	0	598	839
615	195	184	20	0	3705	0	0	813	922
616	329	289	-10	0	3565	90	188	0	813
617	182	171	-20	0	3687	90	579	0	670
618	265	202	20	0	3656	90	0	492	515
619	273	257	-10	0	3629	90	330	0	860
620	43	54	20	0	3507	90	0	512	800
621	273	393	20	0	3515	90	0	230	594
622	149	192	30	0	3670	90	0	566	93
623	62	193	-20	0	3583	90	34	0	554
624	282	7	30	0	3512	90	0	233	802
625	222	89	40	0	3608	90	0	143	847
626	270	386	-20	0	3523	90	796	0	808
627	348	161	-40	1843	2003	90	474	0	431
628	90	111	20	0	3580	90	0	523	837
629	384	183	20	0	3537	90	0	667	149
630	126	187	30	0	3646	90	0	500	567
631	96	196	20	0	3617	90	0	31	840
632	397	140	-20	2823	2983	90	417	0	670
633	156	144	-10	0	3650	90	179	0	67
634	83	186	-20	0	3604	90	252	0	830
635	261	363	30	0	3547	90	0	783	536
636	231	385	20	691	851	90	0	609	165
637	183	134	20	0	3653	90	0	153	872
638	267	358	30	0	3550	90	0	325	819
639	153	73	20	0	3586	90	0	291	576
640	286	17	10	0	3519	90	0	271	798
641	392	106	20	698	858	90	0	782	161
642	97	91	20	0	3572	90	0	578	832
643	71	115	-10	0	3567	90	467	0	115
644	226	102	-20	1254	1414	90	567	0	302
645	166	151	-10	2849	3009	90	752	0	497
646	116	90	20	0	3583	90	0	121	800
647	118	261	30	0	3619	90	0	553	819
648	90	66	20	0	3548	90	0	722	157
649	249	252	10	665	825	90	0	486	188
650	396	135	-20	0	3515	90	192	0	794
651	140	69	-10	2158	2318	90	267	0	113
652	200	203	10	3	163	90	0	505	40
653	284	5	-10	0	3509	90	137	0	799
654	155	159	30	2562	2722	90	0	52	665
655	206	185	-10	0	3705	90	552	0	857
656	138	170	-30	0	3653	90	240	0	818
657	241	360	20	0	3556	0	0	801	847
658	86	140	-30	2991	3151	90	482	0	731
659	379	124	10	0	3527	90	0	732	810
660	242	116	10	0	3628	90	0	530	610
661	262	213	10	0	3658	90	0	551	276
662	343	169	-20	0	3575	90	435	0	800
663	160	138	-20	1255	1415	90	203	0	186
664	93	132	10	0	3595	90	0	301	843
665	122	253	20	1920	2080	90	0	277	496
666	172	164	-20	0	3676	90	7	0	839
667	398	104	-20	794	954	90	629	0	149
668	125	362	20	0	3543	90	0	793	803
669	343	279	-20	0	3558	90	163	0	67
670	241	366	30	0	3551	90	0	798	133
671	85	105	-20	0	3572	90	765	0	826
672	73	183	20	0	3593	90	0	794	825
673	159	129	-20	0	3640	90	181	0	136
674	208	187	-20	0	3706	90	50	0	337
675	60	201	20	1592	1752	0	0	806	402
676	149	244	-30	3476	3636	90	378	0	853
677	294	230	10	2686	2846	90	0	351	686
678	236	266	-10	0	3646	90	250	0	811
679	317	165	-20	0	3599	90	461	0	834
680	38	172	-20	0	3557	90	147	0	43
681	98	86	-10	0	3569	90	529	0	829
682	254	135	-20	0	3637	90	218	0	864
683	56	196	-20	0	3577	90	2	0	66
684	237	366	20	2748	2908	90	0	312	684
685	161	101	10	0	3615	90	0	379	287
686	268	244	10	0	3641	90	0	521	853
687	70	207	20	0	3591	90	0	346	840
688	329	156	20	0	3585	0	0	807	862
689	273	187	20	548	708	90	0	439	158
690	225	197	-10	2189	2349	90	476	0	377
691	349	276	40	0	3554	90	0	784	811
692	83	122	10	0	3581	90	0	283	836
693	200	21	20	0	3542	90	0	369	809
694	290	6	10	0	3508	90	0	419	443
695	39	117	30	0	3540	90	0	700	806
696	72	155	30	0	3586	90	0	422	837
697	79	135	-10	1679	1839	90	207	0	400
698	121	56	-20	0	3557	90	388	0	824
699	94	175	-10	0	3613	90	298	0	826
700	36	90	-30	0	3524	90	695	0	806
701	61	222	20	0	3581	90	0	316	831
702	140	187	20	456	616	90	0	376	138
703	119	276	20	0	3610	90	0	122	818
704	60	239	-20	0	3576	90	403	0	827
705	259	117	-30	0	3620	90	541	0	844
706	92	84	-20	0	3563	90	440	0	821
707	380	127	-10	0	3527	90	9	0	804
708	130	273	30	0	3620	90	0	289	764
709	293	92	-20	0	3579	90	111	0	830
710	251	132	-20	0	3636	90	241	0	859
711	114	103	-30	0	3592	90	173	0	826
712	77	196	20	0	3598	90	0	385	770
713	166	31	20	2918	3078	90	0	104	726
714	246	330	10	137	297	90	0	731	39
715	20	97	10	0	3514	90	0	386	794
716	145	153	-40	3261	3421	90	276	0	780
717	149	345	-10	3253	3413	90	191	0	777
718	248	133	-10	0	3639	90	226	0	865
719	281	230	-10	0	3635	90	68	0	857
720	194	141	10	0	3662	90	0	549	583
721	379	127	20	0	3528	90	0	759	809
722	54	68	-20	771	931	90	648	0	157
723	56	227	-20	0	3575	90	310	0	827
724	261	107	-20	3146	3306	90	118	0	773
725	86	59	10	0	3540	90	0	605	330
726	68	204	10	418	578	90	0	729	111
727	382	132	-20	0	3527	90	587	0	807
728	123	175	-10	0	3641	90	185	0	866
729	69	218	-10	0	3589	90	726	0	111
730	251	368	-20	0	3546	90	238	0	807
731	268	375	-10	0	3534	90	714	0	39
732	358	142	-10	0	3553	90	659	0	810
733	228	68	-10	0	3587	90	167	0	147
734	140	183	-10	2296	2456	90	491	0	560
735	171	147	10	0	3661	90	0	11	450
736	87	71	-20	3285	3445	90	64	0	770
737	362	159	-10	0	3554	90	479	0	814
738	145	253	-30	0	3645	90	55	0	851
739	109	82	10	0	3572	90	0	35	324
740	351	281	20	841	1001	90	0	279	207
741	245	149	-20	0	3653	90	324	0	843
742	285	11	-20	1652	1812	90	157	0	378
743	216	35	-20	0	3556	90	787	0	546
744	280	121	20	319	479	90	0	779	91
745	102	133	-20	0	3603	90	564	0	833
746	127	264	10	0	3624	90	0	451	850
747	96	251	-20	0	3606	90	404	0	115
748	243	86	-30	0	3600	90	195	0	847
749	280	249	-20	0	3628	90	63	0	824
750	262	363	10	0	3547	90	0	159	818
751	261	223	-30	3283	3443	90	420	0	812
752	128	161	10	1910	2070	90	0	645	497
753	339	261	30	0	3570	90	0	774	819
754	257	97	-20	0	3604	90	387	0	847
755	273	12	-10	0	3520	90	165	0	800
756	57	210	-30	1492	1652	90	138	0	278
757	299	39	10	0	3532	90	0	449	422
758	377	132	-20	0	3532	90	40	0	435
759	340	166	-20	0	3577	90	721	0	809
760	268	95	-10	0	3596	90	355	0	845
761	145	374	-30	2117	2277	90	242	0	500
762	239	389	10	0	3529	90	0	612	805
763	68	53	-40	2603	2763	90	44	0	618
764	197	18	30	0	3539	90	0	178	372
765	73	97	20	0	3558	90	0	671	826
766	107	138	-20	2170	2330	90	558	0	523
767	141	164	10	0	3652	90	0	769	88
768	53	98	10	0	3543	90	0	317	817
769	86	133	-10	418	578	90	767	0	88
770	69	126	-10	1837	1997	90	80	0	438
771	288	1	-20	0	3504	90	100	0	43
772	177	108	-30	0	3627	90	391	0	851
773	80	111	-10	0	3572	90	295	0	832
774	352	284	-30	0	3548	90	753	0	819
775	249	384	20	0	3531	90	0	151	808
776	81	132	20	513	673	90	0	299	133
777	185	162	-20	0	3681	90	308	0	672
778	136	181	20	0	3655	90	0	112	870
779	286	108	-20	0	3596	90	744	0	91
780	105	135	10	2263	2423	90	0	363	576
781	280	238	20	0	3633	90	0	152	862
782	356	166	-20	0	3562	90	641	0	161
783	297	365	-30	2286	2446	90	635	0	536
784	376	271	-40	0	3532	90	691	0	811
785	292	87	10	0	3576	90	0	234	831
786	319	274	-10	0	3581	90	126	0	353
787	213	11	20	2217	2377	90	0	743	546
788	243	130	20	0	3639	90	0	214	866
789	53	239	-20	1736	1896	90	294	0	315
790	298	362	-10	0	3532	90	348	0	809
791	92	80	-30	0	3560	90	606	0	827
792	70	213	10	0	3591	90	0	478	835
793	153	393	-20	0	3523	90	668	0	803
794	103	116	-20	0	3593	90	672	0	825
795	76	212	-10	3095	3255	90	508	0	754
796	202	216	20	0	3705	90	0	626	808
797	78	200	10	0	3599	90	0	305	843
798	265	344	-30	669	829	90	670	0	133
799	286	193	-30	0	3635	90	106	0	65
800	139	250	10	0	3643	90	0	221	743
801	241	360	-20	0	3556	90	657	0	847
802	219	114	-20	0	3633	90	441	0	886
803	68	70	-20	0	3536	90	150	0	837
804	281	86	-10	896	1056	90	588	0	229
805	70	114	-10	0	3566	90	199	0	852
806	60	201	-20	1592	1752	90	675	0	402
807	329	156	-20	0	3585	90	688	0	862
808	351	238	-10	0	3566	90	554	0	852
809	152	136	-10	0	3641	90	518	0	890
810	183	156	-20	0	3674	90	45	0	906
811	199	190	-20	0	3711	90	375	0	925
812	122	261	-10	0	3622	90	586	0	880
813	195	184	-20	0	3705	90	615	0	922
814	273	7	-20	0	3515	90	99	0	827

