200	700	1
0	200	200	0	0	3811	0	0	0
1	271	343	10	3167	3487	90	0	477	0
2	85	208	20	141	461	90	0	507	345
3	82	179	30	3259	3579	90	0	316	3391
4	132	172	-10	1932	2252	90	752	0	2068
5	278	109	-20	431	751	90	744	0	446
6	117	170	20	1634	1954	90	0	487	1865
7	96	113	20	673	993	90	0	598	857
8	165	85	-20	1588	1908	90	134	0	947
9	371	171	10	501	821	90	0	443	647
10	141	105	-10	1872	2192	90	491	0	1329
11	150	77	30	1786	2106	90	0	493	1973
12	75	208	-10	2921	3241	90	415	0	1145
13	287	233	-20	2037	2357	90	92	0	743
14	113	92	-30	355	675	90	485	0	352
15	271	375	30	1168	1488	90	0	783	1299
16	201	206	20	6	326	90	0	589	253
17	352	291	-10	1722	2042	90	280	0	1200
18	368	125	10	1209	1529	90	0	544	1345
19	216	84	10	2042	2362	90	0	291	2244
20	183	37	20	2946	3266	90	0	353	3102
21	235	115	20	414	734	90	0	476	642
22	273	345	-10	3074	3394	90	714	0	319
23	150	178	-20	2801	3121	90	734	0	2473
24	190	186	40	629	949	90	0	247	931
25	280	24	20	2333	2653	90	0	137	2459
26	282	95	-20	2014	2334	90	100	0	319
27	261	268	10	2731	3051	90	0	572	2959
28	212	93	-20	1752	2072	90	382	0	370
29	228	162	-40	1708	2028	90	474	0	0
30	379	136	-30	1602	1922	90	667	0	813
31	72	221	20	2443	2763	90	0	413	2633
32	73	195	20	621	941	90	0	305	813
33	351	272	-20	2624	2944	90	196	0	2680
34	57	183	20	2124	2444	90	0	340	2299
35	106	50	20	1331	1651	90	0	642	1473
36	264	253	20	1157	1477	90	0	256	1393
37	70	184	20	130	450	90	0	756	319
38	255	15	20	418	738	90	0	481	544
39	270	355	-10	2790	3110	90	151	0	2844
40	380	135	-20	1693	2013	90	758	0	0
41	110	84	-20	636	956	90	180	0	716
42	355	192	10	155	475	90	0	679	319
43	77	209	20	3108	3428	0	0	807	3304
44	93	65	40	1839	2159	90	0	286	1986
45	183	156	-30	3072	3392	90	275	0	3072
46	182	78	-30	2674	2994	90	446	0	2160
47	237	373	-20	410	730	90	657	0	319
48	134	251	10	2721	3041	90	0	591	2957
49	136	240	10	2343	2663	90	0	414	2587
50	267	125	20	1210	1530	90	0	206	1429
51	197	184	30	441	761	90	0	615	744
52	167	156	-20	2674	2994	90	274	0	2844
53	268	124	-10	1302	1622	90	175	0	996
54	127	62	10	1126	1446	90	0	706	1289
55	127	180	30	948	1268	90	0	778	1192
56	127	350	-30	948	1268	90	242	0	319
57	146	373	20	2129	2449	90	0	490	2267
58	67	109	-30	1559	1879	90	773	0	1276
59	121	232	10	2046	2366	90	0	221	2280
60	134	195	-10	569	889	90	407	0	444
61	96	104	20	868	1188	90	0	639	1046
62	112	65	-10	1021	1341	90	93	0	626
63	351	267	20	2719	3039	90	0	114	2873
64	34	58	20	2120	2440	90	0	550	0
65	312	217	-10	2401	2721	90	257	0	1863
66	143	180	-10	2403	2723	90	112	0	912
67	63	184	-10	2310	2630	90	478	0	354
68	282	248	-20	2326	2646	90	145	0	1581
69	152	363	-20	2506	2826	90	434	0	1670
70	234	361	-10	2764	3084	90	290	0	1504
71	282	198	10	1148	1468	90	0	140	1385
72	377	124	10	2083	2403	90	0	141	2210
73	252	365	30	173	493	90	0	161	320
74	90	121	10	720	1040	90	0	480	904
75	253	205	10	53	373	90	0	799	319
76	137	364	-10	568	888	90	400	0	0
77	93	145	-20	3010	3330	90	765	0	1612
78	79	139	30	2814	3134	90	0	658	2998
79	343	161	10	2366	2686	90	0	306	2537
80	74	126	-10	1945	2265	90	199	0	1177
81	212	81	30	2234	2554	90	0	441	2434
82	371	143	-20	3048	3368	90	707	0	2393
83	279	111	10	339	659	90	0	367	539
84	146	343	10	152	472	90	0	582	319
85	265	377	30	2270	2590	0	0	803	0
86	214	88	-30	2136	2456	90	603	0	2151
87	191	175	-10	824	1144	90	396	0	652
88	283	124	-20	1497	1817	90	241	0	319
89	368	103	20	217	537	90	0	650	343
90	59	115	30	1114	1434	90	0	499	1269
91	249	121	-20	1009	1329	90	373	0	833
92	246	247	20	489	809	90	0	13	743
93	110	89	10	449	769	90	0	62	626
94	151	352	-30	2985	3305	90	423	0	2758
95	290	205	-20	958	1278	90	689	0	713
96	254	106	-40	721	1041	90	155	0	816
97	93	55	-20	1435	1755	90	646	0	442
98	78	97	30	159	479	90	0	722	319
99	273	7	20	911	1231	90	0	755	1024
100	263	118	20	103	423	90	0	26	319
101	150	381	-20	1939	2259	90	269	0	1561
102	73	205	10	243	563	90	0	430	435
103	275	209	10	1529	1849	90	0	336	1773
104	204	146	30	54	374	90	0	547	319
105	248	377	-20	2563	2883	90	404	0	542
106	262	199	30	84	404	90	0	629	341
107	276	252	-30	1540	1860	90	420	0	344
108	331	197	20	131	451	90	0	212	319
109	215	174	-20	1510	1830	90	164	0	0
110	334	177	10	1281	1601	90	0	662	1465
111	272	78	20	1115	1435	90	0	356	1293
112	133	196	10	660	980	90	0	66	912
113	66	228	-20	1302	1622	90	236	0	319
114	351	264	-20	2812	3132	90	63	0	2873
115	132	360	20	755	1075	90	0	200	901
116	146	208	20	54	374	90	0	622	0
117	294	26	-20	2906	3226	90	123	0	0
118	271	122	20	1395	1715	90	0	682	1609
119	218	109	10	1275	1595	90	0	597	0
120	388	145	-30	2843	3163	90	727	0	2578
121	33	78	-10	1697	2017	90	467	0	0
122	154	355	10	2703	3023	0	0	804	2861
123	275	16	20	2137	2457	90	0	117	0
124	200	18	30	1065	1385	90	0	178	1203
125	374	121	30	1112	1432	90	0	495	1240
126	332	284	-10	1330	1650	90	314	0	1301
127	190	138	-10	182	502	90	179	0	349
128	257	102	-20	2969	3289	90	264	0	0
129	337	282	10	1235	1555	90	0	557	0
130	283	362	10	2497	2817	90	0	159	2634
131	195	46	10	154	474	90	0	743	319
132	73	129	-20	2130	2450	90	770	0	1926
133	366	195	20	281	601	90	0	158	434
134	162	96	20	738	1058	90	0	8	947
135	252	253	-10	678	998	90	649	0	833
136	51	95	-40	993	1313	90	239	0	926
137	292	20	-20	2714	3034	90	25	0	2459
138	76	210	30	1000	1320	90	0	253	1195
139	252	205	20	52	372	90	0	255	0
140	272	200	-10	1339	1659	90	71	0	1385
141	380	153	-10	2944	3264	90	72	0	2210
142	111	185	10	1241	1561	90	0	728	1470
143	233	86	20	695	1015	90	0	218	896
144	85	189	-20	2883	3203	90	564	0	2794
145	267	251	20	1346	1666	90	0	68	1581
146	172	101	-20	1023	1343	90	637	0	531
147	87	204	20	113	433	90	0	687	319
148	173	88	20	1308	1628	90	0	614	0
149	301	218	30	2502	2822	90	0	354	0
150	68	70	-20	3005	3325	90	288	0	2536
151	270	358	10	2697	3017	90	0	39	2844
152	268	224	-30	3106	3426	90	521	0	2918
153	177	135	10	785	1105	90	0	351	1036
154	130	245	-20	2533	2853	90	703	0	1162
155	237	93	40	883	1203	90	0	96	816
156	96	122	-20	2470	2790	90	558	0	1991
157	285	23	20	2428	2748	90	0	322	2551
158	356	172	-20	893	1213	90	133	0	434
159	274	346	-10	2982	3302	90	130	0	2634
160	200	26	10	784	1104	90	0	713	930
161	266	368	-30	1070	1390	90	73	0	320
162	290	255	-10	2426	2746	90	246	0	0
163	333	264	20	178	498	90	0	753	0
164	194	160	20	1213	1533	90	0	109	0
165	299	31	-20	3003	3323	90	227	0	2063
166	261	391	30	1570	1890	90	0	501	1689
167	224	63	10	490	810	90	0	644	670
168	130	364	10	1142	1462	90	0	318	1283
169	361	156	40	2147	2467	0	0	806	0
170	83	125	20	1405	1725	90	0	207	1585
171	170	86	-20	1493	1813	90	488	0	676
172	289	392	30	1871	2191	90	0	325	1979
173	75	153	-10	2710	3030	90	457	0	2594
174	110	101	-20	3203	3523	90	671	0	2783
175	236	91	10	791	1111	90	0	53	996
176	214	20	20	2236	2556	90	0	418	2375
177	76	118	-20	825	1145	90	583	0	807
178	206	38	-30	1542	1862	90	124	0	1203
179	190	141	10	89	409	90	0	127	349
180	108	87	20	542	862	90	0	41	716
181	187	129	-20	377	697	90	788	0	468
182	256	386	20	1473	1793	90	0	612	1598
183	202	33	30	687	1007	90	0	447	839
184	371	113	30	1013	1333	90	0	632	1141
185	131	186	-30	760	1080	90	411	0	731
186	241	251	10	301	621	90	0	251	555
187	286	5	10	1285	1605	90	0	771	1391
188	364	284	-20	2014	2334	90	339	0	533
189	250	97	10	2781	3101	90	0	231	2985
190	272	193	-20	280	600	90	618	0	432
191	104	252	10	1456	1776	90	0	665	1666
192	370	95	-20	412	732	90	425	0	441
193	97	139	20	1990	2310	90	0	422	2190
194	263	80	40	1016	1336	90	0	208	1006
195	224	131	30	73	393	90	0	437	319
196	354	273	20	2531	2851	90	0	33	2680
197	353	102	20	181	501	90	0	641	319
198	230	387	20	703	1023	90	0	762	833
199	70	114	10	1013	1333	90	0	80	1177
200	149	393	-20	1642	1962	90	115	0	901
201	117	252	30	1935	2255	90	0	548	2157
202	163	135	30	1269	1589	90	0	399	1514
203	176	121	20	590	910	90	0	352	0
204	217	8	-10	2042	2362	90	333	0	0
205	242	283	-20	2936	3256	90	238	0	0
206	253	159	-20	2208	2528	90	50	0	1429
207	86	126	-20	1498	1818	90	170	0	1585
208	269	83	-40	919	1239	90	194	0	1006
209	361	125	-10	1306	1626	90	342	0	935
210	172	89	-30	1399	1719	90	391	0	1039
211	158	379	-20	1841	2161	90	575	0	619
212	356	177	-20	988	1308	90	108	0	319
213	89	87	-10	2412	2732	90	565	0	992
214	245	136	10	211	531	90	0	595	452
215	341	269	10	465	785	90	0	362	628
216	16	56	30	2012	2332	90	0	620	0
217	278	40	20	178	498	90	0	742	320
218	252	154	-20	2304	2624	90	143	0	896
219	264	95	30	2304	2624	90	0	541	2501
220	99	132	-10	2370	2690	90	697	0	1781
221	134	261	-10	2915	3235	90	59	0	2280
222	90	138	30	1893	2213	90	0	295	2086
223	130	88	-20	132	452	90	427	0	229
224	265	248	10	1252	1572	90	0	570	1491
225	291	215	20	1818	2138	90	0	751	2045
226	250	134	-10	2786	3106	90	530	0	2648
227	275	9	20	1949	2269	90	0	165	2063
228	145	93	10	149	469	90	0	725	348
229	350	105	10	177	497	90	0	721	319
230	256	370	40	2462	2782	90	0	287	2603
231	255	100	-10	2876	3196	90	189	0	2985
232	108	95	-10	3013	3333	90	405	0	1767
233	278	7	-20	1006	1326	90	296	0	319
234	302	104	20	1530	1850	90	0	323	1709
235	140	118	10	101	421	90	0	243	319
236	74	193	20	126	446	90	0	113	319
237	123	189	-30	1139	1459	90	378	0	1099
238	227	392	20	799	1119	90	0	205	0
239	55	81	40	794	1114	90	0	136	926
240	41	246	-40	1851	2171	90	245	0	1052
241	246	119	20	93	413	90	0	88	319
242	144	343	30	153	473	90	0	56	319
243	163	81	-10	1682	2002	90	235	0	319
244	125	369	-20	1335	1655	90	668	0	1379
245	53	215	40	880	1200	90	0	240	1052
246	252	259	10	774	1094	90	0	162	0
247	185	175	-40	1012	1332	90	24	0	931
248	78	127	20	1310	1630	90	0	780	1487
249	212	185	-10	2399	2719	90	429	0	1141
250	134	360	10	663	983	90	0	289	809
251	265	262	-10	968	1288	90	186	0	555
252	64	235	20	2240	2560	90	0	795	2419
253	79	178	-30	3165	3485	90	138	0	1195
254	178	48	-10	3245	3565	90	350	0	2883
255	274	204	-20	1434	1754	90	139	0	0
256	274	230	-20	1934	2254	90	36	0	1393
257	282	213	10	1627	1947	90	0	65	1863
258	343	296	20	1531	1851	90	0	554	1678
259	75	78	20	295	615	90	0	562	440
260	197	24	-20	878	1198	90	426	0	319
261	50	248	-20	1951	2271	90	701	0	1545
262	288	184	10	756	1076	90	0	551	0
263	158	101	20	550	870	90	0	673	762
264	282	104	20	1915	2235	90	0	128	0
265	170	97	20	929	1249	90	0	633	1141
266	108	185	40	1334	1654	90	0	359	1560
267	152	78	10	346	666	90	0	518	534
268	59	80	30	588	908	90	0	768	722
269	127	372	20	1428	1748	90	0	101	1561
270	348	283	30	948	1268	90	0	503	1098
271	250	8	20	517	837	90	0	534	638
272	288	357	-10	2400	2720	90	594	0	448
273	215	107	30	1368	1688	90	0	625	1593
274	164	156	20	2581	2901	90	0	52	2844
275	179	88	30	2866	3186	90	0	45	3072
276	77	134	-30	2322	2642	90	695	0	1362
277	154	342	-40	3252	3572	90	717	0	3322
278	200	12	20	2432	2752	90	0	458	2564
279	361	295	-10	1822	2142	90	616	0	1589
280	341	287	10	1046	1366	90	0	17	1200
281	152	181	-30	2894	3214	90	535	0	2277
282	146	361	20	379	699	90	0	454	529
283	112	129	-10	2764	3084	90	769	0	525
284	91	133	10	149	469	90	0	299	341
285	339	181	20	1185	1505	90	0	513	1364
286	100	71	-40	1938	2258	90	44	0	1986
287	244	277	-40	2840	3160	90	230	0	2603
288	55	60	20	2418	2738	90	0	150	2536
289	148	345	-10	3082	3402	90	250	0	809
290	254	373	10	1366	1686	90	0	70	1504
291	198	90	-10	2340	2660	90	19	0	2244
292	59	190	-10	1894	2214	90	797	0	1007
293	215	116	-10	2738	3058	90	327	0	2773
294	50	219	20	1174	1494	90	0	403	1144
295	110	121	-30	2666	2986	90	222	0	2086
296	275	29	20	186	506	90	0	233	319
297	274	2	-30	816	1136	90	581	0	351
298	45	210	-30	780	1100	90	384	0	563
299	122	130	-10	2864	3184	90	284	0	341
300	51	246	-20	2043	2363	90	789	0	1823
301	92	131	20	242	562	90	0	579	433
302	143	76	-20	1883	2203	90	628	0	947
303	281	10	-30	1666	1986	90	653	0	0
304	74	85	30	198	518	90	0	389	347
305	78	188	-20	2692	3012	90	32	0	813
306	338	161	-10	2461	2781	90	79	0	2537
307	210	185	-10	2491	2811	90	347	0	1890
308	186	73	20	2578	2898	90	0	473	2770
309	55	54	-10	2322	2642	90	593	0	1719
310	46	239	-10	1753	2073	90	571	0	1636
311	204	21	10	1160	1480	90	0	344	1300
312	249	353	10	481	801	90	0	731	640
313	263	110	-10	3159	3479	90	757	0	3120
314	339	281	10	1142	1462	90	0	126	1301
315	249	354	-20	390	710	90	730	0	355
316	90	178	-30	3289	3609	90	3	0	3391
317	151	141	-30	2281	2601	90	410	0	0
318	156	353	-10	2795	3115	90	168	0	1283
319	53	198	10	1609	1929	90	0	385	1781
320	151	69	-30	2179	2499	90	651	0	2253
321	252	227	20	58	378	90	0	543	228
322	288	23	-20	2521	2841	90	157	0	2551
323	299	108	-20	1625	1945	90	234	0	1709
324	279	98	-10	2108	2428	90	705	0	319
325	276	350	-30	2888	3208	90	172	0	1979
326	187	186	20	722	1042	90	0	617	1022
327	211	110	10	2544	2864	90	0	293	2773
328	210	35	-20	1447	1767	90	693	0	1113
329	389	128	-20	1795	2115	90	435	0	634
330	263	259	10	1061	1381	90	0	749	1294
331	241	394	10	998	1318	90	0	621	1119
332	76	230	-10	2343	2663	90	704	0	2318
333	206	29	10	1258	1578	90	0	204	0
334	280	200	10	1241	1561	90	0	719	1481
335	140	90	30	125	445	90	0	791	319
336	300	203	-10	2203	2523	90	103	0	1773
337	136	117	10	104	424	90	0	494	0
338	298	22	-10	2810	3130	90	449	0	1881
339	343	264	20	370	690	90	0	188	533
340	69	179	-20	2408	2728	90	34	0	2299
341	275	184	20	561	881	90	0	580	804
342	384	111	10	820	1140	90	0	209	935
343	77	212	10	1092	1412	90	0	675	1288
344	209	37	-10	1635	1955	90	311	0	1300
345	287	211	-20	1722	2042	90	365	0	617
346	76	219	20	2537	2857	90	0	729	2731
347	218	172	10	1604	1924	90	0	307	1890
348	267	360	-20	2603	2923	90	397	0	2202
349	271	21	-20	2233	2553	90	419	0	1971
350	179	30	10	2735	3055	90	0	254	2883
351	228	196	-10	2016	2336	90	153	0	1036
352	204	183	-20	2868	3188	90	203	0	0
353	190	36	-20	3043	3363	90	20	0	3102
354	272	223	-30	3011	3331	90	149	0	0
355	268	97	10	2209	2529	90	0	724	0
356	266	90	-20	2489	2809	90	111	0	1293
357	291	364	-20	2110	2430	90	798	0	751
358	168	123	10	1656	1976	90	0	416	1892
359	125	176	-40	1444	1764	90	266	0	1560
360	214	56	20	293	613	90	0	412	431
361	350	157	-20	1857	2177	90	759	0	1654
362	346	294	-10	1625	1945	90	215	0	628
363	126	103	-10	3279	3599	90	700	0	1439
364	123	250	-10	1566	1886	90	448	0	0
365	275	191	20	373	693	90	0	345	617
366	267	393	30	1759	2079	90	0	678	1874
367	276	93	-10	718	1038	90	83	0	539
368	69	90	30	171	491	90	0	516	319
369	223	13	10	1944	2264	90	0	764	2075
370	255	384	10	1381	1701	90	0	684	1508
371	248	114	20	821	1141	90	0	383	1042
372	78	207	-20	906	1226	90	577	0	616
373	243	103	20	620	940	90	0	91	833
374	73	130	20	2039	2359	90	0	696	2213
375	199	190	-10	2967	3287	90	733	0	772
376	140	265	-10	3012	3332	90	424	0	2678
377	147	367	-10	2410	2730	90	599	0	2358
378	130	186	30	851	1171	90	0	237	1099
379	174	92	20	1122	1442	0	0	809	1330
380	256	396	-30	1666	1986	90	670	0	461
381	76	139	-10	1694	2014	90	692	0	712
382	207	55	20	196	516	90	0	28	370
383	260	156	-20	2016	2336	90	371	0	1042
384	64	220	30	381	701	90	0	298	563
385	80	181	-10	3072	3392	90	319	0	1781
386	43	66	30	1893	2213	90	0	536	2006
387	234	172	20	1810	2130	90	0	690	2085
388	152	81	20	253	573	90	0	496	444
389	73	71	-30	3101	3421	90	304	0	347
390	124	160	-20	1736	2056	90	566	0	544
391	165	93	30	832	1152	90	0	210	1039
392	273	342	30	3242	3562	0	0	810	3402
393	83	212	-20	3205	3525	90	607	0	319
394	296	77	-20	1229	1549	90	456	0	0
395	154	95	20	453	773	90	0	484	658
396	194	187	10	347	667	90	0	87	652
397	264	384	20	2077	2397	90	0	348	2202
398	141	350	20	182	502	90	0	553	340
399	137	124	-30	2077	2397	90	202	0	1514
400	138	356	10	279	599	90	0	76	0
401	381	113	10	913	1233	90	0	417	1032
402	289	105	10	1725	2045	90	0	779	1914
403	46	227	-20	1075	1395	90	294	0	1144
404	191	209	20	235	555	90	0	105	542
405	72	60	10	1637	1957	90	0	232	1767
406	67	68	10	2822	3142	90	0	736	2954
407	188	212	10	141	461	90	0	60	444
408	231	143	30	64	384	90	0	531	319
409	332	148	-30	2565	2885	90	732	0	2403
410	162	110	30	1760	2080	90	0	317	0
411	141	192	30	471	791	90	0	185	731
412	244	70	-20	379	699	90	360	0	431
413	74	218	-20	2630	2950	90	31	0	2633
414	136	250	-10	2813	3133	90	49	0	2587
415	54	218	10	973	1293	90	0	12	1145
416	174	153	-10	2868	3188	90	358	0	1892
417	390	134	-10	2551	2871	90	401	0	1032
418	201	13	-20	2341	2661	90	176	0	2375
419	278	14	20	1853	2173	90	0	349	1971
420	260	249	30	102	422	90	0	107	344
421	180	21	-20	2636	2956	90	787	0	2267
422	118	148	-20	3064	3384	90	193	0	2190
423	160	361	30	2604	2924	90	0	94	2758
424	131	240	10	2438	2758	90	0	376	2678
425	364	95	20	316	636	90	0	192	441
426	147	84	20	127	447	90	0	260	319
427	140	98	20	118	438	90	0	223	229
428	233	101	20	982	1302	90	0	567	1197
429	171	143	10	885	1205	90	0	249	1141
430	40	204	-10	682	1002	90	102	0	435
431	125	225	-20	2144	2464	90	747	0	1562
432	260	161	-20	2111	2431	90	509	0	2123
433	238	91	20	176	496	90	0	608	380
434	146	381	20	1539	1859	90	0	69	1670
435	386	107	20	522	842	90	0	329	634
436	103	135	20	116	436	90	0	664	228
437	248	120	-30	917	1237	90	195	0	319
438	282	242	-20	2230	2550	90	619	0	1672
439	358	175	-20	697	1017	90	459	0	342
440	76	83	-20	987	1307	90	512	0	0
441	219	114	-30	2643	2963	90	81	0	2434
442	276	127	30	142	462	90	0	540	356
443	365	178	-10	600	920	90	9	0	647
444	124	250	-30	1657	1977	90	563	0	0
445	185	177	30	920	1240	90	0	775	1212
446	137	77	30	1979	2299	90	0	46	2160
447	169	52	-30	3250	3570	90	183	0	839
448	111	261	10	1250	1570	90	0	364	0
449	278	15	10	1762	2082	90	0	338	1881
450	286	259	30	2522	2842	90	0	486	2737
451	173	278	20	715	1035	90	0	522	0
452	266	395	10	1667	1987	90	0	559	0
453	266	351	20	686	1006	90	0	483	841
454	132	353	-20	852	1172	90	282	0	529
455	328	158	-20	2756	3076	90	688	0	0
456	277	103	20	527	847	90	0	394	0
457	75	136	10	2415	2735	90	0	173	2594
458	193	38	-20	3137	3457	90	278	0	2564
459	358	188	20	181	501	90	0	439	342
460	130	263	-10	94	414	90	800	0	229
461	342	168	-20	1572	1892	90	782	0	957
462	258	134	20	2597	2917	90	0	741	2829
463	183	56	-10	145	465	90	720	0	229
464	79	128	20	2226	2546	90	0	699	2405
465	146	164	-20	2696	3016	90	549	0	2571
466	202	171	-10	1407	1727	90	556	0	925
467	68	87	10	397	717	90	0	121	0
468	61	183	-10	2218	2538	90	680	0	2167
469	264	375	-20	2363	2683	90	626	0	0
470	309	215	-10	2308	2628	90	492	0	2233
471	44	95	-40	1337	1657	90	643	0	1371
472	64	83	30	492	812	90	0	475	632
473	187	92	-20	2965	3285	90	308	0	2770
474	239	137	40	115	435	90	0	29	0
475	40	73	-30	1796	2116	90	472	0	632
476	196	164	-20	1308	1628	90	21	0	642
477	238	264	-10	3137	3457	90	1	0	0
478	64	193	10	171	491	90	0	67	354
479	369	135	-10	1409	1729	90	760	0	319
480	72	118	-10	919	1239	90	74	0	904
481	267	4	-20	719	1039	90	38	0	544
482	122	142	-10	2966	3286	90	766	0	2298
483	305	379	-20	1999	2319	90	453	0	841
484	166	133	-20	1464	1784	90	395	0	658
485	117	92	30	169	489	90	0	14	352
486	275	269	-30	2627	2947	90	450	0	2737
487	153	180	-20	2986	3306	90	6	0	1865
488	100	115	20	488	808	90	0	171	676
489	246	390	-10	1280	1600	90	609	0	1310
490	150	370	-20	2315	2635	90	57	0	2267
491	164	138	10	1081	1401	90	0	10	1329
492	296	209	10	2010	2330	90	0	470	2233
493	178	81	-30	2769	3089	90	11	0	1973
494	162	69	-10	2373	2693	90	337	0	0
495	380	129	-30	2360	2680	90	125	0	1240
496	166	124	-20	1563	1883	90	388	0	444
497	349	179	20	1085	1405	90	0	627	1254
498	50	204	20	582	902	90	0	539	751
499	66	121	-30	1661	1981	90	90	0	1269
500	130	235	10	2245	2565	90	0	738	2486
501	231	263	-30	3234	3554	90	166	0	1689
502	84	192	-20	2790	3110	90	524	0	0
503	365	288	-30	1920	2240	90	270	0	1098
504	137	272	-40	498	818	90	514	0	621
505	156	271	-10	607	927	90	746	0	340
506	99	84	10	2909	3229	90	0	716	3075
507	64	219	-20	472	792	90	2	0	345
508	68	199	-10	524	844	90	726	0	525
509	280	142	20	1902	2222	90	0	432	2123
510	228	32	-10	1835	2155	90	573	0	654
511	363	276	-30	2431	2751	90	613	0	2245
512	114	102	20	197	517	90	0	440	0
513	365	158	-20	2053	2373	90	285	0	1364
514	132	274	40	402	722	90	0	504	621
515	246	246	-20	398	718	90	576	0	0
516	48	95	-30	900	1220	90	368	0	319
517	207	179	-10	2773	3093	90	525	0	0
518	152	136	-10	2186	2506	90	267	0	534
519	137	288	10	842	1162	90	0	569	1053
520	238	399	-20	902	1222	90	636	0	0
521	299	234	30	2703	3023	90	0	152	2918
522	123	252	-20	1749	2069	90	451	0	0
523	99	114	-20	580	900	90	794	0	586
524	78	230	20	1200	1520	90	0	502	0
525	223	189	10	2207	2527	90	0	517	0
526	253	259	10	865	1185	90	0	568	1105
527	147	115	-30	1973	2293	90	663	0	1421
528	211	34	20	1355	1675	0	0	805	1508
529	92	88	-20	2505	2825	90	574	0	2387
530	254	137	10	2411	2731	90	0	226	2648
531	189	112	-30	484	804	90	408	0	319
532	106	83	10	912	1232	90	0	698	1081
533	228	180	-10	1910	2230	90	735	0	1238
534	266	10	-20	623	943	90	271	0	638
535	135	176	30	2027	2347	90	0	281	2277
536	69	70	-30	2914	3234	90	386	0	2006
537	208	91	-30	1658	1978	90	590	0	1777
538	277	376	-10	1881	2201	90	750	0	1118
539	54	222	-20	1269	1589	90	498	0	751
540	275	95	-30	626	946	90	442	0	356
541	259	90	-30	2586	2906	90	219	0	2501
542	70	142	-20	2513	2833	90	711	0	478
543	256	235	-20	66	386	90	321	0	228
544	389	122	-10	1891	2211	90	18	0	1345
545	40	83	-10	1505	1825	90	715	0	1321
546	272	31	10	305	625	90	0	624	441
547	210	93	-30	1473	1793	90	104	0	319
548	144	261	-30	3198	3518	90	201	0	2157
549	144	183	20	2310	2630	90	0	465	2571
550	70	63	-20	2726	3046	90	64	0	0
551	289	203	-10	1050	1370	90	262	0	0
552	255	117	10	1106	1426	90	0	560	1326
553	155	349	-20	2890	3210	90	398	0	340
554	351	238	-20	2928	3248	90	258	0	1678
555	289	211	30	1912	2232	90	0	587	2142
556	173	125	10	685	1005	90	0	466	925
557	363	270	-10	2335	2655	90	129	0	0
558	88	143	20	1797	2117	90	0	156	1991
559	270	380	-10	2175	2495	90	452	0	0
560	275	143	-10	1699	2019	90	552	0	1326
561	330	173	20	1377	1697	90	0	737	1564
562	74	124	-20	1853	2173	90	259	0	440
563	132	267	30	214	534	90	0	444	0
564	78	184	20	2598	2918	90	0	144	2794
565	107	84	10	821	1141	90	0	213	992
566	143	187	20	283	603	90	0	390	544
567	228	97	-20	1079	1399	90	428	0	1197
568	269	241	-10	1832	2152	90	526	0	1105
569	132	251	-10	2629	2949	90	519	0	1053
570	280	240	-10	2137	2457	90	224	0	1491
571	59	226	10	1460	1780	90	0	310	1636
572	236	249	-10	3339	3659	90	27	0	2959
573	196	35	10	500	820	90	0	510	654
574	94	84	20	2225	2545	90	0	529	2387
575	142	363	20	473	793	90	0	211	619
576	254	250	20	198	518	90	0	515	0
577	66	202	20	431	751	90	0	372	616
578	105	98	-40	3107	3427	90	763	0	2645
579	102	125	-20	2567	2887	90	301	0	433
580	283	187	-20	660	980	90	341	0	804
581	272	32	30	214	534	90	0	297	351
582	129	361	-10	1049	1369	90	84	0	319
583	86	122	20	626	946	90	0	177	807
584	258	359	30	787	1107	90	0	790	937
585	75	49	-30	2621	2941	90	605	0	1532
586	122	261	10	1059	1379	90	0	647	1279
587	300	200	-30	2110	2430	90	555	0	2142
588	281	86	10	816	1136	90	0	754	996
589	240	366	-20	194	514	90	16	0	253
590	207	91	30	1567	1887	90	0	537	1777
591	141	263	-10	3104	3424	90	48	0	2957
592	146	196	-10	90	410	90	652	0	262
593	41	79	10	1599	1919	90	0	309	1719
594	244	358	10	293	613	90	0	272	448
595	215	188	-10	2305	2625	90	214	0	452
596	265	94	-10	2395	2715	90	709	0	1602
597	208	104	-10	2448	2768	90	119	0	0
598	175	89	-20	1215	1535	90	7	0	857
599	147	374	10	2220	2540	90	0	377	2358
600	199	35	-20	593	913	90	602	0	562
601	226	385	-20	516	836	90	796	0	339
602	202	42	20	401	721	90	0	600	562
603	219	84	30	1949	2269	90	0	86	2151
604	331	268	30	147	467	90	0	691	319
605	38	87	30	1410	1730	90	0	585	1532
606	93	80	-10	2040	2360	90	739	0	0
607	141	202	20	59	379	90	0	393	319
608	240	97	-20	523	843	90	433	0	380
609	240	389	10	1184	1504	90	0	489	1310
610	280	126	20	1591	1911	90	0	611	1802
611	268	149	-20	1798	2118	90	610	0	1802
612	258	387	-20	1567	1887	90	182	0	1598
613	388	278	30	2129	2449	90	0	511	2245
614	167	68	-20	2468	2788	90	148	0	0
615	195	184	-30	533	853	90	51	0	744
616	329	289	10	1426	1746	90	0	279	1589
617	182	171	-20	1107	1427	90	326	0	1022
618	265	202	20	178	498	90	0	190	432
619	273	257	20	1445	1765	90	0	438	1672
620	43	54	-30	2220	2540	90	216	0	0
621	273	393	-10	1774	2094	90	331	0	1119
622	149	192	-20	185	505	90	116	0	0
623	62	193	-10	1800	2120	90	683	0	1878
624	282	7	-10	1100	1420	90	546	0	441
625	222	89	-30	1853	2173	90	273	0	1593
626	270	386	20	1981	2301	90	0	469	0
627	348	161	-20	1763	2083	90	497	0	1254
628	90	111	20	769	1089	90	0	302	947
629	384	183	-30	393	713	90	106	0	341
630	126	187	-20	1045	1365	90	702	0	634
631	96	196	20	104	424	90	0	634	319
632	397	140	-30	2743	3063	90	184	0	1141
633	156	144	-20	2377	2697	90	265	0	1141
634	83	186	-20	2976	3296	90	631	0	319
635	261	363	-30	882	1202	90	638	0	319
636	231	385	20	611	931	90	0	520	0
637	183	134	20	280	600	90	0	146	531
638	267	358	30	171	491	90	0	635	319
639	153	73	-20	2273	2593	90	61	0	1046
640	286	17	-10	2617	2937	90	694	0	1581
641	392	106	-20	618	938	90	197	0	319
642	97	91	-20	2721	3041	90	35	0	1473
643	71	115	40	1206	1526	90	0	471	1371
644	226	102	-10	1174	1494	90	167	0	670
645	166	151	-10	2769	3089	90	685	0	0
646	116	90	20	261	581	90	0	97	442
647	118	261	-10	1153	1473	90	586	0	1279
648	90	66	20	1746	2066	90	0	681	1892
649	249	252	10	585	905	90	0	135	833
650	396	135	-20	2648	2968	90	89	0	343
651	140	69	30	2078	2398	90	0	320	2253
652	200	203	10	3	323	90	0	592	262
653	284	5	30	1193	1513	90	0	303	0
654	155	159	30	2482	2802	90	0	666	2741
655	206	185	-10	2677	2997	90	674	0	2888
656	138	170	30	2505	2825	90	0	767	2755
657	241	360	20	165	485	90	0	47	319
658	86	140	-30	2911	3231	90	78	0	2998
659	379	124	10	1991	2311	0	0	801	2116
660	242	116	10	3271	3591	0	0	802	3497
661	262	213	-20	3303	3623	90	784	0	2362
662	343	169	-10	1664	1984	90	110	0	1465
663	160	138	30	1175	1495	90	0	527	1421
664	93	132	-20	126	446	90	436	0	228
665	122	253	-10	1840	2160	90	191	0	1666
666	172	164	-30	2969	3289	90	654	0	2741
667	398	104	30	714	1034	90	0	30	813
668	125	362	20	1238	1558	90	0	244	1379
669	343	279	-20	662	982	90	786	0	319
670	241	366	30	312	632	90	0	380	461
671	85	105	20	2613	2933	90	0	174	2783
672	73	183	-20	2503	2823	90	712	0	911
673	159	129	-20	1366	1686	90	263	0	762
674	208	187	10	2584	2904	90	0	655	2888
675	60	201	-10	1512	1832	90	343	0	1288
676	149	244	-30	3334	3654	90	708	0	528
677	294	230	10	2606	2926	90	0	781	0
678	236	266	-30	3044	3364	90	366	0	1874
679	317	165	-10	2859	3179	90	42	0	319
680	38	172	10	2012	2332	90	0	468	2167
681	98	86	-20	2817	3137	90	648	0	1892
682	254	135	-20	2503	2823	90	118	0	1609
683	56	196	10	1703	2023	90	0	623	1878
684	237	366	-10	2668	2988	90	370	0	1508
685	161	101	10	643	963	90	0	645	0
686	268	244	10	1738	2058	0	0	808	1977
687	70	207	-20	2826	3146	90	147	0	319
688	329	156	20	2664	2984	90	0	455	0
689	273	187	20	468	788	90	0	95	713
690	225	197	-20	2109	2429	90	387	0	2085
691	349	276	-30	566	886	90	604	0	319
692	83	122	10	533	853	90	0	381	712
693	200	21	20	972	1292	90	0	328	1113
694	290	6	10	1475	1795	90	0	640	1581
695	39	117	30	1224	1544	90	0	276	1362
696	72	155	-20	2616	2936	90	374	0	2213
697	79	135	10	1599	1919	90	0	220	1781
698	121	56	-10	1225	1545	90	532	0	1081
699	94	175	-20	3293	3613	90	464	0	2405
700	36	90	10	1317	1637	90	0	363	1439
701	61	222	20	1366	1686	90	0	261	1545
702	140	187	20	376	696	90	0	630	634
703	119	276	20	954	1274	90	0	154	1162
704	60	239	10	2144	2464	90	0	332	2318
705	259	117	10	101	421	90	0	324	319
706	92	84	-10	2317	2637	90	54	0	1289
707	380	127	20	2268	2588	90	0	82	2393
708	130	273	30	310	630	90	0	676	528
709	293	92	10	1425	1745	90	0	596	1602
710	251	132	-20	2694	3014	90	748	0	471
711	114	103	20	288	608	90	0	542	478
712	77	196	20	715	1035	90	0	672	911
713	166	31	-10	2838	3158	90	160	0	930
714	246	330	10	137	457	90	0	22	319
715	20	97	10	1209	1529	90	0	545	1321
716	145	153	-10	3181	3501	90	506	0	3075
717	149	345	40	3173	3493	90	0	277	3322
718	248	133	-10	2879	3199	90	785	0	1504
719	281	230	-10	2910	3230	90	334	0	1481
720	194	141	10	59	379	90	0	463	229
721	379	127	-10	2177	2497	90	229	0	319
722	54	68	-30	691	1011	90	98	0	319
723	56	227	-10	1553	1873	90	792	0	471
724	261	107	-10	3066	3386	90	355	0	0
725	86	59	-10	1533	1853	90	228	0	348
726	68	204	10	338	658	90	0	508	525
727	382	132	30	2453	2773	90	0	120	2578
728	123	175	-10	1536	1856	90	142	0	1470
729	69	218	-20	2725	3045	90	346	0	2731
730	251	368	20	211	531	90	0	315	355
731	268	375	-10	1261	1581	90	312	0	640
732	358	142	30	2252	2572	90	0	409	2403
733	228	68	10	587	907	90	0	375	772
734	140	183	20	2216	2536	90	0	23	2473
735	171	147	10	979	1299	90	0	533	1238
736	87	71	-10	3205	3525	90	406	0	2954
737	362	159	-20	1960	2280	90	561	0	1564
738	145	253	-10	3296	3616	90	500	0	2486
739	109	82	10	728	1048	90	0	606	0
740	351	281	20	761	1081	90	0	774	909
741	245	149	-20	2985	3305	90	462	0	2829
742	285	11	-20	1572	1892	90	217	0	320
743	216	35	-10	1732	2052	90	131	0	319
744	280	121	20	239	559	90	0	5	446
745	102	133	-20	2277	2597	90	776	0	615
746	127	264	10	118	438	90	0	505	340
747	96	251	20	1358	1678	90	0	431	1562
748	243	86	20	273	593	90	0	710	471
749	280	249	-10	1635	1955	90	330	0	1294
750	262	363	10	973	1293	90	0	538	1118
751	261	223	-20	3203	3523	90	225	0	2045
752	128	161	10	1830	2150	90	0	4	2068
753	339	261	-20	275	595	90	163	0	0
754	257	97	-10	2684	3004	90	588	0	996
755	273	12	-20	2042	2362	90	99	0	1024
756	57	210	-20	1412	1732	90	37	0	319
757	299	39	10	3101	3421	90	0	313	3120
758	377	132	20	1508	1828	90	0	40	0
759	340	166	20	1479	1799	90	0	361	1654
760	268	95	10	125	445	90	0	479	319
761	145	374	-20	2037	2357	90	793	0	1857
762	239	389	-20	1093	1413	90	198	0	833
763	68	53	40	2523	2843	90	0	578	2645
764	197	18	-10	2529	2849	90	369	0	2075
765	73	97	20	1456	1776	90	0	77	1612
766	107	138	10	2090	2410	90	0	482	2298
767	141	164	-30	2601	2921	90	656	0	2755
768	53	98	-30	1086	1406	90	268	0	722
769	86	133	10	338	658	90	0	283	525
770	69	126	20	1757	2077	90	0	132	1926
771	288	1	-10	1379	1699	90	187	0	1391
772	177	108	10	3074	3394	90	0	777	3249
773	80	111	30	1106	1426	90	0	58	1276
774	352	284	-20	854	1174	90	740	0	909
775	249	384	-30	1468	1788	90	445	0	1212
776	81	132	20	433	753	90	0	745	615
777	185	162	-10	3169	3489	90	772	0	3249
778	136	181	-30	2122	2442	90	55	0	1192
779	286	108	-10	1819	2139	90	402	0	1914
780	105	135	-20	2183	2503	90	248	0	1487
781	280	238	-10	2812	3132	90	677	0	0
782	356	166	20	797	1117	90	0	461	957
783	297	365	-30	2206	2526	90	15	0	1299
784	376	271	20	2232	2552	90	0	661	2362
785	292	87	10	1330	1650	90	0	718	1504
786	319	274	20	140	460	90	0	669	319
787	213	11	20	2137	2457	90	0	421	2267
788	243	130	20	307	627	90	0	181	468
789	53	239	20	1656	1976	90	0	300	1823
790	298	362	-30	2299	2619	90	584	0	937
791	92	80	-30	2131	2451	90	335	0	319
792	70	213	10	282	602	90	0	723	471
793	153	393	20	1736	2056	90	0	761	1857
794	103	116	20	395	715	90	0	523	586
795	76	212	-20	3015	3335	90	252	0	2419
796	202	216	20	36	356	90	0	601	339
797	78	200	10	809	1129	90	0	292	1007
798	265	344	20	589	909	90	0	357	751
799	286	193	-10	855	1175	90	75	0	319
800	139	250	10	78	398	90	0	460	229
801	379	124	-10	1991	2311	90	659	0	2116
802	242	116	-10	3271	3591	90	660	0	3497
803	265	377	-30	2270	2590	90	85	0	0
804	154	355	-10	2703	3023	90	122	0	2861
805	211	34	-20	1355	1675	90	528	0	1508
806	361	156	-40	2147	2467	90	169	0	0
807	77	209	-20	3108	3428	90	43	0	3304
808	268	244	-10	1738	2058	90	686	0	1977
809	174	92	-20	1122	1442	90	379	0	1330
810	273	342	-30	3242	3562	90	392	0	3402

