200	200	1
0	200	200	0	0	1688	0	0	0
1	321	287	-15	591	621	10	276	0	0
2	123	176	-5	1170	1200	10	453	0	567
3	234	20	15	418	448	10	0	94	0
4	256	385	-8	596	626	10	170	0	69
5	108	399	23	219	249	0	0	807	0
6	303	258	-12	988	1018	10	381	0	0
7	148	94	-19	838	868	10	607	0	0
8	35	238	32	191	221	10	0	421	51
9	356	223	-15	968	998	10	306	0	0
10	349	324	33	538	568	10	0	597	374
11	29	9	14	825	855	10	0	311	573
12	21	82	-29	842	872	10	779	0	29
13	146	320	-39	497	527	10	647	0	0
14	337	81	22	713	743	10	0	623	0
15	160	313	-8	859	889	10	384	0	0
16	237	243	9	56	86	10	0	259	0
17	343	134	8	1009	1039	10	0	479	881
18	13	59	13	559	589	10	0	210	354
19	123	30	12	698	728	10	0	254	0
20	156	32	34	790	820	0	0	829	646
21	361	194	12	405	435	10	0	478	0
22	330	310	-29	678	708	10	44	0	171
23	326	335	-11	981	1011	10	343	0	29
24	209	283	-29	617	647	10	704	0	29
25	267	221	-15	587	617	10	538	0	0
26	57	124	24	161	191	10	0	38	29
27	280	5	-20	1016	1046	10	360	0	0
28	92	238	-13	1214	1244	10	114	0	0
29	51	205	-8	1216	1246	10	797	0	0
30	369	6	-20	547	577	10	427	0	0
31	131	89	26	140	170	0	0	822	39
32	359	157	-23	810	840	10	147	0	0
33	195	148	-4	1326	1356	10	302	0	29
34	239	252	20	1332	1362	10	0	121	1297
35	328	8	36	445	475	10	0	434	244
36	162	316	-3	596	626	10	553	0	0
37	184	233	19	36	66	10	0	475	0
38	29	86	-24	570	600	10	26	0	29
39	340	276	43	868	898	10	0	91	738
40	129	53	-24	751	781	10	593	0	562
41	332	124	22	334	364	10	0	278	211
42	55	115	-29	783	813	10	404	0	0
43	393	246	14	508	538	10	0	570	339
44	348	319	29	331	361	10	0	22	171
45	361	287	13	256	286	0	0	817	102
46	16	114	-9	723	753	10	281	0	76
47	353	65	-15	306	336	10	747	0	0
48	73	126	38	419	449	10	0	632	0
49	91	61	-21	1472	1502	10	659	0	29
50	117	148	14	97	127	10	0	79	0
51	60	319	29	255	285	10	0	471	101
52	244	50	23	954	984	10	0	596	827
53	79	95	22	1226	1256	10	0	202	1095
54	255	80	11	520	550	10	0	321	0
55	319	115	16	665	695	10	0	117	0
56	35	160	-19	1017	1047	10	795	0	567
57	358	309	11	856	886	10	0	257	694
58	232	131	20	1136	1166	0	0	828	1089
59	161	124	-29	660	690	10	697	0	550
60	85	128	-26	1288	1318	10	580	0	240
61	211	153	14	56	86	10	0	604	0
62	152	361	-21	1029	1059	10	324	0	0
63	327	115	15	303	333	10	0	84	180
64	151	231	10	79	109	10	0	423	51
65	210	294	-16	94	124	10	388	0	0
66	264	341	9	1041	1071	10	0	338	0
67	309	53	26	327	357	10	0	683	0
68	108	75	24	155	185	10	0	512	29
69	303	358	-9	341	371	10	461	0	0
70	33	226	-18	1192	1222	10	473	0	330
71	378	118	12	727	757	10	0	510	0
72	26	70	3	921	951	10	0	517	733
73	45	291	-32	213	243	10	303	0	0
74	329	208	-18	1317	1347	10	565	0	0
75	30	39	-27	368	398	10	426	0	0
76	78	85	-15	741	771	10	499	0	32
77	4	307	-7	1077	1107	10	198	0	557
78	151	188	18	50	80	10	0	626	0
79	14	53	-14	805	835	10	50	0	0
80	125	182	24	77	107	10	0	293	0
81	232	127	13	79	109	10	0	615	0
82	368	63	22	415	445	0	0	804	228
83	280	224	-20	227	257	10	658	0	29
84	348	102	-15	392	422	10	63	0	180
85	319	160	-17	168	198	10	408	0	30
86	116	102	10	814	844	10	0	609	714
87	192	268	-19	524	554	10	152	0	429
88	220	337	23	312	342	10	0	133	0
89	264	69	-24	665	695	10	268	0	348
90	142	238	-14	1177	1207	10	543	0	0
91	231	229	-43	1203	1233	10	39	0	738
92	81	290	14	401	431	10	0	178	0
93	290	82	24	898	928	10	0	656	779
94	207	185	-15	1220	1250	10	3	0	0
95	21	255	-24	761	791	10	637	0	0
96	353	357	20	220	250	10	0	151	30
97	324	184	25	125	155	10	0	796	0
98	305	255	11	311	341	10	0	560	222
99	381	27	27	463	493	10	0	207	242
100	137	132	-17	216	246	10	493	0	0
101	147	376	-3	193	223	10	652	0	0
102	312	247	14	882	912	10	0	129	0
103	163	270	14	545	575	10	0	777	495
104	384	307	-15	380	410	10	284	0	0
105	375	294	2	603	633	10	0	625	0
106	274	247	22	944	974	10	0	236	0
107	225	53	-18	1082	1112	10	486	0	0
108	292	392	-21	661	691	10	165	0	0
109	267	321	26	633	663	10	0	361	0
110	228	96	37	322	352	10	0	126	244
111	334	186	1	156	186	10	0	128	51
112	339	3	8	803	833	10	0	392	0
113	158	85	-6	933	963	10	159	0	0
114	75	238	13	1005	1035	10	0	28	0
115	213	216	9	20	50	10	0	462	0
116	122	105	7	178	208	0	0	826	85
117	303	112	-16	873	903	10	55	0	0
118	307	396	28	772	802	0	0	830	578
119	13	220	15	1065	1095	10	0	469	906
120	299	227	25	102	132	10	0	644	0
121	230	234	-20	1561	1591	10	34	0	1297
122	299	399	-21	774	804	10	488	0	524
123	366	340	23	715	745	10	0	738	0
124	46	197	21	423	453	10	0	218	0
125	97	387	-5	561	591	10	390	0	0
126	234	7	-37	1116	1146	10	110	0	244
127	327	11	-26	590	620	10	345	0	213
128	348	189	-1	269	299	10	111	0	51
129	266	234	-14	913	943	10	102	0	0
130	184	69	1	503	533	10	0	695	401
131	158	121	17	1105	1135	10	0	287	1045
132	206	7	8	794	824	10	0	246	0
133	260	352	-23	395	425	10	88	0	0
134	184	235	-33	1124	1154	10	578	0	0
135	202	6	-10	636	666	10	310	0	450
136	325	311	15	613	643	0	0	838	475
137	143	159	16	70	100	10	0	723	29
138	259	285	14	103	133	10	0	788	0
139	366	97	-28	772	802	10	770	0	0
140	87	147	-15	874	904	10	500	0	118
141	48	304	15	230	260	10	0	201	75
142	76	72	-9	1010	1040	10	172	0	730
143	1	335	12	250	280	10	0	389	0
144	157	220	-27	1376	1406	10	709	0	954
145	400	373	7	264	294	10	0	234	0
146	123	159	-11	1315	1345	10	212	0	0
147	377	144	23	467	497	10	0	32	0
148	200	144	12	81	111	10	0	489	0
149	52	94	-45	1142	1172	10	552	0	832
150	140	344	-25	1288	1318	10	713	0	29
151	390	376	-20	463	493	10	96	0	30
152	206	286	19	486	516	10	0	87	429
153	208	86	-11	958	988	10	190	0	0
154	384	294	20	557	587	10	0	454	0
155	315	237	-20	520	550	10	417	0	0
156	392	14	1	1026	1056	10	0	771	0
157	269	203	30	375	405	10	0	574	335
158	248	286	35	98	128	10	0	776	0
159	168	15	6	622	652	10	0	113	0
160	391	42	44	964	994	10	0	348	0
161	92	384	-25	403	433	10	551	0	186
162	344	154	30	998	1028	0	0	815	876
163	59	51	14	206	236	10	0	746	30
164	100	10	27	285	315	0	0	809	100
165	250	340	21	190	220	10	0	108	0
166	84	293	11	556	586	10	0	572	0
167	66	118	27	565	595	10	0	581	437
168	98	107	-15	934	964	10	763	0	460
169	103	154	-15	1106	1136	10	403	0	831
170	243	287	8	137	167	10	0	4	69
171	362	383	21	256	286	10	0	432	17
172	70	81	9	877	907	10	0	142	730
173	230	266	-18	848	878	10	277	0	0
174	148	71	-10	815	845	10	775	0	0
175	6	62	-29	897	927	10	228	0	0
176	165	335	-31	648	678	10	681	0	335
177	313	64	29	402	432	10	0	679	0
178	80	282	-14	521	551	10	92	0	0
179	73	124	-2	553	583	10	266	0	0
180	59	89	-18	769	799	10	798	0	55
181	279	337	-30	603	633	10	472	0	0
182	330	353	-7	1186	1216	10	587	0	404
183	201	195	12	5	35	10	0	484	29
184	125	175	-17	162	192	10	439	0	29
185	52	251	8	159	189	10	0	634	32
186	52	301	7	925	955	10	0	191	775
187	192	200	22	8	38	10	0	375	30
188	136	373	33	614	644	10	0	544	436
189	357	202	-7	499	529	10	783	0	0
190	203	40	11	792	822	10	0	153	0
191	36	288	-7	957	987	10	186	0	775
192	348	343	-27	340	370	10	668	0	0
193	359	42	10	842	872	10	0	285	0
194	248	124	19	664	694	10	0	195	604
195	218	134	-19	1275	1305	10	194	0	604
196	142	385	-8	527	557	10	661	0	29
197	299	270	-19	833	863	10	211	0	0
198	40	314	7	724	754	10	0	77	557
199	66	5	-17	1135	1165	10	508	0	124
200	248	126	-26	652	682	10	736	0	522
201	54	341	-15	308	338	10	141	0	75
202	101	99	-22	1312	1342	10	53	0	1095
203	355	41	9	839	869	10	0	705	646
204	186	179	29	25	55	10	0	315	18
205	55	346	13	443	473	0	0	837	267
206	282	252	10	868	898	10	0	785	0
207	377	72	-27	1308	1338	10	99	0	242
208	135	161	-19	1350	1380	10	757	0	0
209	85	61	20	180	210	10	0	711	0
210	19	61	-13	1152	1182	10	18	0	354
211	279	262	19	100	130	10	0	197	0
212	87	164	11	662	692	10	0	146	0
213	80	392	16	535	565	10	0	620	0
214	384	72	-17	993	1023	10	521	0	0
215	234	73	8	155	185	10	0	790	0
216	68	250	-31	564	594	10	487	0	0
217	192	151	-24	584	614	10	559	0	29
218	47	190	-21	631	661	10	124	0	0
219	193	390	-19	1035	1065	10	592	0	833
220	184	282	19	83	113	10	0	292	0
221	310	363	-14	1059	1089	10	671	0	0
222	86	112	17	713	743	10	0	667	598
223	223	41	-17	551	581	10	261	0	374
224	165	126	-34	1242	1272	10	666	0	0
225	178	103	10	617	647	10	0	274	547
226	285	184	9	1030	1060	10	0	786	973
227	26	326	21	633	663	10	0	349	0
228	8	68	29	653	683	10	0	175	0
229	2	52	-13	677	707	10	765	0	29
230	361	236	-6	164	194	10	554	0	15
231	287	279	4	1197	1227	0	0	801	0
232	199	45	26	790	820	10	0	584	660
233	384	248	35	222	252	10	0	761	61
234	397	283	-7	412	442	10	145	0	0
235	326	79	29	806	836	10	0	503	661
236	217	211	-22	1180	1210	10	106	0	0
237	364	213	-16	578	608	10	275	0	257
238	124	179	36	718	748	10	0	314	0
239	168	223	19	39	69	10	0	685	18
240	341	78	16	830	860	0	0	819	0
241	166	357	-8	1213	1243	10	425	0	856
242	73	292	8	175	205	10	0	374	0
243	160	62	-25	709	739	10	585	0	39
244	190	27	10	416	446	10	0	781	0
245	340	290	-20	451	481	10	342	0	0
246	180	15	-8	875	905	10	132	0	0
247	147	210	23	53	83	10	0	678	29
248	102	42	17	185	215	10	0	706	0
249	8	363	-12	879	909	10	373	0	0
250	250	183	-29	1022	1052	10	546	0	535
251	193	18	22	436	466	10	0	420	0
252	287	343	-4	720	750	10	753	0	521
253	17	348	-18	438	468	10	640	0	0
254	96	22	-12	816	846	10	19	0	0
255	46	102	-15	604	634	10	749	0	373
256	371	396	5	601	631	10	0	350	0
257	365	303	-11	902	932	10	57	0	694
258	196	129	22	766	796	10	0	267	724
259	278	265	-9	649	679	10	16	0	0
260	367	300	-19	449	479	10	431	0	0
261	226	52	17	495	525	10	0	223	374
262	37	397	-29	825	855	10	382	0	29
263	40	31	9	576	606	10	0	385	373
264	332	216	12	447	477	10	0	674	0
265	96	209	28	123	153	10	0	344	0
266	179	175	2	32	62	10	0	179	0
267	195	121	-22	871	901	10	258	0	724
268	251	70	24	458	488	10	0	89	348
269	285	287	-3	745	775	10	383	0	0
270	2	17	11	269	299	10	0	468	0
271	362	399	-23	890	920	10	768	0	455
272	88	372	14	354	384	10	0	387	0
273	231	6	32	701	731	10	0	756	0
274	194	121	-10	1272	1302	10	225	0	547
275	350	207	16	378	408	10	0	237	257
276	302	274	15	292	322	10	0	1	0
277	241	275	18	696	726	10	0	173	0
278	350	131	-22	802	832	10	41	0	211
279	175	192	-11	924	954	10	295	0	0
280	397	261	16	585	615	10	0	370	0
281	32	163	9	219	249	10	0	46	76
282	205	372	2	889	919	10	0	424	0
283	75	89	-3	826	856	10	557	0	0
284	397	362	15	255	285	10	0	104	0
285	370	57	-10	1118	1148	10	193	0	0
286	316	327	-26	763	793	10	422	0	0
287	177	139	-17	1580	1610	10	131	0	1045
288	317	68	-23	1160	1190	10	372	0	297
289	50	315	4	628	658	10	0	294	468
290	102	324	-15	491	521	10	589	0	0
291	236	38	38	433	463	10	0	744	297
292	79	344	-19	217	247	10	220	0	0
293	10	202	-24	326	356	10	80	0	0
294	74	283	-4	1086	1116	10	289	0	468
295	72	315	11	681	711	10	0	279	0
296	197	200	15	3	33	10	0	446	0
297	395	340	24	240	270	10	0	720	0
298	166	115	-33	1249	1279	10	399	0	0
299	362	115	-9	1061	1091	10	734	0	0
300	84	206	22	577	607	10	0	629	490
301	126	208	26	1370	1400	0	0	812	0
302	179	125	4	77	107	10	0	33	29
303	78	261	32	136	166	10	0	73	0
304	279	91	-35	1308	1338	10	366	0	1018
305	16	294	21	378	408	10	0	509	0
306	368	215	15	727	757	10	0	9	0
307	5	345	14	1211	1241	10	0	564	0
308	369	118	-18	1052	1082	10	708	0	0
309	172	109	13	95	125	10	0	353	0
310	208	20	10	601	631	10	0	135	450
311	9	47	-14	853	883	10	11	0	573
312	358	261	19	750	780	0	0	814	0
313	376	19	-10	1281	1311	10	416	0	0
314	159	164	-36	1336	1366	10	238	0	0
315	176	154	-29	51	81	10	204	0	18
316	8	119	11	839	869	10	0	745	660
317	308	217	-13	992	1022	10	363	0	0
318	308	178	4	398	428	10	0	528	0
319	117	395	13	401	431	10	0	621	0
320	251	381	17	268	298	10	0	378	109
321	210	1	-11	1000	1030	10	54	0	0
322	30	349	9	678	708	10	0	793	481
323	309	279	19	157	187	10	0	377	0
324	133	375	21	650	680	10	0	62	0
325	381	12	15	591	621	10	0	328	360
326	103	95	26	596	626	10	0	591	0
327	17	99	-19	1006	1036	10	358	0	579
328	377	29	-15	747	777	10	325	0	360
329	237	259	-21	1174	1204	10	735	0	0
330	49	222	-35	1127	1157	10	742	0	173
331	296	156	17	105	135	10	0	522	29
332	153	224	-21	785	815	10	456	0	29
333	382	169	23	658	688	10	0	406	503
334	371	349	8	263	293	10	0	428	66
335	265	127	35	97	127	10	0	518	15
336	159	11	-19	1188	1218	10	758	0	0
337	354	199	-3	1280	1310	10	573	0	0
338	244	285	-9	1318	1348	10	66	0	0
339	220	238	12	42	72	10	0	789	0
340	285	107	-34	500	530	10	396	0	29
341	337	248	26	477	507	10	0	577	0
342	377	282	20	388	418	10	0	245	0
343	310	340	11	178	208	10	0	23	29
344	74	213	-28	435	465	10	265	0	0
345	309	18	26	396	426	10	0	127	213
346	304	319	-10	861	891	10	532	0	29
347	44	277	9	534	564	10	0	660	0
348	378	30	-44	1100	1130	10	160	0	0
349	160	222	-21	1294	1324	10	227	0	0
350	381	375	-5	1071	1101	10	256	0	0
351	209	208	8	12	42	10	0	481	0
352	285	136	-1	1089	1119	10	716	0	168
353	194	65	-13	386	416	10	309	0	0
354	13	322	-36	368	398	10	606	0	0
355	91	388	-3	217	247	10	515	0	10
356	107	159	-23	1032	1062	10	672	0	182
357	110	241	9	98	128	10	0	690	0
358	92	68	19	720	750	10	0	327	579
359	291	398	16	531	561	10	0	759	0
360	200	48	20	220	250	10	0	27	0
361	267	295	-26	731	761	10	109	0	0
362	191	167	-27	952	982	10	676	0	0
363	393	256	13	389	419	10	0	317	0
364	308	314	-9	640	670	10	721	0	81
365	371	111	3	249	279	10	0	477	0
366	300	64	35	1157	1187	10	0	304	1018
367	108	395	-16	573	603	10	418	0	110
368	338	315	-18	952	982	10	369	0	686
369	343	335	18	853	883	10	0	368	686
370	349	249	-16	870	900	10	280	0	0
371	294	184	18	1073	1103	10	0	599	0
372	347	59	23	471	501	10	0	288	297
373	12	368	12	771	801	10	0	249	0
374	119	286	-8	829	859	10	242	0	0
375	105	254	-22	409	439	10	187	0	30
376	194	166	7	688	718	0	0	802	683
377	309	274	-19	341	371	10	323	0	0
378	304	395	-17	529	559	10	320	0	109
379	326	374	-22	578	608	10	665	0	370
380	277	143	12	644	674	0	0	834	0
381	338	290	12	650	680	10	0	6	0
382	98	375	29	202	232	10	0	262	29
383	286	308	3	627	657	10	0	269	0
384	145	301	8	115	145	10	0	15	0
385	2	3	-9	794	824	10	263	0	373
386	110	351	-16	175	205	10	636	0	14
387	74	351	-14	960	990	10	272	0	0
388	201	255	16	55	85	10	0	65	0
389	11	328	-12	767	797	10	143	0	0
390	95	391	5	473	503	10	0	125	0
391	161	346	7	1056	1086	10	0	458	934
392	338	5	-8	1017	1047	10	112	0	0
393	376	205	4	453	483	10	0	712	0
394	300	319	14	155	185	10	0	682	29
395	170	114	9	637	667	0	0	831	575
396	273	118	34	109	139	10	0	340	29
397	97	105	-12	944	974	10	752	0	426
398	168	87	-14	917	947	10	603	0	664
399	206	106	33	288	318	10	0	298	0
400	93	31	-21	658	688	10	724	0	135
401	37	21	-5	909	939	10	670	0	0
402	162	94	11	112	142	10	0	677	29
403	96	162	15	912	942	10	0	169	831
404	66	144	29	145	175	10	0	42	0
405	52	194	-11	549	579	10	722	0	0
406	395	167	-23	980	1010	10	333	0	503
407	384	53	13	950	980	10	0	654	744
408	237	200	17	37	67	10	0	85	30
409	162	121	1	87	117	10	0	692	0
410	138	306	-26	864	894	10	727	0	29
411	345	195	9	932	962	10	0	579	816
412	68	143	-20	1255	1285	10	645	0	69
413	56	292	-25	506	536	10	506	0	0
414	303	142	10	1077	1107	10	0	600	988
415	40	153	15	166	196	10	0	715	29
416	338	14	10	1201	1231	10	0	313	0
417	368	278	20	241	271	10	0	155	0
418	68	386	16	309	339	10	0	367	110
419	369	171	23	171	201	10	0	646	29
420	201	6	-22	585	615	10	251	0	0
421	5	266	-32	368	398	10	8	0	51
422	311	344	26	187	217	10	0	286	0
423	131	275	-10	529	559	10	64	0	51
424	247	377	-2	1215	1245	10	282	0	0
425	174	326	8	955	985	10	0	241	856
426	6	20	27	264	294	10	0	75	0
427	353	3	20	256	286	10	0	30	0
428	352	383	-8	798	828	10	334	0	66
429	23	317	10	454	484	10	0	435	0
430	221	225	16	32	62	10	0	767	0
431	278	289	19	118	148	10	0	260	0
432	380	390	-21	261	291	10	171	0	17
433	175	304	24	106	136	10	0	451	29
434	348	41	-36	658	688	10	35	0	244
435	26	275	-10	1132	1162	10	429	0	0
436	306	85	-26	1144	1174	10	480	0	804
437	357	147	-31	531	561	10	732	0	0
438	188	67	-21	1049	1079	10	465	0	152
439	166	185	17	37	67	10	0	184	29
440	90	311	-18	669	699	10	491	0	251
441	26	199	-42	808	838	10	693	0	29
442	342	154	-15	400	430	10	605	0	187
443	357	38	-9	1104	1134	10	526	0	0
444	154	41	-27	1286	1316	10	729	0	874
445	26	247	-24	388	418	10	774	0	0
446	215	260	-15	61	91	10	296	0	0
447	391	260	20	604	634	10	0	764	0
448	244	135	8	672	702	10	0	641	623
449	236	44	12	774	804	0	0	820	0
450	142	379	11	780	810	10	0	548	0
451	157	378	-24	916	946	10	433	0	29
452	120	170	-23	457	487	10	537	0	0
453	94	165	5	649	679	10	0	2	567
454	356	299	-20	1051	1081	10	154	0	0
455	78	194	-11	938	968	10	502	0	0
456	162	251	21	63	93	10	0	332	29
457	196	51	19	530	560	10	0	505	0
458	146	324	-7	1412	1442	10	391	0	934
459	340	79	-29	670	700	10	611	0	0
460	273	182	-18	850	880	10	686	0	0
461	311	356	9	191	221	10	0	69	0
462	213	332	-9	718	748	10	115	0	0
463	289	234	33	95	125	10	0	608	29
464	166	19	-31	1199	1229	10	731	0	718
465	274	7	21	329	359	10	0	438	152
466	174	329	-7	700	730	10	494	0	123
467	243	140	-29	1273	1303	10	680	0	29
468	82	78	-11	1186	1216	10	270	0	0
469	41	183	-15	1177	1207	10	119	0	906
470	325	45	8	589	619	10	0	691	0
471	65	335	-29	329	359	10	51	0	101
472	226	378	30	359	389	10	0	181	0
473	44	296	18	484	514	10	0	70	330
474	103	361	-18	460	490	10	650	0	252
475	169	235	-19	46	76	10	37	0	0
476	41	337	9	669	699	0	0	805	0
477	388	106	-3	264	294	10	365	0	0
478	350	214	-12	820	850	10	21	0	0
479	325	130	-8	1038	1068	10	17	0	881
480	339	69	26	966	996	10	0	436	804
481	279	247	-8	91	121	10	351	0	0
482	236	119	-12	1350	1380	10	635	0	1095
483	170	176	19	1016	1046	10	0	525	0
484	246	247	-12	679	709	10	183	0	29
485	388	275	-11	927	957	10	514	0	723
486	286	44	18	566	596	10	0	107	0
487	100	218	31	103	133	10	0	216	0
488	336	386	21	727	757	10	0	122	524
489	186	75	-12	780	810	10	148	0	0
490	76	90	2	747	777	10	0	663	611
491	52	343	18	427	457	10	0	440	251
492	362	378	17	472	502	0	0	818	0
493	138	143	17	84	114	10	0	100	0
494	169	352	7	249	279	10	0	466	123
495	352	303	8	1072	1102	10	0	719	0
496	343	359	26	456	486	10	0	664	0
497	92	255	30	424	454	10	0	619	0
498	338	150	16	768	798	10	0	601	651
499	125	122	15	111	141	10	0	76	32
500	58	98	15	263	293	10	0	140	118
501	308	327	-14	388	418	10	576	0	0
502	74	231	11	474	504	10	0	455	0
503	330	76	-29	928	958	10	235	0	661
504	165	264	20	72	102	10	0	787	29
505	214	119	-19	1015	1045	10	457	0	0
506	94	268	25	365	395	10	0	413	0
507	11	274	-21	800	830	10	717	0	0
508	54	108	17	267	297	10	0	199	124
509	68	215	-21	971	1001	10	305	0	0
510	334	100	-12	1137	1167	10	71	0	0
511	256	356	19	165	195	10	0	657	29
512	115	51	-24	848	878	10	68	0	29
513	391	136	33	213	243	10	0	520	0
514	387	267	11	892	922	10	0	485	723
515	106	302	3	138	168	10	0	355	10
516	398	325	-22	875	905	10	750	0	0
517	74	87	-3	1355	1385	10	72	0	733
518	294	118	-35	124	154	10	335	0	15
519	142	262	41	512	542	10	0	563	0
520	380	145	-33	523	553	10	513	0	0
521	364	55	17	340	370	10	0	214	0
522	379	126	-17	866	896	10	331	0	29
523	12	40	-18	615	645	10	741	0	55
524	177	77	-17	799	829	10	725	0	0
525	185	180	-19	1623	1653	10	483	0	0
526	382	49	9	876	906	10	0	443	0
527	314	257	13	127	157	10	0	694	0
528	271	116	-4	909	939	10	318	0	0
529	336	201	-23	820	850	10	688	0	0
530	341	33	27	279	309	10	0	614	90
531	344	321	2	254	284	10	0	539	95
532	276	298	10	124	154	10	0	346	29
533	371	386	23	325	355	10	0	630	0
534	319	113	26	1167	1197	0	0	806	0
535	362	207	18	796	826	10	0	638	0
536	146	301	34	353	383	10	0	558	0
537	146	174	23	59	89	10	0	452	0
538	247	212	15	172	202	10	0	25	0
539	356	315	-2	421	451	10	531	0	95
540	43	67	15	408	438	10	0	595	232
541	163	207	-16	1125	1155	10	649	0	474
542	32	78	-22	649	679	10	687	0	0
543	55	341	14	675	705	10	0	90	0
544	117	381	-33	622	652	10	188	0	436
545	39	34	10	242	272	10	0	616	40
546	277	163	29	591	621	10	0	250	535
547	397	133	24	741	771	10	0	562	0
548	180	359	-11	941	971	10	450	0	0
549	266	13	17	679	709	10	0	762	503
550	48	358	-22	876	906	10	590	0	29
551	87	378	25	367	397	10	0	161	186
552	41	93	45	994	1024	10	0	149	832
553	173	384	3	185	215	10	0	36	0
554	320	211	6	120	150	10	0	230	15
555	291	304	-17	1038	1068	10	662	0	719
556	108	48	-12	832	862	10	571	0	324
557	102	84	3	165	195	10	0	283	0
558	138	326	-34	561	591	10	536	0	0
559	244	176	24	50	80	10	0	217	29
560	287	225	-11	746	776	10	98	0	222
561	324	194	-20	1066	1096	10	567	0	605
562	400	109	-24	847	877	10	547	0	0
563	136	226	-41	998	1028	10	519	0	0
564	5	344	-14	1259	1289	10	307	0	0
565	374	175	18	344	374	10	0	74	0
566	122	397	22	576	606	10	0	755	0
567	310	163	20	692	722	10	0	561	605
568	24	57	18	226	256	10	0	594	0
569	77	319	-9	1239	1269	10	730	0	0
570	398	258	-14	598	628	10	43	0	339
571	111	4	12	510	540	10	0	556	324
572	70	231	-11	1097	1127	10	166	0	0
573	389	171	3	451	481	10	0	337	0
574	212	197	-30	854	884	10	157	0	335
575	246	298	19	956	986	0	0	833	0
576	299	351	14	180	210	10	0	501	0
577	305	257	-26	619	649	10	341	0	0
578	153	222	33	51	81	10	0	134	0
579	343	184	-9	1123	1153	10	411	0	816
580	42	197	26	369	399	10	0	60	240
581	131	82	-27	896	926	10	167	0	437
582	41	340	-19	863	893	10	689	0	430
583	85	256	15	1004	1034	10	0	710	0
584	196	77	-26	828	858	10	232	0	660
585	156	4	25	210	240	10	0	243	39
586	202	158	11	1158	1188	0	0	821	1145
587	372	382	7	625	655	10	0	182	404
588	234	214	20	36	66	10	0	737	0
589	67	318	15	246	276	10	0	290	0
590	57	381	22	230	260	10	0	550	29
591	118	122	-26	950	980	10	326	0	0
592	178	353	19	958	988	10	0	219	833
593	114	88	24	674	704	10	0	40	562
594	51	64	-18	795	825	10	568	0	0
595	73	4	-15	1406	1436	10	540	0	232
596	196	107	-23	1329	1359	10	52	0	827
597	343	322	-33	811	841	10	10	0	374
598	297	240	37	260	290	10	0	613	0
599	262	212	-18	1125	1155	10	371	0	0
600	279	148	-10	1452	1482	10	414	0	988
601	316	112	-16	964	994	10	498	0	651
602	231	182	18	35	65	10	0	780	0
603	183	71	14	765	795	10	0	398	664
604	257	98	-14	338	368	10	61	0	0
605	326	156	15	291	321	10	0	442	187
606	48	278	36	170	200	10	0	354	0
607	113	80	19	166	196	10	0	7	0
608	323	218	-33	820	850	10	463	0	29
609	126	90	-10	866	896	10	86	0	714
610	238	119	17	673	703	10	0	782	613
611	334	92	29	444	474	10	0	459	0
612	228	341	13	1007	1037	10	0	698	0
613	294	249	-37	471	501	10	598	0	0
614	384	64	-27	1066	1096	10	530	0	90
615	233	100	-13	686	716	10	81	0	0
616	15	4	-10	699	729	10	545	0	40
617	294	13	26	587	617	10	0	784	407
618	381	144	18	490	520	10	0	702	0
619	193	216	-30	1231	1261	10	497	0	0
620	68	378	-16	682	712	10	213	0	0
621	102	377	-13	984	1014	10	319	0	0
622	220	71	-18	676	706	10	684	0	0
623	338	106	-22	951	981	10	14	0	0
624	262	30	8	180	210	0	0	811	29
625	394	299	-2	794	824	10	105	0	0
626	63	166	-18	996	1026	10	78	0	0
627	38	366	18	258	288	0	0	835	0
628	45	85	10	915	945	0	0	813	0
629	116	195	-22	1066	1096	10	300	0	490
630	390	357	-23	1041	1071	10	533	0	0
631	328	39	11	756	786	0	0	808	0
632	171	168	-38	1353	1383	10	48	0	0
633	246	47	-32	1121	1151	10	703	0	446
634	4	280	-8	238	268	10	185	0	32
635	256	145	12	1144	1174	10	0	482	1095
636	153	315	16	124	154	10	0	386	14
637	8	285	24	323	353	10	0	95	0
638	351	199	-18	792	822	10	535	0	0
639	111	286	21	133	163	10	0	643	39
640	34	371	18	380	410	10	0	253	0
641	230	139	-8	1298	1328	10	448	0	623
642	59	285	-10	1147	1177	10	733	0	108
643	93	283	-21	331	361	10	639	0	39
644	317	240	-25	304	334	10	120	0	0
645	49	187	20	191	221	10	0	412	69
646	374	163	-23	315	345	10	419	0	29
647	134	320	39	165	195	10	0	13	0
648	262	390	21	476	506	10	0	739	306
649	26	260	16	629	659	10	0	541	474
650	80	365	18	449	479	10	0	474	252
651	246	244	33	679	709	0	0	810	0
652	192	291	3	104	134	10	0	101	0
653	173	72	39	274	304	10	0	701	0
654	364	23	-13	1065	1095	10	407	0	744
655	31	360	-14	277	307	10	696	0	0
656	321	144	-24	1064	1094	10	93	0	779
657	296	388	-19	262	292	10	511	0	29
658	268	223	20	71	101	10	0	83	29
659	107	98	21	138	168	10	0	49	29
660	32	229	-9	1054	1084	10	347	0	0
661	140	387	8	196	226	10	0	196	29
662	302	300	17	832	862	10	0	555	719
663	56	97	-2	941	971	10	490	0	611
664	359	389	-26	1054	1084	10	496	0	0
665	320	373	22	551	581	10	0	379	370
666	140	131	34	879	909	10	0	224	0
667	102	118	-17	1169	1199	10	222	0	598
668	330	313	27	172	202	10	0	192	0
669	344	72	-13	1065	1095	10	800	0	0
670	37	106	5	358	388	10	0	401	0
671	316	383	14	816	846	10	0	221	0
672	75	76	23	329	359	10	0	356	182
673	262	233	16	1110	1140	0	0	832	0
674	320	166	-12	586	616	10	264	0	0
675	36	286	16	762	792	0	0	825	606
676	236	171	27	46	76	10	0	362	0
677	177	55	-11	756	786	10	402	0	29
678	91	233	-23	466	496	10	247	0	29
679	244	56	-29	662	692	10	177	0	0
680	317	183	29	118	148	10	0	467	29
681	192	332	31	438	468	10	0	176	335
682	299	308	-14	563	593	10	394	0	29
683	350	18	-26	1136	1166	10	67	0	0
684	196	138	18	72	102	10	0	622	0
685	110	290	-19	127	157	10	239	0	18
686	297	137	18	458	488	10	0	460	0
687	35	79	22	423	453	10	0	542	0
688	335	202	23	829	859	10	0	529	0
689	85	333	19	576	606	10	0	582	430
690	18	294	-9	487	517	10	357	0	0
691	320	24	-8	1008	1038	10	470	0	0
692	159	79	-1	792	822	10	409	0	0
693	13	167	42	189	219	10	0	441	29
694	322	281	-13	146	176	10	527	0	0
695	150	49	-1	848	878	10	130	0	401
696	26	372	14	244	274	10	0	655	0
697	168	100	29	632	662	10	0	59	550
698	236	260	-13	1119	1149	10	612	0	0
699	50	385	-13	823	853	10	778	0	0
700	199	22	20	453	483	10	0	791	304
701	143	20	-39	1217	1247	10	653	0	0
702	352	156	-18	898	928	10	618	0	0
703	220	38	32	580	610	10	0	633	446
704	213	280	29	81	111	10	0	24	29
705	384	47	-9	1091	1121	10	203	0	646
706	101	8	-17	387	417	10	248	0	0
707	3	2	16	956	986	10	0	714	0
708	396	106	18	270	300	10	0	308	0
709	124	221	27	1003	1033	10	0	144	954
710	84	221	-15	1103	1133	10	583	0	0
711	92	73	-20	337	367	10	209	0	0
712	369	211	-4	463	493	10	393	0	0
713	186	355	25	155	185	10	0	150	29
714	3	15	-16	1102	1132	10	707	0	0
715	46	110	-15	563	593	10	415	0	29
716	349	181	1	289	319	10	0	352	168
717	102	252	21	110	140	10	0	507	0
718	154	68	20	739	769	10	0	743	0
719	325	294	-8	1146	1176	10	495	0	0
720	381	290	-24	469	499	10	297	0	0
721	302	345	9	229	259	10	0	364	81
722	36	203	11	380	410	10	0	405	0
723	81	156	-16	435	465	10	137	0	29
724	100	15	21	316	346	10	0	400	135
725	209	167	17	34	64	10	0	524	0
726	69	82	-36	875	905	10	772	0	232
727	163	264	26	73	103	10	0	410	29
728	186	145	18	1490	1520	0	0	827	1463
729	140	40	27	1015	1045	10	0	444	874
730	40	336	9	1205	1235	10	0	569	0
731	231	76	31	816	846	10	0	464	718
732	380	126	31	202	232	10	0	437	0
733	16	311	10	293	323	10	0	642	108
734	395	113	9	580	610	10	0	299	0
735	253	316	21	421	451	10	0	329	0
736	238	124	26	577	607	10	0	200	522
737	240	201	-20	754	784	10	588	0	0
738	380	339	-23	741	771	10	123	0	0
739	271	371	-21	752	782	10	648	0	306
740	155	159	15	60	90	0	0	836	0
741	53	51	18	235	265	10	0	523	55
742	2	200	35	341	371	10	0	330	173
743	164	80	-20	1183	1213	10	718	0	0
744	194	43	-38	725	755	10	291	0	297
745	43	121	-11	985	1015	10	316	0	660
746	2	29	-14	1363	1393	10	163	0	30
747	397	73	15	234	264	10	0	47	0
748	7	143	-28	333	363	10	766	0	89
749	37	119	15	526	556	10	0	255	373
750	367	361	22	487	517	10	0	516	0
751	137	68	25	146	176	0	0	823	0
752	102	149	12	507	537	10	0	397	426
753	306	361	4	705	735	10	0	252	521
754	135	384	13	244	274	10	0	799	0
755	105	360	-22	786	816	10	566	0	0
756	187	23	-32	1003	1033	10	273	0	0
757	56	156	19	683	713	10	0	208	0
758	217	98	19	103	133	10	0	336	0
759	229	371	-16	1013	1043	10	359	0	0
760	399	179	26	448	478	0	0	816	277
761	379	254	-35	289	319	10	233	0	61
762	193	29	-17	757	787	10	549	0	503
763	88	121	15	568	598	10	0	168	460
764	344	236	-20	884	914	10	447	0	0
765	145	165	13	65	95	10	0	229	29
766	11	135	28	259	289	10	0	748	89
767	300	272	-16	693	723	10	430	0	0
768	348	371	23	652	682	10	0	271	455
769	266	8	26	580	610	10	0	792	0
770	349	135	28	548	578	10	0	139	0
771	359	31	-1	1253	1283	10	156	0	0
772	59	49	36	409	439	10	0	726	232
773	0	155	9	205	235	0	0	803	0
774	18	235	24	218	248	10	0	445	0
775	177	174	10	34	64	10	0	174	0
776	213	305	-35	490	520	10	158	0	0
777	201	242	-14	770	800	10	103	0	495
778	41	399	13	261	291	10	0	699	0
779	4	60	29	240	270	10	0	12	29
780	321	85	-18	434	464	10	602	0	0
781	254	0	-10	673	703	10	244	0	0
782	229	105	-17	855	885	10	610	0	613
783	243	215	7	45	75	10	0	189	0
784	231	36	-26	1031	1061	10	617	0	407
785	278	221	-10	902	932	10	206	0	0
786	243	209	-9	1379	1409	10	226	0	973
787	168	268	-20	1053	1083	10	504	0	29
788	284	311	-14	349	379	10	138	0	0
789	231	320	-12	160	190	10	339	0	0
790	219	49	-8	461	491	10	215	0	0
791	234	37	-20	512	542	10	700	0	304
792	259	4	-26	606	636	10	769	0	0
793	8	384	-9	1011	1041	10	322	0	481
794	243	275	31	920	950	0	0	824	0
795	13	96	19	751	781	10	0	56	567
796	246	152	-25	601	631	10	97	0	0
797	38	291	8	509	539	10	0	29	0
798	18	102	18	232	262	10	0	180	55
799	163	364	-13	787	817	10	754	0	0
800	292	33	13	944	974	10	0	669	0
801	287	279	-4	1197	1227	10	231	0	0
802	194	166	-7	688	718	10	376	0	683
803	0	155	-9	205	235	10	773	0	0
804	368	63	-22	415	445	10	82	0	228
805	41	337	-9	669	699	10	476	0	0
806	319	113	-26	1167	1197	10	534	0	0
807	108	399	-23	219	249	10	5	0	0
808	328	39	-11	756	786	10	631	0	0
809	100	10	-27	285	315	10	164	0	100
810	246	244	-33	679	709	10	651	0	0
811	262	30	-8	180	210	10	624	0	29
812	126	208	-26	1370	1400	10	301	0	0
813	45	85	-10	915	945	10	628	0	0
814	358	261	-19	750	780	10	312	0	0
815	344	154	-30	998	1028	10	162	0	876
816	399	179	-26	448	478	10	760	0	277
817	361	287	-13	256	286	10	45	0	102
818	362	378	-17	472	502	10	492	0	0
819	341	78	-16	830	860	10	240	0	0
820	236	44	-12	774	804	10	449	0	0
821	202	158	-11	1158	1188	10	586	0	1145
822	131	89	-26	140	170	10	31	0	39
823	137	68	-25	146	176	10	751	0	0
824	243	275	-31	920	950	10	794	0	0
825	36	286	-16	762	792	10	675	0	606
826	122	105	-7	178	208	10	116	0	85
827	186	145	-18	1490	1520	10	728	0	1463
828	232	131	-20	1136	1166	10	58	0	1089
829	156	32	-34	790	820	10	20	0	646
830	307	396	-28	772	802	10	118	0	578
831	170	114	-9	637	667	10	395	0	575
832	262	233	-16	1110	1140	10	673	0	0
833	246	298	-19	956	986	10	575	0	0
834	277	143	-12	644	674	10	380	0	0
835	38	366	-18	258	288	10	627	0	0
836	155	159	-15	60	90	10	740	0	0
837	55	346	-13	443	473	10	205	0	267
838	325	311	-15	613	643	10	136	0	475

