200	200	1
0	200	200	0	0	1688	0	0	0
1	321	287	-20	543	669	10	417	0	13
2	123	176	-10	1107	1262	10	628	0	79
3	234	20	-17	369	497	10	261	0	30
4	256	385	-17	552	670	10	320	0	13
5	108	399	-8	219	335	10	661	0	9
6	303	258	-24	938	1069	10	197	0	77
7	148	94	-4	798	908	10	584	0	72
8	35	238	32	169	259	10	0	774	8
9	356	223	-28	917	1048	10	478	0	75
10	349	324	33	502	605	10	0	597	41
11	29	9	-14	793	888	10	163	0	9
12	21	82	26	798	915	10	0	142	70
13	146	320	22	433	591	10	0	423	43
14	337	81	22	663	793	10	0	240	61
15	160	313	-11	809	938	10	450	0	67
16	237	243	9	56	171	10	0	532	9
17	343	134	8	953	1095	10	0	414	93
18	13	59	-18	512	636	10	568	0	16
19	123	30	-3	666	759	10	706	0	23
20	156	32	-6	706	905	10	159	0	51
21	361	194	12	372	468	10	0	712	30
22	330	310	11	614	772	10	0	719	60
23	326	335	-11	946	1047	10	343	0	14
24	209	283	24	598	666	10	0	329	58
25	267	221	24	549	654	10	0	786	58
26	57	124	24	161	251	10	0	29	8
27	280	5	-26	982	1080	10	617	0	41
28	92	238	-15	1151	1308	10	119	0	93
29	51	205	-24	1175	1287	10	26	0	8
30	369	6	16	507	618	10	0	325	36
31	131	89	-1	130	268	10	409	0	12
32	359	157	-25	761	888	10	674	0	56
33	195	148	-15	1270	1412	10	467	0	127
34	239	252	-18	1271	1424	10	277	0	67
35	328	8	36	390	531	10	0	112	30
36	162	316	-34	559	663	10	536	0	33
37	184	233	19	36	165	0	0	836	12
38	29	86	28	546	624	10	0	594	41
39	340	276	-39	841	925	10	245	0	33
40	129	53	-39	708	824	10	653	0	22
41	332	124	22	299	399	10	0	436	24
42	55	115	-25	725	871	10	255	0	52
43	393	246	14	451	595	10	0	370	39
44	348	319	-27	264	429	10	668	0	14
45	361	287	13	227	314	10	0	234	13
46	16	114	-4	697	779	10	748	0	24
47	353	65	24	264	378	10	0	521	17
48	73	126	38	373	496	10	0	222	34
49	91	61	-5	1395	1502	10	670	0	24
50	117	148	14	97	199	10	0	169	10
51	60	319	29	183	366	10	0	292	9
52	244	50	-12	921	1018	10	449	0	69
53	79	95	-20	1182	1300	10	591	0	91
54	255	80	11	467	602	10	0	117	46
55	319	115	16	616	743	10	0	600	59
56	35	160	-15	969	1096	10	749	0	43
57	358	309	-20	826	916	10	154	0	45
58	232	131	-29	1090	1211	10	204	0	14
59	161	124	17	620	730	10	0	397	64
60	85	128	18	1270	1335	10	0	314	119
61	211	153	-17	48	142	10	725	0	8
62	152	361	18	971	1117	10	0	391	94
63	327	115	15	273	364	10	0	611	21
64	151	231	10	66	122	10	0	583	6
65	210	294	43	94	209	10	0	282	11
66	264	341	-4	971	1141	10	753	0	59
67	309	53	26	278	406	10	0	345	22
68	108	75	24	155	273	10	0	398	11
69	303	358	37	285	427	10	0	424	23
70	33	226	-29	1152	1262	10	95	0	65
71	378	118	12	687	797	10	0	562	60
72	26	70	-18	860	1013	10	741	0	16
73	45	291	18	179	295	10	0	690	11
74	329	208	-11	1272	1391	10	237	0	49
75	30	39	8	325	440	10	0	229	20
76	78	85	-8	688	824	10	711	0	23
77	4	307	14	1021	1163	10	0	435	93
78	151	188	-17	50	204	10	439	0	10
79	14	53	12	762	878	0	0	805	64
80	125	182	-23	77	205	10	537	0	11
81	232	127	13	79	240	10	0	758	4
82	368	63	22	390	469	10	0	207	25
83	280	224	20	203	280	10	0	120	12
84	348	102	26	345	468	10	0	780	29
85	319	160	26	131	234	10	0	702	10
86	116	102	10	767	890	0	0	832	76
87	192	268	-14	487	590	10	103	0	47
88	220	337	23	268	387	10	0	759	24
89	264	69	-24	613	748	10	268	0	40
90	142	238	-32	1125	1259	10	550	0	72
91	231	229	12	1167	1269	10	0	236	116
92	81	290	-9	341	491	10	357	0	14
93	290	82	-18	859	967	10	486	0	48
94	207	185	-38	1190	1281	10	291	0	35
95	21	255	29	709	843	10	0	70	65
96	353	357	20	219	390	10	0	334	10
97	324	184	25	125	267	10	0	579	14
98	305	255	-13	285	367	10	527	0	17
99	381	27	27	430	525	10	0	285	27
100	137	132	20	148	315	10	0	499	11
101	147	376	36	183	293	0	0	811	10
102	312	247	14	844	951	0	0	831	82
103	163	270	14	517	602	10	0	87	47
104	384	307	7	328	461	10	0	625	24
105	375	294	-2	555	681	10	531	0	13
106	274	247	-37	893	1024	10	598	0	23
107	225	53	-19	1042	1152	10	457	0	45
108	292	392	-8	624	728	10	170	0	17
109	267	321	-12	584	712	10	339	0	13
110	228	96	37	286	388	10	0	622	28
111	334	186	1	134	265	10	0	128	13
112	339	3	-36	755	881	10	35	0	30
113	158	85	-15	892	1004	10	692	0	74
114	75	238	-14	959	1081	10	216	0	48
115	213	216	9	20	151	10	0	662	13
116	122	105	7	136	250	10	0	426	11
117	303	112	-11	833	943	10	54	0	46
118	307	396	28	723	852	0	0	820	62
119	13	220	15	1038	1122	10	0	28	93
120	299	227	-20	102	242	10	83	0	12
121	230	234	-35	1543	1609	10	158	0	12
122	299	399	-14	750	828	10	576	0	15
123	366	340	-18	650	810	10	539	0	31
124	46	197	-35	392	484	10	742	0	22
125	97	387	-5	509	644	10	390	0	34
126	234	7	-8	1054	1208	10	132	0	66
127	327	11	22	563	647	10	0	683	41
128	348	189	-1	233	334	10	111	0	13
129	266	234	-19	852	1003	10	312	0	66
130	184	69	1	494	543	10	0	190	41
131	158	121	17	1046	1195	10	0	287	110
132	206	7	8	758	860	10	0	126	66
133	260	352	-19	349	471	10	511	0	15
134	184	235	-22	1094	1183	10	787	0	105
135	202	6	20	587	715	0	0	840	52
136	325	311	-22	561	694	10	665	0	41
137	143	159	16	70	199	10	0	179	12
138	259	285	14	103	237	10	0	501	13
139	366	97	-30	742	833	10	459	0	54
140	87	147	-17	831	947	10	493	0	7
141	48	304	-21	197	292	10	717	0	9
142	76	72	-26	963	1086	10	12	0	70
143	1	335	12	240	391	10	0	543	15
144	157	220	-41	1322	1460	10	519	0	50
145	400	373	7	264	384	10	0	271	11
146	123	159	-25	1264	1395	10	723	0	37
147	377	144	23	417	547	10	0	760	30
148	200	144	12	56	194	10	0	224	13
149	52	94	-16	1088	1226	10	210	0	94
150	140	344	-16	1253	1353	10	621	0	83
151	390	376	-17	406	549	10	492	0	27
152	206	286	19	455	548	10	0	698	46
153	208	86	-5	908	1038	10	695	0	77
154	384	294	20	484	660	10	0	57	45
155	315	237	33	473	597	10	0	226	47
156	392	14	1	978	1103	10	0	443	83
157	269	203	30	325	455	10	0	560	38
158	248	286	35	98	220	10	0	121	12
159	168	15	6	576	698	10	0	20	51
160	391	42	44	927	1032	0	0	802	78
161	92	384	-3	346	490	10	515	0	11
162	344	154	-23	936	1091	10	437	0	43
163	59	51	14	205	299	10	0	11	9
164	100	10	-17	248	353	10	248	0	12
165	250	340	21	148	279	10	0	472	13
166	84	293	11	516	626	10	0	178	38
167	66	118	27	536	624	10	0	542	46
168	98	107	17	876	1023	10	0	667	88
169	103	154	-14	1044	1197	10	50	0	10
170	243	287	8	97	275	10	0	108	17
171	362	383	21	244	328	10	0	768	8
172	70	81	9	845	939	0	0	813	76
173	230	266	-9	789	937	10	446	0	9
174	148	71	-4	759	901	10	302	0	12
175	6	62	-5	858	966	10	311	0	68
176	165	335	3	591	735	10	0	425	59
177	313	64	29	351	484	10	0	235	30
178	80	282	-11	514	559	10	166	0	38
179	73	124	-16	500	636	10	137	0	12
180	59	89	-23	729	840	10	672	0	24
181	279	337	5	550	686	10	0	252	52
182	330	353	-14	1139	1264	10	671	0	68
183	201	195	12	5	138	10	0	184	13
184	125	175	-12	121	233	10	183	0	13
185	52	251	8	156	294	10	0	563	13
186	52	301	-26	882	997	10	582	0	73
187	192	200	22	8	117	10	0	279	10
188	136	373	-16	548	710	10	196	0	41
189	357	202	5	419	610	10	0	306	45
190	203	40	-1	756	857	10	130	0	41
191	36	288	-18	883	1060	10	507	0	69
192	348	343	12	318	391	10	0	231	18
193	359	42	10	796	918	10	0	669	69
194	248	124	19	580	779	10	0	505	68
195	218	134	-2	1226	1354	10	266	0	9
196	142	385	16	476	609	10	0	188	41
197	299	270	24	799	896	10	0	6	77
198	40	314	-10	667	812	10	733	0	15
199	66	5	3	1084	1216	10	0	595	97
200	248	126	-18	585	749	10	686	0	43
201	54	341	-26	268	378	10	727	0	12
202	101	99	12	1269	1386	0	0	803	124
203	355	41	-9	812	897	10	477	0	21
204	186	179	29	25	175	10	0	58	14
205	55	346	13	405	510	10	0	650	27
206	282	252	-20	811	955	10	658	0	12
207	377	72	-22	1276	1371	10	82	0	25
208	135	161	-15	1326	1404	10	763	0	50
209	85	61	20	180	266	10	0	556	8
210	19	61	16	1088	1246	10	0	149	94
211	279	262	19	100	201	10	0	794	10
212	87	164	11	604	749	10	0	453	59
213	80	392	16	498	603	10	0	566	37
214	384	72	21	923	1094	0	0	801	86
215	234	73	8	131	304	10	0	769	17
216	68	250	14	533	624	10	0	114	48
217	192	151	22	536	661	10	0	258	61
218	47	190	-3	591	701	10	293	0	20
219	193	390	-26	981	1119	10	548	0	87
220	184	282	19	83	139	10	0	636	5
221	310	363	-22	1012	1137	10	750	0	33
222	86	112	-38	655	801	10	48	0	34
223	223	41	19	506	626	10	0	703	46
224	165	126	-12	1190	1324	10	148	0	13
225	178	103	-9	601	664	10	395	0	54
226	285	184	-33	974	1115	10	155	0	47
227	26	326	-10	595	701	10	429	0	32
228	8	68	-29	615	721	10	779	0	14
229	2	52	-8	619	765	10	75	0	20
230	361	236	13	164	292	10	0	233	12
231	287	279	-12	1167	1256	10	192	0	18
232	199	45	26	732	877	10	0	762	62
233	384	248	-13	190	321	10	230	0	12
234	397	283	-13	343	510	10	45	0	13
235	326	79	-29	772	870	10	177	0	30
236	217	211	-12	1149	1241	10	91	0	116
237	364	213	11	527	659	10	0	74	49
238	124	179	-24	675	792	10	452	0	45
239	168	223	19	39	208	10	0	375	16
240	341	78	-22	772	918	10	14	0	61
241	166	357	21	1171	1285	10	0	458	112
242	73	292	8	156	311	10	0	643	15
243	160	62	-25	655	793	10	751	0	13
244	190	27	10	335	527	10	0	729	35
245	340	290	39	432	499	10	0	39	33
246	180	15	7	828	952	10	0	756	76
247	147	210	-33	53	157	10	578	0	8
248	102	42	17	185	365	10	0	164	12
249	8	363	39	831	957	10	0	730	70
250	250	183	-33	970	1103	10	651	0	69
251	193	18	22	398	503	10	0	464	32
252	287	343	-5	649	821	10	181	0	52
253	17	348	-18	376	530	10	627	0	10
254	96	22	-21	782	881	10	400	0	52
255	46	102	25	525	712	10	0	42	52
256	371	396	-7	530	702	10	587	0	42
257	365	303	-22	848	986	10	516	0	70
258	196	129	-22	730	833	10	217	0	61
259	278	265	23	626	701	0	0	838	59
260	367	300	16	397	531	10	0	720	30
261	226	52	17	436	584	10	0	3	30
262	37	397	50	767	913	10	0	699	64
263	40	31	-15	526	656	10	540	0	27
264	332	216	-4	418	506	10	318	0	34
265	96	209	28	104	223	10	0	300	11
266	179	175	2	32	125	10	0	195	9
267	195	121	-10	834	938	10	775	0	12
268	251	70	24	399	546	10	0	89	40
269	285	287	-19	704	816	10	788	0	28
270	2	17	11	269	376	10	0	746	10
271	362	399	-7	843	968	10	145	0	11
272	88	372	14	308	430	10	0	367	22
273	231	6	-12	673	759	10	791	0	40
274	194	121	21	1237	1338	10	0	728	125
275	350	207	16	332	453	10	0	535	30
276	302	274	15	273	341	10	0	577	21
277	241	275	18	657	765	10	0	34	67
278	350	131	12	746	887	10	0	656	72
279	175	192	-22	874	1004	10	187	0	10
280	397	261	16	533	666	10	0	514	45
281	32	163	-20	200	268	10	645	0	7
282	205	372	-43	852	956	10	65	0	11
283	75	89	-21	753	929	10	659	0	12
284	397	362	15	255	374	10	0	350	11
285	370	57	-27	1058	1208	10	99	0	27
286	316	327	-17	732	824	10	379	0	42
287	177	139	-17	1494	1613	10	131	0	110
288	317	68	-13	1123	1227	10	407	0	78
289	50	315	-19	616	670	10	354	0	19
290	102	324	23	446	566	10	0	295	40
291	236	38	38	379	516	10	0	94	35
292	79	344	-29	188	320	10	51	0	9
293	10	202	3	286	396	10	0	218	20
294	74	283	5	1033	1168	0	0	814	101
295	72	315	-23	630	763	10	290	0	40
296	197	200	15	3	110	10	0	497	10
297	395	340	24	240	381	10	0	533	10
298	166	115	13	1211	1317	10	0	596	122
299	362	115	-12	1012	1141	10	308	0	93
300	84	206	-28	525	659	10	265	0	11
301	126	208	-21	1340	1429	10	639	0	13
302	179	125	4	77	204	10	0	174	12
303	78	261	32	136	278	10	0	589	10
304	279	91	22	1264	1383	0	0	821	124
305	16	294	21	337	448	10	0	797	24
306	368	215	-5	663	821	10	189	0	45
307	5	345	14	1142	1309	0	0	818	106
308	369	118	12	1003	1130	10	0	299	93
309	172	109	13	95	224	10	0	697	12
310	208	20	-20	530	702	10	700	0	35
311	9	47	5	811	925	10	0	175	68
312	358	261	19	691	838	10	0	129	66
313	376	19	-11	1244	1347	10	654	0	89
314	159	164	-18	1267	1436	10	60	0	119
315	176	154	15	51	192	10	0	632	14
316	8	119	11	808	899	10	0	327	69
317	308	217	-16	923	1092	10	644	0	27
318	308	178	4	353	474	10	0	264	34
319	117	395	-13	371	462	10	754	0	12
320	251	381	17	240	326	10	0	4	13
321	210	1	11	940	1089	10	0	784	87
322	30	349	9	654	731	10	0	389	50
323	309	279	19	134	267	10	0	694	9
324	133	375	21	634	696	10	0	410	50
325	381	12	-16	543	668	10	30	0	36
326	103	95	26	549	673	10	0	593	53
327	17	99	-11	980	1063	10	316	0	69
328	377	29	-18	714	810	10	708	0	11
329	237	259	-24	1157	1221	10	24	0	58
330	49	222	-32	1093	1191	10	421	0	23
331	296	156	17	105	181	10	0	605	7
332	153	224	15	731	868	10	0	349	81
333	382	169	-25	628	719	10	442	0	31
334	371	349	-20	226	352	10	96	0	10
335	265	127	35	97	235	10	0	396	13
336	159	11	-20	1162	1244	10	360	0	13
337	354	199	27	1253	1337	0	0	819	118
338	244	285	-21	1289	1377	10	648	0	34
339	220	238	12	42	179	10	0	109	13
340	285	107	-13	442	589	10	518	0	12
341	337	248	-7	448	536	10	783	0	9
342	377	282	20	340	466	10	0	381	27
343	310	340	11	178	325	10	0	23	14
344	74	213	33	384	515	10	0	441	38
345	309	18	-26	323	499	10	67	0	22
346	304	319	-21	827	925	10	735	0	35
347	44	277	-18	492	605	10	473	0	37
348	378	30	-31	1042	1187	10	705	0	91
349	160	222	-15	1248	1370	10	332	0	81
350	381	375	-15	1044	1129	10	284	0	11
351	209	208	8	12	131	10	0	431	9
352	285	136	11	1049	1158	0	0	810	105
353	194	65	16	344	459	10	0	420	32
354	13	322	19	342	423	10	0	289	19
355	91	388	2	217	329	0	0	826	11
356	107	159	33	1005	1088	0	0	834	98
357	110	241	9	98	244	10	0	92	14
358	92	68	19	673	798	10	0	581	62
359	291	398	16	489	603	10	0	739	38
360	200	48	20	181	289	10	0	336	13
361	267	295	20	683	810	10	0	575	69
362	191	167	-19	891	1043	10	483	0	97
363	393	256	13	327	481	10	0	447	28
364	308	314	23	615	695	10	0	555	53
365	371	111	3	211	318	10	0	526	12
366	300	64	-4	1110	1235	10	781	0	54
367	108	395	-14	526	650	10	272	0	22
368	338	315	9	928	1007	10	0	454	82
369	343	335	-10	819	917	10	738	0	58
370	349	249	-14	832	938	10	43	0	39
371	294	184	-20	999	1176	10	588	0	13
372	347	59	23	427	545	10	0	434	34
373	12	368	-18	748	825	10	640	0	22
374	119	286	-39	797	890	10	647	0	7
375	105	254	-19	353	494	10	239	0	16
376	194	166	7	638	769	10	0	574	73
377	309	274	-12	276	436	10	481	0	6
378	304	395	-9	488	600	10	721	0	13
379	326	374	17	543	642	10	0	286	42
380	277	143	12	587	731	10	0	736	53
381	338	290	-20	613	717	10	342	0	27
382	98	375	29	202	282	10	0	590	6
383	286	308	3	571	713	10	0	682	46
384	145	301	8	115	281	10	0	799	16
385	2	3	-10	768	851	10	545	0	16
386	110	351	21	175	261	10	0	474	8
387	74	351	32	927	1022	10	0	569	82
388	201	255	16	55	202	10	0	462	14
389	11	328	-9	716	849	10	322	0	50
390	95	391	5	418	558	10	0	125	34
391	161	346	-18	1006	1137	10	62	0	94
392	338	5	23	987	1076	10	0	416	83
393	376	205	4	427	509	0	0	823	33
394	300	319	14	155	305	10	0	422	10
395	170	114	9	598	706	10	0	225	54
396	273	118	-35	109	284	10	335	0	13
397	97	105	-17	890	1028	10	59	0	64
398	168	87	-24	889	975	10	68	0	11
399	206	106	-18	232	375	10	684	0	15
400	93	31	21	623	723	10	0	254	52
401	37	21	-15	846	1001	10	500	0	19
402	162	94	11	112	195	10	0	603	8
403	96	162	-19	865	989	10	757	0	63
404	66	144	29	145	257	10	0	715	11
405	52	194	9	518	609	10	0	629	46
406	395	167	-3	926	1065	10	573	0	34
407	384	53	13	912	1017	10	0	288	78
408	237	200	17	37	100	10	0	538	6
409	162	121	1	87	238	10	0	31	12
410	138	306	-21	810	948	10	324	0	50
411	345	195	-4	900	994	10	638	0	70
412	68	143	-42	1207	1333	10	693	0	7
413	56	292	-36	446	596	10	606	0	13
414	303	142	-8	1021	1163	10	17	0	93
415	40	153	15	166	318	10	0	745	15
416	338	14	-23	1137	1296	10	392	0	83
417	368	278	20	191	321	10	0	1	13
418	68	386	16	243	405	10	0	778	8
419	369	171	23	171	257	10	0	513	8
420	201	6	-16	532	669	10	353	0	32
421	5	266	32	324	441	10	0	330	23
422	311	344	-14	181	302	10	394	0	10
423	131	275	-22	462	626	10	13	0	43
424	247	377	-37	1187	1273	10	69	0	23
425	174	326	-3	914	1026	10	176	0	59
426	6	20	-7	264	394	10	116	0	11
427	353	3	20	249	311	10	0	771	6
428	352	383	16	762	864	0	0	806	62
429	23	317	10	401	536	10	0	227	32
430	221	225	16	32	186	10	0	789	15
431	278	289	-8	118	223	10	351	0	9
432	380	390	36	261	365	10	0	664	10
433	175	304	24	106	202	10	0	558	9
434	348	41	-23	621	724	10	372	0	34
435	26	275	-14	1076	1218	10	77	0	93
436	306	85	-22	1102	1216	10	41	0	24
437	357	147	23	487	604	10	0	162	43
438	188	67	-26	996	1133	10	744	0	65
439	166	185	17	37	143	10	0	78	10
440	90	311	-19	632	736	10	689	0	49
441	26	199	-33	742	903	10	344	0	38
442	342	154	25	363	466	10	0	333	31
443	357	38	-1	1061	1178	10	156	0	83
444	154	41	-15	1240	1361	10	701	0	106
445	26	247	31	314	491	10	0	649	31
446	215	260	9	61	156	10	0	173	9
447	391	260	-13	555	682	10	363	0	28
448	244	135	-5	641	732	10	796	0	58
449	236	44	12	726	851	10	0	52	69
450	142	379	11	729	862	10	0	15	67
451	157	378	-25	876	987	10	713	0	11
452	120	170	24	406	539	10	0	238	45
453	94	165	-11	602	726	10	212	0	59
454	356	299	-9	1008	1124	10	368	0	82
455	78	194	-11	898	1009	10	722	0	26
456	162	251	21	63	195	10	0	777	13
457	196	51	19	486	604	10	0	107	45
458	146	324	-21	1360	1494	10	241	0	112
459	340	79	30	638	731	10	0	139	54
460	273	182	-15	825	905	10	767	0	66
461	311	356	9	191	296	10	0	657	10
462	213	332	-16	620	845	10	388	0	14
463	289	234	33	95	198	10	0	613	10
464	166	19	-22	1159	1270	10	251	0	32
465	274	7	-8	293	396	10	624	0	10
466	174	329	-20	673	757	10	504	0	15
467	243	140	15	1220	1357	10	0	33	127
468	82	78	20	1137	1264	10	0	517	109
469	41	183	-13	1128	1256	10	765	0	15
470	325	45	8	521	687	10	0	614	48
471	65	335	-3	273	415	10	685	0	8
472	226	378	-21	326	422	10	165	0	13
473	44	296	18	438	559	10	0	347	37
474	103	361	-21	408	542	10	386	0	8
475	169	235	35	46	182	10	0	586	13
476	41	337	-24	612	756	10	637	0	18
477	388	106	9	210	428	10	0	203	21
478	350	214	28	762	908	10	0	9	75
479	325	130	19	990	1116	10	0	534	97
480	339	69	26	908	1054	10	0	623	79
481	279	247	12	91	157	10	0	377	6
482	236	119	-26	1283	1447	10	782	0	83
483	170	176	19	963	1099	10	0	362	97
484	246	247	21	617	771	10	0	737	70
485	388	275	21	867	1017	10	0	764	71
486	286	44	18	500	661	10	0	93	48
487	100	218	31	101	255	10	0	678	15
488	336	386	-26	654	830	10	496	0	32
489	186	75	35	738	851	10	0	524	72
490	76	90	2	704	820	10	0	663	65
491	52	343	18	353	531	10	0	620	32
492	362	378	17	440	534	10	0	151	27
493	138	143	17	84	162	10	0	140	7
494	169	352	7	220	307	10	0	553	8
495	352	303	8	1047	1127	0	0	822	94
496	343	359	26	400	543	10	0	488	32
497	92	255	-15	369	508	10	296	0	10
498	338	150	-28	691	876	10	770	0	47
499	125	122	-20	108	234	10	100	0	11
500	58	98	15	187	369	10	0	401	19
501	308	327	-14	329	478	10	138	0	13
502	74	231	11	465	512	10	0	572	38
503	330	76	10	854	1032	10	0	510	85
504	165	264	20	72	231	10	0	466	15
505	214	119	-19	964	1096	10	194	0	68
506	94	268	25	332	428	10	0	709	30
507	11	274	18	733	898	10	0	191	69
508	54	108	17	223	340	10	0	687	16
509	68	215	19	942	1030	10	0	541	89
510	334	100	-10	1101	1203	10	503	0	85
511	256	356	19	165	318	10	0	133	15
512	115	51	18	791	936	0	0	812	76
513	391	136	-23	201	394	10	419	0	8
514	387	267	-16	833	980	10	280	0	45
515	106	302	3	138	253	10	0	161	11
516	398	325	22	823	957	10	0	257	70
517	74	87	-20	1308	1431	10	468	0	109
518	294	118	13	124	254	10	0	340	12
519	142	262	41	463	591	10	0	144	50
520	380	145	31	465	610	10	0	618	36
521	364	55	-24	304	406	10	47	0	17
522	379	126	-24	869	893	10	547	0	61
523	12	40	20	556	703	10	0	616	45
524	177	77	-35	760	868	10	489	0	72
525	185	180	22	1566	1653	0	0	839	162
526	382	49	-3	820	962	10	365	0	12
527	314	257	13	127	303	10	0	98	17
528	271	116	-27	875	973	10	676	0	13
529	336	201	-23	750	921	10	688	0	77
530	341	33	27	233	356	0	0	807	13
531	344	321	2	211	327	10	0	105	13
532	276	298	-9	124	226	10	16	0	9
533	371	386	-24	274	405	10	297	0	10
534	319	113	-19	1108	1257	10	479	0	97
535	362	207	-16	734	887	10	275	0	30
536	146	301	34	283	454	10	0	36	33
537	146	174	23	59	172	10	0	80	11
538	247	212	-17	102	273	10	408	0	6
539	356	315	18	366	506	10	0	123	31
540	43	67	15	362	483	10	0	263	27
541	163	207	-19	1081	1199	10	509	0	89
542	32	78	-27	613	714	10	167	0	46
543	55	341	-12	651	730	10	143	0	15
544	117	381	-25	561	713	10	551	0	22
545	39	34	10	231	394	10	0	385	16
546	277	163	-18	520	692	10	602	0	10
547	397	133	24	692	820	10	0	522	61
548	180	359	26	880	1032	10	0	219	87
549	266	13	17	634	755	0	0	815	55
550	48	358	32	841	941	10	0	90	72
551	87	378	25	331	434	10	0	544	22
552	41	93	-3	952	1065	10	557	0	8
553	173	384	-7	185	284	10	494	0	8
554	320	211	6	120	195	10	0	570	7
555	291	304	-23	1020	1087	10	364	0	53
556	108	48	-20	797	896	10	209	0	8
557	102	84	3	151	237	10	0	552	8
558	138	326	-24	523	628	10	433	0	9
559	244	176	24	50	173	10	0	567	12
560	287	225	-30	686	835	10	157	0	38
561	324	194	18	1018	1143	0	0	828	101
562	400	109	-12	818	907	10	71	0	60
563	136	226	-8	960	1066	10	185	0	13
564	5	344	-14	1211	1337	10	696	0	13
565	374	175	-1	299	418	10	716	0	23
566	122	397	-16	504	679	10	213	0	37
567	310	163	-24	655	760	10	559	0	12
568	24	57	18	226	392	10	0	18	16
569	77	319	-32	1181	1326	10	387	0	82
570	398	258	-6	567	659	10	554	0	7
571	111	4	-21	468	582	10	724	0	19
572	70	231	-11	1067	1157	10	502	0	38
573	389	171	3	397	536	10	0	406	34
574	212	197	-7	793	945	10	376	0	73
575	246	298	-20	931	1011	10	361	0	69
576	299	351	14	180	338	10	0	122	15
577	305	257	-15	601	668	10	276	0	21
578	153	222	33	51	142	10	0	247	8
579	343	184	-25	1079	1197	10	97	0	14
580	42	197	26	358	409	0	0	827	25
581	131	82	-19	880	942	10	358	0	62
582	41	340	26	809	947	10	0	186	73
583	85	256	-10	949	1089	10	64	0	6
584	196	77	4	785	901	10	0	7	72
585	156	4	25	200	271	0	0	833	7
586	202	158	-35	1116	1230	10	475	0	13
587	372	382	7	547	734	10	0	256	42
588	234	214	20	36	172	10	0	371	13
589	67	318	-32	212	309	10	303	0	10
590	57	381	-29	230	323	10	382	0	6
591	118	122	20	903	1028	10	0	53	91
592	178	353	-3	919	1026	10	652	0	15
593	114	88	-26	645	733	10	326	0	53
594	51	64	-28	750	871	10	38	0	41
595	73	4	-3	1342	1445	10	199	0	97
596	196	107	-13	1274	1415	10	298	0	122
597	343	322	-33	781	872	10	10	0	41
598	297	240	37	211	339	10	0	106	23
599	262	212	-27	1100	1181	10	785	0	87
600	279	148	-16	1392	1543	10	55	0	59
601	316	112	-14	922	1036	10	679	0	58
602	231	182	18	35	140	10	0	546	10
603	183	71	-11	718	841	10	402	0	8
604	257	98	8	279	427	10	0	790	31
605	326	156	-17	238	375	10	331	0	7
606	48	278	36	170	303	10	0	413	13
607	113	80	19	148	292	10	0	609	14
608	323	218	-29	767	903	10	680	0	10
609	126	90	-19	840	921	10	607	0	14
610	238	119	-26	616	761	10	615	0	62
611	334	92	-15	429	488	10	63	0	21
612	228	341	-31	942	1102	10	681	0	39
613	294	249	-33	435	538	10	463	0	10
614	384	64	-8	1055	1106	10	470	0	48
615	233	100	26	661	741	10	0	610	62
616	15	4	-20	665	763	10	523	0	45
617	294	13	26	576	628	10	0	27	41
618	381	144	-31	443	566	10	520	0	36
619	193	216	-10	1181	1311	10	755	0	67
620	68	378	-18	630	763	10	491	0	32
621	102	377	16	959	1040	10	0	150	83
622	220	71	-37	613	769	10	110	0	28
623	338	106	-26	894	1038	10	480	0	79
624	262	30	8	180	285	10	0	465	10
625	394	299	-7	768	849	10	104	0	24
626	63	166	4	965	1057	0	0	816	91
627	38	366	18	231	338	10	0	253	10
628	45	85	10	876	985	10	0	2	79
629	116	195	-9	997	1165	10	405	0	46
630	390	357	13	965	1148	0	0	804	90
631	328	39	11	723	819	10	0	691	61
632	171	168	-15	1308	1429	10	315	0	14
633	246	47	18	1094	1177	0	0	835	101
634	4	280	18	211	332	0	0	808	12
635	256	145	12	1069	1249	0	0	824	117
636	153	315	-19	124	227	10	220	0	5
637	8	285	24	278	399	10	0	476	18
638	351	199	4	757	857	10	0	411	70
639	111	286	21	123	261	10	0	301	13
640	34	371	18	331	459	10	0	373	22
641	230	139	14	1262	1363	0	0	837	129
642	59	285	-16	1107	1216	10	675	0	63
643	93	283	-8	283	409	10	242	0	15
644	317	240	16	242	396	10	0	317	27
645	49	187	20	151	285	10	0	281	7
646	374	163	29	274	387	10	0	734	20
647	134	320	39	149	211	10	0	374	7
648	262	390	21	442	541	10	0	338	34
649	26	260	-31	577	712	10	445	0	31
650	80	365	-13	404	525	10	205	0	27
651	246	244	33	629	759	10	0	250	69
652	192	291	3	91	245	10	0	592	15
653	173	72	39	225	354	10	0	40	22
654	364	23	11	1023	1138	10	0	313	89
655	31	360	23	232	377	10	0	793	14
656	321	144	-12	1032	1126	10	278	0	72
657	296	388	-9	211	360	10	461	0	10
658	268	223	20	71	200	10	0	206	12
659	107	98	21	138	266	10	0	283	12
660	32	229	7	1005	1133	10	0	710	95
661	140	387	8	196	352	10	0	5	9
662	302	300	-9	793	901	10	115	0	13
663	56	97	-2	892	1020	10	490	0	65
664	359	389	-36	998	1140	10	432	0	10
665	320	373	22	488	645	10	0	136	41
666	140	131	34	836	953	0	0	825	86
667	102	118	-17	1120	1248	10	168	0	88
668	330	313	27	172	320	10	0	44	14
669	344	72	-10	1029	1130	10	193	0	69
670	37	106	5	309	437	10	0	49	24
671	316	383	14	765	897	10	0	182	68
672	75	76	23	262	426	10	0	180	24
673	262	233	16	1050	1199	0	0	829	112
674	320	166	25	515	686	10	0	32	56
675	36	286	16	734	821	10	0	642	63
676	236	171	27	46	181	10	0	528	13
677	177	55	-20	731	810	10	718	0	63
678	91	233	-31	439	524	10	487	0	15
679	244	56	14	623	731	10	0	601	58
680	317	183	29	118	228	10	0	608	10
681	192	332	31	381	526	10	0	612	39
682	299	308	-3	530	627	10	383	0	46
683	350	18	-22	1066	1236	10	127	0	41
684	196	138	18	62	217	10	0	399	15
685	110	290	3	127	214	10	0	471	8
686	297	137	18	399	547	10	0	200	43
687	35	79	-17	385	490	10	508	0	16
688	335	202	23	774	915	10	0	529	77
689	85	333	19	510	673	10	0	440	49
690	18	294	-18	435	570	10	73	0	11
691	320	24	-11	938	1108	10	631	0	61
692	159	79	15	742	872	10	0	113	74
693	13	167	42	189	266	10	0	412	7
694	322	281	-19	146	252	10	323	0	9
695	150	49	5	794	931	10	0	153	77
696	26	372	14	244	375	10	0	564	13
697	168	100	-13	606	689	10	309	0	12
698	236	260	-19	1062	1205	10	152	0	46
699	50	385	-50	750	926	10	262	0	64
700	199	22	20	399	538	10	0	310	35
701	143	20	15	1211	1254	10	0	444	106
702	352	156	-26	854	971	10	85	0	10
703	220	38	-19	544	646	10	223	0	46
704	213	280	29	81	200	10	0	776	11
705	384	47	31	1039	1173	10	0	348	91
706	101	8	3	348	456	10	0	19	23
707	3	2	16	917	1025	10	0	714	74
708	396	106	18	241	330	10	0	328	11
709	124	221	-25	943	1094	10	506	0	30
710	84	221	-7	1046	1189	10	660	0	95
711	92	73	8	301	404	10	0	76	23
712	369	211	-12	428	527	10	21	0	30
713	186	355	25	155	270	10	0	451	11
714	3	15	-16	1062	1171	10	707	0	74
715	46	110	-29	510	645	10	404	0	11
716	349	181	1	221	386	10	0	565	23
717	102	252	21	110	221	10	0	141	9
718	154	68	20	694	814	10	0	677	63
719	325	294	-11	1114	1207	10	22	0	60
720	381	290	-16	444	524	10	260	0	30
721	302	345	9	177	316	10	0	378	13
722	36	203	11	363	428	10	0	455	26
723	81	156	25	395	506	10	0	146	37
724	100	15	21	260	401	10	0	571	19
725	209	167	17	34	144	10	0	61	8
726	69	82	-19	838	942	10	795	0	59
727	163	264	26	73	195	10	0	201	12
728	186	145	-21	1448	1563	10	274	0	125
729	140	40	-10	958	1103	10	244	0	35
730	40	336	-39	1174	1267	10	249	0	70
731	231	76	31	786	876	0	0	830	74
732	380	126	31	194	365	10	0	747	7
733	16	311	10	242	374	10	0	198	15
734	395	113	-29	544	646	10	646	0	20
735	253	316	21	393	478	10	0	346	35
736	238	124	-12	502	682	10	380	0	53
737	240	201	-21	709	828	10	484	0	70
738	380	339	10	701	811	10	0	369	58
739	271	371	-16	716	818	10	359	0	38
740	155	159	15	60	208	10	0	752	14
741	53	51	18	209	378	10	0	72	16
742	2	200	35	286	427	10	0	124	22
743	164	80	25	1134	1263	0	0	809	113
744	194	43	26	668	812	10	0	438	65
745	43	121	-15	948	1051	10	415	0	15
746	2	29	-11	1282	1417	10	270	0	10
747	397	73	-31	234	333	10	732	0	7
748	7	143	4	250	446	10	0	46	24
749	37	119	15	467	615	10	0	56	43
750	367	361	22	441	564	10	0	221	33
751	137	68	25	146	277	10	0	243	13
752	102	149	-15	465	579	10	740	0	14
753	306	361	4	649	792	10	0	66	59
754	135	384	13	197	320	10	0	319	12
755	105	360	10	741	860	10	0	619	67
756	187	23	-7	962	1075	10	246	0	76
757	56	156	19	613	782	10	0	403	63
758	217	98	-13	103	165	10	81	0	4
759	229	371	-23	964	1091	10	88	0	24
760	399	179	-23	383	543	10	147	0	30
761	379	254	3	220	388	0	0	817	20
762	193	29	-26	738	806	10	232	0	62
763	88	121	15	524	642	10	0	208	50
764	344	236	-21	813	985	10	485	0	71
765	145	165	13	65	220	10	0	469	15
766	11	135	-9	199	348	10	773	0	11
767	300	272	15	628	787	10	0	460	66
768	348	371	-21	621	713	10	171	0	8
769	266	8	-8	535	655	10	215	0	17
770	349	135	28	491	634	10	0	498	47
771	359	31	-20	1209	1328	10	427	0	6
772	59	49	-18	400	447	10	798	0	14
773	0	155	9	205	338	10	0	766	11
774	18	235	-32	185	307	10	8	0	8
775	177	174	10	34	159	10	0	267	12
776	213	305	-29	459	551	10	704	0	11
777	201	242	-21	725	845	10	456	0	13
778	41	399	-16	254	356	10	418	0	8
779	4	60	29	240	390	10	0	228	14
780	321	85	-26	383	515	10	84	0	29
781	254	0	4	627	748	10	0	366	54
782	229	105	26	811	930	10	0	482	83
783	243	215	7	45	138	10	0	341	9
784	231	36	-11	965	1126	10	321	0	87
785	278	221	27	874	960	10	0	599	87
786	243	209	-24	1331	1458	10	25	0	58
787	168	268	22	1008	1128	10	0	134	105
788	284	311	19	300	429	10	0	269	28
789	231	320	-16	123	294	10	430	0	15
790	219	49	-8	416	537	10	604	0	31
791	234	37	12	486	569	10	0	273	40
792	259	4	26	581	661	10	0	800	45
793	8	384	-23	973	1079	10	655	0	14
794	243	275	-19	865	1004	10	211	0	10
795	13	96	19	722	811	10	0	726	59
796	246	152	5	581	651	10	0	448	58
797	38	291	-21	463	585	10	305	0	24
798	18	102	18	206	350	10	0	772	14
799	163	364	-8	761	844	10	384	0	16
800	292	33	-26	893	1024	10	792	0	45
801	384	72	-21	923	1094	10	214	0	86
802	391	42	-44	927	1032	10	160	0	78
803	101	99	-12	1269	1386	10	202	0	124
804	390	357	-13	965	1148	10	630	0	90
805	14	53	-12	762	878	10	79	0	64
806	352	383	-16	762	864	10	428	0	62
807	341	33	-27	233	356	10	530	0	13
808	4	280	-18	211	332	10	634	0	12
809	164	80	-25	1134	1263	10	743	0	113
810	285	136	-11	1049	1158	10	352	0	105
811	147	376	-36	183	293	10	101	0	10
812	115	51	-18	791	936	10	512	0	76
813	70	81	-9	845	939	10	172	0	76
814	74	283	-5	1033	1168	10	294	0	101
815	266	13	-17	634	755	10	549	0	55
816	63	166	-4	965	1057	10	626	0	91
817	379	254	-3	220	388	10	761	0	20
818	5	345	-14	1142	1309	10	307	0	106
819	354	199	-27	1253	1337	10	337	0	118
820	307	396	-28	723	852	10	118	0	62
821	279	91	-22	1264	1383	10	304	0	124
822	352	303	-8	1047	1127	10	495	0	94
823	376	205	-4	427	509	10	393	0	33
824	256	145	-12	1069	1249	10	635	0	117
825	140	131	-34	836	953	10	666	0	86
826	91	388	-2	217	329	10	355	0	11
827	42	197	-26	358	409	10	580	0	25
828	324	194	-18	1018	1143	10	561	0	101
829	262	233	-16	1050	1199	10	673	0	112
830	231	76	-31	786	876	10	731	0	74
831	312	247	-14	844	951	10	102	0	82
832	116	102	-10	767	890	10	86	0	76
833	156	4	-25	200	271	10	585	0	7
834	107	159	-33	1005	1088	10	356	0	98
835	246	47	-18	1094	1177	10	633	0	101
836	184	233	-19	36	165	10	37	0	12
837	230	139	-14	1262	1363	10	641	0	129
838	278	265	-23	626	701	10	259	0	59
839	185	180	-22	1566	1653	10	525	0	162
840	202	6	-20	587	715	10	135	0	52

