200	200	1
0	200	200	0	0	1688	0	0	0
1	321	287	-15	591	621	10	276	0	46
2	123	176	-36	0	1598	10	238	0	66
3	234	20	15	0	1495	10	0	781	124
4	256	385	-2	0	1485	10	282	0	125
5	108	399	-5	0	1459	10	390	0	121
6	303	258	-16	0	1560	10	644	0	140
7	148	94	23	838	868	10	0	224	74
8	35	238	32	191	221	10	0	774	5
9	356	223	28	0	1521	10	0	608	135
10	349	324	33	538	568	10	0	555	37
11	29	9	-16	0	1422	10	707	0	70
12	21	82	-23	0	1464	10	175	0	119
13	146	320	22	0	1547	10	0	647	138
14	337	81	22	0	1497	10	0	611	130
15	160	313	8	0	1559	10	0	410	74
16	237	243	-11	0	1622	10	329	0	152
17	343	134	8	1009	1039	0	0	838	88
18	13	59	13	0	1444	10	0	628	119
19	123	30	12	0	1492	0	0	828	130
20	156	32	34	0	1505	10	0	246	69
21	361	194	12	0	1517	10	0	646	129
22	330	310	-17	0	1508	10	662	0	132
23	326	335	11	0	1494	10	0	532	129
24	209	283	-12	0	1595	10	339	0	149
25	267	221	-8	587	617	10	351	0	53
26	57	124	24	0	1517	10	0	140	134
27	280	5	-8	0	1468	10	624	0	124
28	92	238	-36	1214	1244	10	606	0	100
29	51	205	26	0	1529	10	0	742	16
30	369	6	16	0	1421	10	0	683	115
31	131	89	26	140	170	10	0	609	3
32	359	157	-18	0	1514	10	371	0	133
33	195	148	-15	1326	1356	10	296	0	3
34	239	252	-31	1332	1362	10	794	0	124
35	328	8	-22	0	1448	10	127	0	120
36	162	316	30	0	1556	10	0	636	141
37	184	233	-14	0	1642	10	103	0	151
38	29	86	-1	0	1473	10	327	0	82
39	340	276	43	0	1519	10	0	527	134
40	129	53	14	751	781	10	0	402	61
41	332	124	-23	334	364	10	139	0	11
42	55	115	-26	0	1510	10	46	0	54
43	393	246	-35	508	538	10	233	0	32
44	348	319	29	0	1489	0	0	813	129
45	361	287	-20	256	286	10	417	0	7
46	16	114	26	723	753	10	0	42	54
47	353	65	-8	0	1474	10	669	0	125
48	73	126	-23	419	449	10	537	0	2
49	91	61	-22	1472	1502	10	444	0	126
50	117	148	-27	0	1581	10	167	0	135
51	60	319	29	255	285	10	0	249	10
52	244	50	23	0	1522	10	0	449	134
53	79	95	-17	0	1518	10	248	0	126
54	255	80	-26	0	1546	10	736	0	140
55	319	115	-21	0	1532	10	117	0	76
56	35	160	13	0	1509	10	0	212	132
57	358	309	-10	856	886	10	738	0	54
58	232	131	20	0	1602	0	0	820	152
59	161	124	-17	0	1593	10	493	0	146
60	85	128	-33	0	1543	10	356	0	139
61	211	153	14	56	86	10	0	81	3
62	152	361	18	0	1510	10	0	592	131
63	327	115	15	303	333	10	0	207	18
64	151	231	10	79	109	10	0	141	5
65	210	294	43	0	1584	10	0	388	147
66	264	341	-21	0	1524	10	219	0	123
67	309	53	26	0	1495	10	0	366	130
68	108	75	24	0	1523	10	0	672	130
69	303	358	37	0	1490	10	0	576	129
70	33	226	-21	1192	1222	10	124	0	102
71	378	118	-22	0	1483	10	82	0	120
72	26	70	-16	0	1461	10	210	0	121
73	45	291	18	0	1499	10	0	675	59
74	329	208	-20	0	1549	10	567	0	60
75	30	39	8	0	1444	10	0	540	119
76	78	85	-21	0	1511	10	400	0	48
77	4	307	14	0	1455	10	0	733	121
78	151	188	18	50	80	10	0	765	2
79	14	53	-9	0	1441	10	517	0	119
80	125	182	-2	0	1601	10	455	0	84
81	232	127	-14	0	1599	10	61	0	3
82	368	63	22	0	1462	10	0	71	120
83	280	224	20	0	1595	10	0	785	150
84	348	102	26	0	1501	10	0	686	23
85	319	160	26	0	1553	10	0	554	137
86	116	102	-17	0	1549	10	168	0	138
87	192	268	-35	0	1610	10	475	0	151
88	220	337	-24	0	1540	10	433	0	2
89	264	69	15	0	1533	10	0	94	137
90	142	238	-11	1177	1207	10	295	0	92
91	231	229	12	0	1636	10	0	598	145
92	81	290	14	401	431	0	0	837	28
93	290	82	-8	898	928	10	448	0	62
94	207	185	-15	0	1662	10	89	0	137
95	21	255	-21	761	791	10	717	0	2
96	353	357	20	0	1459	10	0	256	114
97	324	184	25	0	1553	10	0	561	140
98	305	255	11	0	1560	10	0	613	143
99	381	27	-11	0	1428	10	313	0	105
100	137	132	20	0	1586	10	0	666	80
101	147	376	36	193	223	10	0	799	3
102	312	247	-8	0	1557	10	334	0	120
103	163	270	14	0	1599	10	0	37	151
104	384	307	7	0	1466	10	0	323	124
105	375	294	-22	0	1480	10	750	0	28
106	274	247	-3	944	974	10	383	0	51
107	225	53	-14	1082	1112	10	438	0	92
108	292	392	-21	661	691	10	648	0	45
109	267	321	-17	0	1540	10	252	0	133
110	228	96	37	0	1571	10	0	482	123
111	334	186	1	0	1544	10	0	579	138
112	339	3	8	0	1437	10	0	530	117
113	158	85	22	0	1556	10	0	751	1
114	75	238	13	0	1548	10	0	300	43
115	213	216	-33	0	1658	10	651	0	154
116	122	105	-22	0	1556	10	667	0	139
117	303	112	21	873	903	10	0	55	76
118	307	396	-22	0	1455	10	665	0	37
119	13	220	-11	1065	1095	10	722	0	89
120	299	227	25	0	1576	0	0	804	147
121	230	234	-31	0	1633	10	698	0	152
122	299	399	11	0	1456	10	0	657	122
123	366	340	-12	715	745	10	192	0	51
124	46	197	21	0	1524	10	0	70	102
125	97	387	37	0	1465	10	0	754	122
126	234	7	10	0	1483	10	0	792	124
127	327	11	22	0	1451	10	0	35	120
128	348	189	17	0	1530	10	0	318	136
129	266	234	-12	0	1604	10	481	0	148
130	184	69	-11	0	1547	10	243	0	136
131	158	121	17	1105	1135	10	0	287	104
132	206	7	8	0	1485	10	0	321	126
133	260	352	-15	0	1515	10	739	0	59
134	184	235	-22	0	1640	10	787	0	151
135	202	6	-32	636	666	10	703	0	45
136	325	311	15	613	643	10	0	138	47
137	143	159	16	0	1608	10	0	439	152
138	259	285	-15	0	1575	10	136	0	47
139	366	97	23	0	1483	10	0	41	11
140	87	147	-24	0	1554	10	26	0	134
141	48	304	-10	0	1494	10	64	0	5
142	76	72	8	0	1500	0	0	802	132
143	1	335	12	0	1438	10	0	253	19
144	157	220	-27	0	1631	10	709	0	95
145	400	373	-13	0	1414	10	630	0	82
146	123	159	30	1315	1345	10	0	208	125
147	377	144	-26	467	497	10	760	0	24
148	200	144	-7	0	1622	10	376	0	155
149	52	94	-14	0	1496	10	163	0	123
150	140	344	6	0	1522	10	0	196	127
151	390	376	2	0	1420	10	0	171	113
152	206	286	19	0	1592	0	0	826	150
153	208	86	-16	958	988	10	353	0	28
154	384	294	-18	0	1472	10	369	0	120
155	315	237	-20	0	1558	10	447	0	126
156	392	14	-9	0	1411	10	526	0	66
157	269	203	-16	0	1609	10	574	0	152
158	248	286	35	0	1580	10	0	277	60
159	168	15	6	0	1491	10	0	762	128
160	391	42	-13	0	1431	10	407	0	74
161	92	384	-29	0	1465	10	382	0	2
162	344	154	-15	0	1527	10	605	0	18
163	59	51	14	0	1473	10	0	149	123
164	100	10	27	0	1464	10	0	595	119
165	250	340	-28	0	1530	10	424	0	106
166	84	293	-18	556	586	10	627	0	25
167	66	118	27	0	1521	10	0	50	135
168	98	107	17	0	1540	10	0	86	138
169	103	154	-29	0	1571	10	404	0	2
170	243	287	8	137	167	10	0	753	6
171	362	383	-2	0	1434	10	151	0	113
172	70	81	-24	0	1502	10	180	0	129
173	230	266	14	0	1606	10	0	575	145
174	148	71	8	0	1539	10	0	729	132
175	6	62	23	0	1440	10	0	12	119
176	165	335	3	0	1539	10	0	391	136
177	313	64	29	0	1502	10	0	304	110
178	80	282	10	0	1533	10	0	797	129
179	73	124	9	553	583	10	0	752	43
180	59	89	24	0	1499	10	0	172	129
181	279	337	-9	0	1520	10	461	0	128
182	330	353	-16	0	1478	10	260	0	120
183	201	195	-21	0	1673	10	274	0	150
184	125	175	20	162	192	10	0	452	11
185	52	251	-32	0	1522	10	303	0	2
186	52	301	-25	0	1499	10	506	0	26
187	192	200	-29	0	1670	10	204	0	161
188	136	373	33	0	1494	10	0	241	101
189	357	202	-27	0	1521	10	337	0	135
190	203	40	-20	0	1518	10	700	0	131
191	36	288	1	0	1492	10	0	216	129
192	348	343	12	0	1473	10	0	123	51
193	359	42	-23	0	1454	10	372	0	121
194	248	124	19	0	1589	10	0	200	148
195	218	134	24	1275	1305	0	0	821	123
196	142	385	-6	0	1485	10	150	0	127
197	299	270	-19	0	1557	10	211	0	142
198	40	314	-9	0	1482	10	476	0	123
199	66	5	-3	0	1442	10	706	0	118
200	248	126	-19	0	1590	10	194	0	148
201	54	341	19	0	1476	0	0	807	127
202	101	99	-33	0	1537	10	397	0	137
203	355	41	9	839	869	10	0	285	64
204	186	179	29	0	1653	10	0	187	161
205	55	346	13	0	1473	10	0	551	120
206	282	252	-4	0	1581	10	231	0	142
207	377	72	-15	0	1460	10	63	0	18
208	135	161	-30	0	1603	10	146	0	125
209	85	61	20	180	210	10	0	490	2
210	19	61	16	0	1450	10	0	72	121
211	279	262	19	0	1578	10	0	197	142
212	87	164	-13	0	1560	10	56	0	132
213	80	392	-10	0	1452	10	755	0	121
214	384	72	21	0	1454	10	0	477	119
215	234	73	-38	0	1547	10	291	0	133
216	68	250	-1	0	1537	10	191	0	129
217	192	151	-17	584	614	10	362	0	55
218	47	190	23	631	661	10	0	723	50
219	193	390	21	0	1488	10	0	66	123
220	184	282	-8	0	1595	10	661	0	127
221	310	363	-20	1059	1089	10	361	0	88
222	86	112	-15	0	1534	10	763	0	137
223	223	41	-31	0	1518	10	731	0	134
224	165	126	-23	0	1597	10	7	0	74
225	178	103	10	0	1579	10	0	790	31
226	285	184	9	0	1592	10	0	656	139
227	26	326	21	0	1464	10	0	307	118
228	8	68	29	0	1446	10	0	229	117
229	2	52	-29	0	1431	10	228	0	117
230	361	236	13	0	1514	10	0	514	126
231	287	279	4	0	1561	10	0	206	142
232	199	45	-20	0	1523	10	360	0	135
233	384	248	35	0	1488	10	0	43	32
234	397	283	9	0	1465	10	0	454	81
235	326	79	29	0	1504	10	0	380	131
236	217	211	12	0	1658	10	0	658	152
237	364	213	11	0	1514	10	0	264	133
238	124	179	36	718	748	10	0	2	66
239	168	223	-18	0	1639	10	349	0	157
240	341	78	-26	0	1492	10	480	0	128
241	166	357	-33	1213	1243	10	188	0	101
242	73	292	-13	0	1522	10	643	0	22
243	160	62	11	0	1535	10	0	130	136
244	190	27	-11	0	1505	10	464	0	128
245	340	290	39	0	1512	10	0	577	42
246	180	15	-34	875	905	10	20	0	69
247	147	210	23	53	83	10	0	578	2
248	102	42	17	0	1493	10	0	53	126
249	8	363	-29	0	1427	10	51	0	10
250	250	183	24	0	1626	10	0	786	154
251	193	18	-25	0	1496	10	420	0	42
252	287	343	17	0	1511	10	0	109	133
253	17	348	-12	438	468	10	143	0	19
254	96	22	-21	816	846	10	724	0	61
255	46	102	-45	0	1496	10	552	0	128
256	371	396	-20	0	1418	10	96	0	114
257	365	303	4	902	932	10	0	342	73
258	196	129	-18	766	796	10	684	0	71
259	278	265	23	0	1577	10	0	269	142
260	367	300	16	0	1484	10	0	182	120
261	226	52	-19	0	1528	10	457	0	133
262	37	397	50	0	1423	10	0	778	115
263	40	31	-36	0	1446	10	772	0	120
264	332	216	-11	0	1546	10	237	0	133
265	96	209	-22	0	1574	10	710	0	142
266	179	175	2	0	1646	0	0	836	161
267	195	121	23	871	901	10	0	399	82
268	251	70	24	0	1539	10	0	633	134
269	285	287	-23	0	1557	10	259	0	142
270	2	17	-28	0	1409	10	746	0	112
271	362	399	24	0	1422	10	0	664	115
272	88	372	-3	0	1473	10	685	0	2
273	231	6	32	0	1482	10	0	769	123
274	194	121	21	0	1599	10	0	183	150
275	350	207	16	378	408	10	0	393	25
276	302	274	15	0	1552	10	0	1	46
277	241	275	-35	696	726	10	158	0	60
278	350	131	-31	0	1513	10	520	0	36
279	175	192	-15	924	954	10	403	0	74
280	397	261	-12	0	1472	10	570	0	42
281	32	163	9	0	1506	10	0	693	128
282	205	372	2	0	1506	10	0	4	125
283	75	89	-19	826	856	10	358	0	64
284	397	362	-22	0	1423	10	516	0	114
285	370	57	-9	0	1456	10	203	0	64
286	316	327	24	763	793	0	0	817	62
287	177	139	-17	0	1613	10	131	0	104
288	317	68	13	0	1502	10	0	340	131
289	50	315	4	0	1489	10	0	440	45
290	102	324	23	0	1520	10	0	374	64
291	236	38	38	0	1513	10	0	215	133
292	79	344	-12	0	1490	10	569	0	128
293	10	202	3	0	1488	10	0	330	128
294	74	283	5	0	1528	10	0	690	125
295	72	315	11	0	1506	10	0	90	92
296	197	200	15	3	33	10	0	33	3
297	395	340	24	240	270	10	0	350	2
298	166	115	-15	0	1587	10	692	0	69
299	362	115	-19	0	1496	10	479	0	130
300	84	206	-13	577	607	10	114	0	43
301	126	208	26	0	1604	10	0	487	146
302	179	125	4	0	1601	10	0	622	139
303	78	261	32	136	166	10	0	185	2
304	279	91	-29	1308	1338	10	177	0	110
305	16	294	21	0	1472	10	0	541	76
306	368	215	15	727	757	10	0	716	58
307	5	345	-21	0	1435	10	227	0	118
308	369	118	-24	0	1491	10	547	0	124
309	172	109	-9	0	1583	10	395	0	57
310	208	20	-18	0	1498	10	596	0	130
311	9	47	5	0	1434	10	0	523	116
312	358	261	-21	750	780	10	485	0	53
313	376	19	11	1281	1311	10	0	99	105
314	159	164	13	0	1624	10	0	740	154
315	176	154	15	0	1627	10	0	525	156
316	8	119	-28	0	1470	10	766	0	124
317	308	217	-28	0	1569	10	764	0	136
318	308	178	-17	0	1568	10	128	0	136
319	117	395	13	0	1467	10	0	566	123
320	251	381	-3	0	1490	10	553	0	121
321	210	1	-8	0	1479	10	132	0	126
322	30	349	-26	678	708	10	582	0	47
323	309	279	-7	0	1544	10	104	0	124
324	133	375	-21	0	1491	10	386	0	127
325	381	12	15	0	1418	10	0	631	114
326	103	95	26	0	1536	0	0	831	139
327	17	99	1	1006	1036	10	0	38	82
328	377	29	-2	0	1432	10	443	0	117
329	237	259	11	0	1609	10	0	16	152
330	49	222	-3	0	1526	10	293	0	128
331	296	156	17	0	1573	10	0	437	133
332	153	224	15	0	1626	10	0	357	1
333	382	169	23	0	1494	10	0	406	127
334	371	349	8	0	1452	10	0	102	120
335	265	127	35	97	127	10	0	534	2
336	159	11	-25	0	1485	10	585	0	3
337	354	199	27	0	1524	10	0	189	135
338	244	285	-26	0	1583	10	422	0	130
339	220	238	12	0	1636	10	0	24	149
340	285	107	-13	0	1553	10	288	0	131
341	337	248	26	0	1533	10	0	761	12
342	377	282	-4	0	1483	10	257	0	73
343	310	340	11	178	208	10	0	721	2
344	74	213	-19	435	465	10	509	0	31
345	309	18	-26	0	1466	10	617	0	123
346	304	319	14	861	891	10	0	788	73
347	44	277	9	534	564	10	0	435	39
348	378	30	-11	0	1432	10	654	0	116
349	160	222	18	0	1633	10	0	239	157
350	381	375	-24	0	1427	10	297	0	2
351	209	208	8	0	1666	10	0	25	53
352	285	136	11	0	1572	0	0	815	146
353	194	65	16	386	416	10	0	153	28
354	13	322	-10	0	1455	10	429	0	122
355	91	388	2	0	1461	10	0	418	8
356	107	159	33	0	1577	10	0	60	139
357	110	241	-15	98	128	10	332	0	1
358	92	68	19	0	1508	10	0	283	64
359	291	398	-18	0	1461	10	378	0	121
360	200	48	20	0	1526	10	0	232	135
361	267	295	20	0	1562	10	0	221	88
362	191	167	17	0	1644	10	0	217	55
363	393	256	13	389	419	10	0	625	21
364	308	314	-27	0	1521	10	668	0	2
365	371	111	3	249	279	0	0	832	8
366	300	64	-26	0	1510	10	67	0	130
367	108	395	12	0	1463	0	0	823	124
368	338	315	-2	952	982	10	531	0	77
369	343	335	18	0	1482	10	0	154	120
370	349	249	5	0	1522	10	0	495	88
371	294	184	18	0	1583	10	0	32	133
372	347	59	23	0	1475	10	0	193	121
373	12	368	-21	0	1426	10	639	0	116
374	119	286	-23	829	859	10	290	0	64
375	105	254	-41	409	439	10	519	0	30
376	194	166	7	0	1644	10	0	148	155
377	309	274	23	341	371	10	0	682	23
378	304	395	18	0	1457	10	0	359	121
379	326	374	17	578	608	10	0	671	39
380	277	143	-29	0	1583	10	235	0	131
381	338	290	12	650	680	10	0	673	51
382	98	375	29	202	232	10	0	161	2
383	286	308	3	627	657	10	0	106	51
384	145	301	8	0	1563	10	0	536	143
385	2	3	-20	794	824	10	714	0	53
386	110	351	21	0	1503	10	0	324	127
387	74	351	-19	0	1482	10	689	0	43
388	201	255	-43	0	1623	10	65	0	147
389	11	328	-18	0	1450	10	634	0	5
390	95	391	5	0	1461	10	0	5	121
391	161	346	-3	0	1527	10	176	0	136
392	338	5	23	1017	1047	10	0	416	80
393	376	205	-16	0	1502	10	275	0	25
394	300	319	-13	0	1523	10	501	0	133
395	170	114	9	637	667	10	0	309	57
396	273	118	34	0	1569	10	0	601	136
397	97	105	33	0	1538	10	0	202	137
398	168	87	5	0	1561	10	0	677	137
399	206	106	-23	0	1584	10	267	0	82
400	93	31	21	658	688	10	0	76	48
401	37	21	24	0	1436	10	0	557	118
402	162	94	-14	0	1566	10	40	0	61
403	96	162	15	0	1568	10	0	279	74
404	66	144	29	145	175	10	0	169	2
405	52	194	9	0	1530	10	0	469	134
406	395	167	-23	0	1481	10	333	0	127
407	384	53	13	950	980	10	0	160	74
408	237	200	-13	0	1641	10	737	0	158
409	162	121	1	0	1591	10	0	483	89
410	138	306	-8	864	894	10	15	0	74
411	345	195	-23	0	1533	10	688	0	137
412	68	143	16	0	1535	0	0	827	139
413	56	292	30	506	536	10	0	589	36
414	303	142	10	0	1560	10	0	600	143
415	40	153	15	0	1512	10	0	757	133
416	338	14	-23	0	1447	10	392	0	80
417	368	278	20	241	271	10	0	45	7
418	68	386	-2	309	339	10	355	0	8
419	369	171	-18	0	1507	10	565	0	131
420	201	6	25	585	615	10	0	251	42
421	5	266	32	0	1473	10	0	649	42
422	311	344	26	0	1497	10	0	338	130
423	131	275	30	0	1577	10	0	629	140
424	247	377	28	1215	1245	10	0	165	106
425	174	326	-22	955	985	10	451	0	73
426	6	20	27	0	1414	10	0	616	111
427	353	3	-31	0	1429	10	705	0	88
428	352	383	16	0	1441	10	0	768	119
429	23	317	10	0	1466	10	0	354	122
430	221	225	16	32	62	10	0	431	1
431	278	289	-16	118	148	10	430	0	1
432	380	390	36	0	1417	10	0	496	114
433	175	304	24	106	136	10	0	88	2
434	348	41	16	0	1461	10	0	436	123
435	26	275	-9	1132	1162	10	347	0	39
436	306	85	-16	0	1522	10	434	0	123
437	357	147	-17	0	1513	10	331	0	133
438	188	67	14	0	1545	10	0	107	92
439	166	185	-16	0	1641	10	137	0	152
440	90	311	-4	669	699	10	289	0	45
441	26	199	-26	0	1504	10	580	0	131
442	342	154	25	0	1529	0	0	803	137
443	357	38	2	0	1453	10	0	328	117
444	154	41	22	0	1513	10	0	49	126
445	26	247	31	388	418	10	0	660	23
446	215	260	9	61	91	10	0	777	2
447	391	260	20	0	1478	10	0	155	126
448	244	135	8	672	702	10	0	93	62
449	236	44	-23	0	1518	10	52	0	134
450	142	379	-18	0	1490	10	544	0	125
451	157	378	22	0	1495	10	0	425	73
452	120	170	-20	0	1593	10	184	0	11
453	94	165	-20	0	1567	10	645	0	135
454	356	299	-9	1051	1081	10	234	0	81
455	78	194	2	938	968	10	0	80	84
456	162	251	21	63	93	10	0	678	2
457	196	51	19	0	1529	10	0	261	133
458	146	324	24	0	1543	10	0	558	43
459	340	79	-16	0	1493	10	780	0	29
460	273	182	18	850	880	10	0	538	80
461	311	356	9	0	1487	10	0	181	128
462	213	332	21	0	1546	10	0	789	139
463	289	234	33	0	1583	10	0	783	147
464	166	19	11	0	1494	10	0	244	128
465	274	7	21	0	1472	10	0	470	33
466	174	329	-26	0	1547	10	548	0	134
467	243	140	15	0	1605	10	0	528	144
468	82	78	20	0	1509	10	0	659	132
469	41	183	-9	0	1519	10	405	0	134
470	325	45	-21	589	619	10	465	0	33
471	65	335	4	329	359	10	0	543	16
472	226	378	-25	0	1499	10	713	0	128
473	44	296	-16	484	514	10	642	0	32
474	103	361	-1	460	490	10	619	0	29
475	169	235	35	0	1632	10	0	87	151
476	41	337	9	0	1469	10	0	198	123
477	388	106	-21	0	1468	10	214	0	119
478	350	214	-20	0	1528	10	560	0	136
479	325	130	19	0	1535	10	0	299	130
480	339	69	26	0	1487	10	0	240	128
481	279	247	12	0	1587	10	0	129	148
482	236	119	-37	1350	1380	10	110	0	123
483	170	176	-1	1016	1046	10	409	0	89
484	246	247	-15	0	1613	10	767	0	59
485	388	275	21	0	1476	10	0	312	53
486	286	44	18	0	1500	10	0	800	128
487	100	218	-26	0	1577	10	301	0	146
488	336	386	21	727	757	0	0	805	52
489	186	75	-13	0	1553	10	524	0	140
490	76	90	-20	0	1513	10	209	0	2
491	52	343	-24	0	1473	10	793	0	113
492	362	378	17	472	502	10	0	587	26
493	138	143	17	0	1594	10	0	59	146
494	169	352	7	0	1523	0	0	810	136
495	352	303	-5	1072	1102	10	370	0	88
496	343	359	-36	0	1465	10	432	0	114
497	92	255	30	0	1557	10	0	583	141
498	338	150	-29	0	1532	10	546	0	137
499	125	122	-15	0	1570	10	581	0	138
500	58	98	15	263	293	10	0	591	11
501	308	327	13	0	1512	10	0	394	133
502	74	231	-7	0	1549	10	563	0	140
503	330	76	10	0	1499	10	0	521	123
504	165	264	20	0	1606	10	0	727	1
505	214	119	5	0	1596	10	0	586	150
506	94	268	25	365	395	10	0	186	26
507	11	274	-24	0	1476	10	637	0	124
508	54	108	-29	0	1506	10	779	0	2
509	68	215	19	0	1546	10	0	344	31
510	334	100	21	0	1511	10	0	676	133
511	256	356	19	0	1513	0	0	816	134
512	115	51	-15	848	878	10	701	0	63
513	391	136	33	0	1477	10	0	732	125
514	387	267	-13	0	1480	10	230	0	126
515	106	302	-23	0	1540	10	655	0	120
516	398	325	22	0	1444	10	0	284	114
517	74	87	9	0	1509	10	0	79	119
518	294	118	13	124	154	10	0	708	2
519	142	262	41	0	1594	10	0	375	30
520	380	145	31	523	553	10	0	278	36
521	364	55	-10	0	1460	10	503	0	123
522	379	126	8	0	1485	0	0	833	129
523	12	40	-5	0	1432	10	311	0	116
524	177	77	13	0	1553	10	0	489	140
525	185	180	-15	0	1653	10	315	0	156
526	382	49	9	876	906	10	0	156	66
527	314	257	-43	0	1551	10	39	0	134
528	271	116	-15	0	1569	10	467	0	144
529	336	201	17	0	1542	10	0	712	31
530	341	33	-8	0	1460	10	112	0	117
531	344	321	2	0	1490	10	0	368	77
532	276	298	-11	0	1554	10	23	0	129
533	371	386	23	0	1426	0	0	801	117
534	319	113	-35	1167	1197	10	335	0	2
535	362	207	-4	0	1516	10	638	0	134
536	146	301	-8	0	1564	10	384	0	143
537	146	174	23	59	89	10	0	48	2
538	247	212	-18	0	1630	10	460	0	80
539	356	315	-21	0	1485	10	597	0	127
540	43	67	-8	0	1473	10	75	0	119
541	163	207	-21	1125	1155	10	305	0	76
542	32	78	23	0	1471	10	0	687	125
543	55	341	-4	675	705	10	471	0	16
544	117	381	18	0	1479	10	0	450	125
545	39	34	-18	0	1447	10	741	0	120
546	277	163	29	0	1593	10	0	498	137
547	397	133	24	0	1470	10	0	308	124
548	180	359	26	0	1518	10	0	466	134
549	266	13	17	679	709	0	0	814	51
550	48	358	32	876	906	0	0	819	68
551	87	378	-13	0	1468	10	205	0	120
552	41	93	45	0	1487	10	0	255	128
553	173	384	3	0	1493	10	0	320	121
554	320	211	-26	0	1558	10	85	0	137
555	291	304	-33	0	1540	10	10	0	37
556	108	48	18	832	862	10	0	711	68
557	102	84	-24	0	1527	10	401	0	118
558	138	326	-24	561	591	10	458	0	43
559	244	176	-18	0	1628	10	602	0	2
560	287	225	20	0	1588	10	0	478	136
561	324	194	-25	0	1554	10	97	0	140
562	400	109	-15	0	1459	10	747	0	117
563	136	226	7	0	1609	10	0	502	140
564	5	344	7	0	1436	10	0	730	118
565	374	175	18	0	1503	10	0	419	131
566	122	397	-13	0	1467	10	319	0	123
567	310	163	20	692	722	10	0	74	60
568	24	57	-14	0	1452	10	594	0	121
569	77	319	12	0	1507	10	0	292	128
570	398	258	12	598	628	10	0	280	42
571	111	4	12	0	1463	0	0	809	124
572	70	231	16	0	1545	0	0	825	141
573	389	171	3	0	1487	10	0	618	125
574	212	197	16	0	1666	10	0	157	152
575	246	298	-14	0	1570	10	173	0	145
576	299	351	-37	0	1498	10	69	0	129
577	305	257	-39	619	649	10	245	0	42
578	153	222	-23	0	1627	10	247	0	2
579	343	184	-1	0	1535	10	111	0	138
580	42	197	26	0	1520	10	0	441	131
581	131	82	15	0	1542	10	0	499	138
582	41	340	26	0	1467	10	0	322	47
583	85	256	-30	0	1551	10	497	0	141
584	196	77	4	0	1555	0	0	811	143
585	156	4	25	210	240	10	0	336	3
586	202	158	-5	0	1636	10	505	0	150
587	372	382	-17	625	655	10	492	0	26
588	234	214	-19	0	1642	10	599	0	109
589	67	318	-30	0	1501	10	413	0	36
590	57	381	-16	0	1448	10	621	0	119
591	118	122	-15	0	1565	10	500	0	11
592	178	353	-18	0	1524	10	62	0	131
593	114	88	-19	674	704	10	607	0	4
594	51	64	14	0	1477	10	0	568	121
595	73	4	-27	0	1445	10	164	0	119
596	196	107	18	0	1585	10	0	310	130
597	343	322	21	0	1491	10	0	539	127
598	297	240	-12	0	1574	10	91	0	145
599	262	212	19	1125	1155	10	0	588	109
600	279	148	-10	0	1584	10	414	0	143
601	316	112	-34	0	1533	10	396	0	136
602	231	182	18	35	65	10	0	559	2
603	183	71	-39	765	795	10	653	0	64
604	257	98	-14	338	368	10	641	0	24
605	326	156	15	291	321	10	0	162	18
606	48	278	36	0	1508	10	0	28	100
607	113	80	19	166	196	10	0	593	4
608	323	218	-28	0	1554	10	9	0	135
609	126	90	-26	0	1546	10	31	0	3
610	238	119	-17	0	1589	10	725	0	2
611	334	92	-22	0	1506	10	14	0	130
612	228	341	-31	0	1535	10	681	0	135
613	294	249	-11	0	1572	10	98	0	143
614	384	64	19	0	1450	10	0	734	117
615	233	100	-26	0	1573	10	782	0	145
616	15	4	-27	0	1409	10	426	0	111
617	294	13	26	0	1469	10	0	345	123
618	381	144	-3	0	1489	10	573	0	125
619	193	216	1	0	1661	10	0	474	29
620	68	378	-31	0	1457	10	699	0	118
621	102	377	16	0	1476	10	0	590	119
622	220	71	-4	0	1548	10	302	0	139
623	338	106	-12	951	981	10	635	0	80
624	262	30	8	0	1498	10	0	27	124
625	394	299	-13	0	1461	10	363	0	21
626	63	166	4	0	1537	10	0	745	81
627	38	366	18	0	1447	10	0	166	25
628	45	85	-13	0	1485	10	18	0	119
629	116	195	-30	0	1594	10	423	0	140
630	390	357	13	1041	1071	10	0	145	82
631	328	39	-15	0	1473	10	325	0	114
632	171	168	14	0	1635	0	0	829	159
633	246	47	-24	0	1519	10	268	0	134
634	4	280	18	238	268	10	0	389	5
635	256	145	12	0	1600	10	0	623	80
636	153	315	-30	0	1554	10	36	0	141
637	8	285	24	0	1469	10	0	507	124
638	351	199	4	0	1527	10	0	535	134
639	111	286	21	0	1555	10	0	373	116
640	34	371	18	0	1440	10	0	696	1
641	230	139	14	0	1611	10	0	604	24
642	59	285	16	0	1514	10	0	473	32
643	93	283	13	331	361	10	0	242	22
644	317	240	16	0	1555	10	0	6	140
645	49	187	20	0	1527	10	0	453	135
646	374	163	-12	0	1501	10	21	0	129
647	134	320	-22	0	1542	10	13	0	138
648	262	390	21	0	1479	10	0	108	45
649	26	260	-32	629	659	10	421	0	42
650	80	365	18	449	479	0	0	806	27
651	246	244	33	0	1615	10	0	115	154
652	192	291	3	104	134	10	0	759	4
653	173	72	39	0	1548	10	0	603	64
654	364	23	11	0	1437	10	0	348	116
655	31	360	23	0	1446	10	0	515	120
656	321	144	-9	0	1545	10	226	0	139
657	296	388	-11	0	1467	10	122	0	122
658	268	223	-12	0	1607	10	236	0	152
659	107	98	-20	0	1540	10	468	0	132
660	32	229	-31	1054	1084	10	445	0	23
661	140	387	8	0	1482	10	0	220	127
662	302	300	17	0	1536	10	0	22	132
663	56	97	19	941	971	10	0	726	79
664	359	389	-24	0	1432	10	271	0	115
665	320	373	22	551	581	10	0	118	37
666	140	131	-20	879	909	10	100	0	80
667	102	118	22	0	1551	10	0	116	139
668	330	313	27	172	202	10	0	364	2
669	344	72	8	0	1486	10	0	47	125
670	37	106	5	0	1490	10	0	795	55
671	316	383	-17	0	1462	10	379	0	39
672	75	76	-24	0	1502	10	68	0	130
673	262	233	-12	0	1608	10	381	0	51
674	320	166	25	0	1554	10	0	680	140
675	36	286	-18	762	792	10	73	0	59
676	236	171	-21	0	1632	10	510	0	133
677	177	55	-5	0	1532	10	398	0	137
678	91	233	-21	466	496	10	456	0	2
679	244	56	14	0	1528	10	0	791	132
680	317	183	-25	0	1560	10	674	0	140
681	192	332	31	0	1546	10	0	612	135
682	299	308	-23	0	1532	10	377	0	23
683	350	18	-16	0	1443	10	30	0	115
684	196	138	18	0	1616	10	0	258	71
685	110	290	3	127	157	10	0	272	2
686	297	137	-26	458	488	10	84	0	23
687	35	79	-23	0	1474	10	542	0	125
688	335	202	23	0	1543	10	0	411	137
689	85	333	19	576	606	10	0	387	43
690	18	294	-5	0	1474	10	294	0	125
691	320	24	28	0	1465	0	0	830	125
692	159	79	15	792	822	10	0	298	69
693	13	167	-9	0	1489	10	281	0	128
694	322	281	9	0	1532	10	0	719	135
695	150	49	5	848	878	10	0	697	71
696	26	372	-18	244	274	10	640	0	1
697	168	100	-5	0	1574	10	695	0	71
698	236	260	31	0	1609	10	0	121	152
699	50	385	31	0	1440	10	0	620	118
700	199	22	20	0	1500	10	0	190	131
701	143	20	15	0	1490	10	0	512	63
702	352	156	-28	898	928	10	770	0	41
703	220	38	32	0	1515	10	0	135	45
704	213	280	29	0	1597	10	0	776	145
705	384	47	31	1091	1121	10	0	427	88
706	101	8	3	0	1462	10	0	199	118
707	3	2	16	956	986	10	0	11	70
708	396	106	-13	0	1461	10	518	0	2
709	124	221	27	1003	1033	10	0	144	95
710	84	221	22	0	1561	10	0	265	142
711	92	73	-18	0	1512	10	556	0	68
712	369	211	-17	463	493	10	529	0	31
713	186	355	25	0	1523	10	0	472	128
714	3	15	20	0	1408	10	0	385	53
715	46	110	16	0	1500	10	0	798	4
716	349	181	-15	0	1528	10	306	0	58
717	102	252	21	110	140	10	0	95	2
718	154	68	20	0	1539	10	0	743	138
719	325	294	-9	0	1522	10	694	0	135
720	381	290	36	0	1476	0	0	808	127
721	302	345	-11	0	1501	10	343	0	2
722	36	203	11	0	1514	10	0	119	89
723	81	156	-23	0	1552	10	218	0	50
724	100	15	21	0	1468	10	0	254	61
725	209	167	17	34	64	10	0	610	2
726	69	82	-19	0	1502	10	663	0	79
727	163	264	-20	73	103	10	504	0	1
728	186	145	18	1490	1520	10	0	775	146
729	140	40	-8	0	1508	10	174	0	132
730	40	336	-7	0	1469	10	564	0	118
731	231	76	31	0	1551	10	0	223	134
732	380	126	-33	0	1484	10	513	0	125
733	16	311	-14	0	1464	10	77	0	121
734	395	113	-19	0	1465	10	614	0	117
735	253	316	21	0	1551	0	0	822	142
736	238	124	26	0	1594	10	0	54	140
737	240	201	13	0	1638	10	0	408	158
738	380	339	10	741	771	10	0	57	54
739	271	371	15	752	782	10	0	133	59
740	155	159	-13	0	1618	10	314	0	154
741	53	51	18	0	1469	10	0	545	120
742	2	200	-26	341	371	10	29	0	16
743	164	80	-20	0	1553	10	718	0	138
744	194	43	-22	0	1521	10	756	0	85
745	43	121	-4	985	1015	10	626	0	81
746	2	29	28	0	1417	10	0	270	112
747	397	73	15	0	1444	10	0	562	117
748	7	143	-9	333	363	10	773	0	13
749	37	119	15	0	1496	0	0	812	131
750	367	361	22	487	517	10	0	105	28
751	137	68	-22	146	176	10	113	0	1
752	102	149	-9	0	1568	10	179	0	43
753	306	361	-8	0	1486	10	170	0	6
754	135	384	-37	0	1483	10	125	0	122
755	105	360	10	0	1492	10	0	213	121
756	187	23	22	1003	1033	10	0	744	85
757	56	156	-15	0	1528	10	415	0	133
758	217	98	19	0	1575	0	0	824	147
759	229	371	-3	1013	1043	10	652	0	4
760	399	179	26	0	1478	10	0	147	24
761	379	254	-26	289	319	10	341	0	12
762	193	29	-6	0	1507	10	159	0	128
763	88	121	15	0	1541	10	0	222	137
764	344	236	28	0	1530	10	0	317	136
765	145	165	-18	0	1613	10	78	0	2
766	11	135	28	0	1479	10	0	316	124
767	300	272	15	693	723	10	0	484	59
768	348	371	-16	0	1452	10	428	0	119
769	266	8	-32	0	1475	10	273	0	123
770	349	135	28	548	578	10	0	702	41
771	359	31	11	1253	1283	0	0	818	105
772	59	49	36	0	1472	10	0	263	120
773	0	155	9	0	1473	10	0	748	13
774	18	235	-32	0	1493	10	8	0	5
775	177	174	-18	0	1644	10	728	0	146
776	213	305	-29	0	1573	10	704	0	145
777	201	242	-9	770	800	10	446	0	2
778	41	399	-50	0	1424	10	262	0	115
779	4	60	29	240	270	10	0	508	2
780	321	85	16	434	464	10	0	459	29
781	254	0	-15	0	1471	10	3	0	124
782	229	105	26	0	1579	10	0	615	145
783	243	215	-33	0	1633	10	463	0	147
784	231	36	34	0	1512	0	0	835	134
785	278	221	-20	0	1598	10	83	0	150
786	243	209	-24	0	1635	10	250	0	154
787	168	268	22	0	1603	10	0	134	151
788	284	311	-14	0	1539	10	346	0	73
789	231	320	-21	0	1555	10	462	0	139
790	219	49	-10	461	491	10	225	0	31
791	234	37	-14	0	1512	10	679	0	132
792	259	4	-10	0	1474	10	126	0	124
793	8	384	24	0	1413	10	0	491	113
794	243	275	31	0	1592	10	0	34	124
795	13	96	-5	751	781	10	670	0	55
796	246	152	5	0	1612	0	0	834	154
797	38	291	-10	0	1493	10	178	0	129
798	18	102	-16	232	262	10	715	0	4
799	163	364	-36	0	1510	10	101	0	3
800	292	33	-18	0	1488	10	486	0	128
801	371	386	-23	0	1426	10	533	0	117
802	76	72	-8	0	1500	10	142	0	132
803	342	154	-25	0	1529	10	442	0	137
804	299	227	-25	0	1576	10	120	0	147
805	336	386	-21	727	757	10	488	0	52
806	80	365	-18	449	479	10	650	0	27
807	54	341	-19	0	1476	10	201	0	127
808	381	290	-36	0	1476	10	720	0	127
809	111	4	-12	0	1463	10	571	0	124
810	169	352	-7	0	1523	10	494	0	136
811	196	77	-4	0	1555	10	584	0	143
812	37	119	-15	0	1496	10	749	0	131
813	348	319	-29	0	1489	10	44	0	129
814	266	13	-17	679	709	10	549	0	51
815	285	136	-11	0	1572	10	352	0	146
816	256	356	-19	0	1513	10	511	0	134
817	316	327	-24	763	793	10	286	0	62
818	359	31	-11	1253	1283	10	771	0	105
819	48	358	-32	876	906	10	550	0	68
820	232	131	-20	0	1602	10	58	0	152
821	218	134	-24	1275	1305	10	195	0	123
822	253	316	-21	0	1551	10	735	0	142
823	108	395	-12	0	1463	10	367	0	124
824	217	98	-19	0	1575	10	758	0	147
825	70	231	-16	0	1545	10	572	0	141
826	206	286	-19	0	1592	10	152	0	150
827	68	143	-16	0	1535	10	412	0	139
828	123	30	-12	0	1492	10	19	0	130
829	171	168	-14	0	1635	10	632	0	159
830	320	24	-28	0	1465	10	691	0	125
831	103	95	-26	0	1536	10	326	0	139
832	371	111	-3	249	279	10	365	0	8
833	379	126	-8	0	1485	10	522	0	129
834	246	152	-5	0	1612	10	796	0	154
835	231	36	-34	0	1512	10	784	0	134
836	179	175	-2	0	1646	10	266	0	161
837	81	290	-14	401	431	10	92	0	28
838	343	134	-8	1009	1039	10	17	0	88

