200	200	1
0	200	200	0	0	1688	0	0	0
1	321	287	12	591	621	10	0	516	235
2	123	176	6	1170	1200	0	0	830	559
3	234	20	-20	0	1495	10	360	0	49
4	256	385	-12	596	626	10	339	0	14
5	108	399	23	219	249	10	0	755	14
6	303	258	-17	988	1018	10	662	0	411
7	148	94	23	838	868	10	0	59	374
8	35	238	32	191	221	10	0	774	25
9	356	223	28	0	1521	10	0	570	202
10	349	324	33	538	568	10	0	368	187
11	29	9	14	825	855	10	0	772	299
12	21	82	-28	842	872	10	766	0	44
13	146	320	-19	497	527	10	220	0	14
14	337	81	-12	713	743	10	183	0	14
15	160	313	-16	859	889	10	621	0	295
16	237	243	-16	56	86	10	430	0	9
17	343	134	-33	1009	1039	10	513	0	389
18	13	59	13	559	589	10	0	687	177
19	123	30	-25	698	728	10	751	0	14
20	156	32	34	0	1505	10	0	706	609
21	361	194	-15	0	1517	10	306	0	294
22	330	310	-15	678	708	10	136	0	237
23	326	335	11	0	1494	10	0	664	413
24	209	283	-19	617	647	10	152	0	214
25	267	221	24	587	617	10	0	498	273
26	57	124	24	161	191	10	0	490	14
27	280	5	-19	1016	1046	10	758	0	14
28	92	238	-10	1214	1244	10	429	0	458
29	51	205	26	0	1529	0	0	832	689
30	369	6	16	547	577	0	0	801	159
31	131	89	26	140	170	10	0	326	19
32	359	157	-25	0	1514	10	97	0	667
33	195	148	-31	1326	1356	10	731	0	359
34	239	252	-18	1332	1362	10	277	0	320
35	328	8	36	0	1448	10	0	427	9
36	162	316	-18	596	626	10	650	0	137
37	184	233	19	36	66	10	0	727	9
38	29	86	-18	570	600	10	798	0	27
39	340	276	-20	868	898	10	417	0	42
40	129	53	-20	751	781	10	184	0	56
41	332	124	22	334	364	10	0	84	105
42	55	115	-16	783	813	10	137	0	317
43	393	246	14	508	538	0	0	837	169
44	348	319	29	0	1489	10	0	297	9
45	361	287	13	256	286	10	0	317	51
46	16	114	26	723	753	10	0	56	274
47	353	65	-21	306	336	10	510	0	59
48	73	126	-2	419	449	10	266	0	14
49	91	61	-17	1472	1502	10	248	0	642
50	117	148	14	97	127	10	0	179	14
51	60	319	29	255	285	10	0	294	50
52	244	50	23	0	1522	10	0	112	280
53	79	95	22	1226	1256	10	0	172	547
54	255	80	11	520	550	10	0	436	208
55	319	115	-13	0	1532	10	407	0	372
56	35	160	-26	1017	1047	10	46	0	274
57	358	309	-13	856	886	10	501	0	125
58	232	131	20	1136	1166	0	0	825	544
59	161	124	-23	0	1593	10	7	0	374
60	85	128	-14	1288	1318	10	149	0	539
61	211	153	14	56	86	10	0	81	8
62	152	361	18	0	1510	10	0	799	660
63	327	115	15	303	333	10	0	459	90
64	151	231	10	79	109	10	0	642	25
65	210	294	43	0	1584	10	0	466	287
66	264	341	9	0	1524	10	0	173	679
67	309	53	26	327	357	10	0	127	86
68	108	75	-7	0	1523	10	116	0	678
69	303	358	-23	0	1490	10	533	0	51
70	33	226	-29	1192	1222	10	95	0	301
71	378	118	12	727	757	10	0	139	280
72	26	70	-14	921	951	10	163	0	15
73	45	291	-18	0	1499	10	473	0	165
74	329	208	-12	1317	1347	10	264	0	172
75	30	39	8	368	398	10	0	545	81
76	78	85	-19	741	771	10	607	0	23
77	4	307	14	1077	1107	10	0	606	441
78	151	188	18	50	80	10	0	723	14
79	14	53	12	805	835	10	0	210	298
80	125	182	24	77	107	10	0	441	14
81	232	127	-14	79	109	10	61	0	8
82	368	63	22	0	1462	10	0	340	616
83	280	224	20	227	257	10	0	237	86
84	348	102	-22	392	422	10	41	0	105
85	319	160	26	168	198	10	0	674	36
86	116	102	10	814	844	10	0	362	357
87	192	268	31	524	554	10	0	484	242
88	220	337	-24	312	342	10	134	0	92
89	264	69	15	665	695	10	0	525	274
90	142	238	-8	1177	1207	10	797	0	447
91	231	229	-17	1203	1233	10	252	0	291
92	81	290	14	401	431	10	0	191	140
93	290	82	-16	898	928	10	780	0	148
94	207	185	-28	1220	1250	10	528	0	517
95	21	255	29	761	791	10	0	70	301
96	353	357	20	220	250	10	0	256	15
97	324	184	25	0	1553	10	0	32	667
98	305	255	11	311	341	10	0	197	111
99	381	27	-27	463	493	10	530	0	45
100	137	132	20	216	246	10	0	274	76
101	147	376	36	193	223	10	0	661	9
102	312	247	14	0	1557	10	0	234	109
103	163	270	-31	545	575	10	681	0	167
104	384	307	7	0	1466	10	0	495	423
105	375	294	-16	603	633	10	260	0	142
106	274	247	-3	944	974	10	383	0	259
107	225	53	23	1082	1112	0	0	806	481
108	292	392	-9	661	691	10	721	0	40
109	267	321	26	633	663	10	0	794	262
110	228	96	-34	0	1571	10	784	0	667
111	334	186	-5	0	1544	10	189	0	674
112	339	3	-23	803	833	10	52	0	280
113	158	85	-15	933	963	10	581	0	394
114	75	238	13	0	1548	10	0	455	391
115	213	216	9	0	1658	10	0	211	9
116	122	105	7	0	1556	10	0	68	678
117	303	112	21	873	903	10	0	352	383
118	307	396	28	772	802	10	0	555	289
119	13	220	-32	1065	1095	10	421	0	96
120	299	227	25	102	132	10	0	554	14
121	230	234	11	1561	1591	0	0	814	772
122	299	399	-16	0	1456	10	428	0	295
123	366	340	23	715	745	10	0	720	263
124	46	197	-11	0	1524	10	330	0	502
125	97	387	-18	0	1465	10	640	0	85
126	234	7	-21	1116	1146	10	465	0	76
127	327	11	-26	590	620	10	67	0	86
128	348	189	17	0	1530	10	0	646	74
129	266	234	-27	913	943	10	785	0	417
130	184	69	-13	503	533	10	309	0	14
131	158	121	17	1105	1135	10	0	287	522
132	206	7	-14	794	824	10	641	0	305
133	260	352	-30	395	425	10	472	0	96
134	184	235	24	0	1640	10	0	88	92
135	202	6	20	636	666	10	0	399	235
136	325	311	15	613	643	10	0	22	237
137	143	159	16	0	1608	10	0	42	317
138	259	285	14	103	133	10	0	657	14
139	366	97	-12	772	802	10	71	0	280
140	87	147	-19	874	904	10	757	0	281
141	48	304	15	230	260	10	0	471	37
142	76	72	-14	1010	1040	10	594	0	311
143	1	335	-39	0	1438	10	249	0	328
144	157	220	-19	1376	1406	10	509	0	434
145	400	373	7	0	1414	10	0	630	388
146	123	159	-10	1315	1345	10	628	0	375
147	377	144	23	467	497	10	0	442	155
148	200	144	12	81	111	10	0	366	27
149	52	94	14	0	1496	10	0	60	539
150	140	344	-26	1288	1318	10	161	0	516
151	390	376	2	463	493	10	0	350	117
152	206	286	19	486	516	10	0	24	214
153	208	86	-13	958	988	10	524	0	410
154	384	294	20	0	1472	10	0	231	623
155	315	237	33	520	550	10	0	608	214
156	392	14	1	0	1411	10	0	313	508
157	269	203	30	375	405	10	0	736	167
158	248	286	-3	0	1580	10	553	0	14
159	168	15	6	0	1491	10	0	336	505
160	391	42	-9	964	994	10	526	0	334
161	92	384	26	0	1465	10	0	150	516
162	344	154	-15	0	1527	10	605	0	93
163	59	51	14	206	236	10	0	72	15
164	100	10	27	0	1464	10	0	595	591
165	250	340	21	190	220	10	0	320	35
166	84	293	11	556	586	0	0	810	218
167	66	118	-15	0	1521	10	403	0	673
168	98	107	17	934	964	10	0	314	412
169	103	154	22	0	1571	10	0	412	690
170	243	287	8	137	167	10	0	323	34
171	362	383	21	256	286	10	0	182	20
172	70	81	-22	0	1502	10	53	0	547
173	230	266	-9	0	1606	10	66	0	679
174	148	71	-18	815	845	10	684	0	19
175	6	62	-20	0	1440	10	714	0	430
176	165	335	-21	0	1539	10	324	0	246
177	313	64	29	0	1502	10	0	631	285
178	80	282	-39	521	551	10	647	0	29
179	73	124	-14	553	583	10	50	0	14
180	59	89	24	769	799	10	0	283	309
181	279	337	-21	603	633	10	735	0	161
182	330	353	-21	1186	1216	10	171	0	20
183	201	195	12	5	35	10	0	14	14
184	125	175	20	162	192	10	0	40	56
185	52	251	-32	159	189	10	303	0	7
186	52	301	-8	0	1499	10	242	0	24
187	192	200	22	8	38	10	0	265	15
188	136	373	-16	614	644	10	196	0	181
189	357	202	5	0	1521	10	0	111	674
190	203	40	11	792	822	10	0	232	321
191	36	288	-14	0	1492	10	92	0	140
192	348	343	12	0	1473	10	0	422	622
193	359	42	-11	0	1454	10	771	0	525
194	248	124	-5	664	694	10	796	0	282
195	218	134	-26	1275	1305	10	615	0	305
196	142	385	16	527	557	10	0	188	181
197	299	270	-11	0	1557	10	98	0	111
198	40	314	7	724	754	10	0	569	278
199	66	5	-12	1135	1165	10	571	0	162
200	248	126	23	0	1590	10	0	467	594
201	54	341	19	308	338	10	0	582	67
202	101	99	12	0	1537	10	0	632	692
203	355	41	-24	839	869	10	268	0	174
204	186	179	-8	0	1653	10	669	0	451
205	55	346	13	443	473	10	0	239	133
206	282	252	10	868	898	10	0	698	400
207	377	72	-19	0	1460	10	614	0	433
208	135	161	-23	1350	1380	10	218	0	253
209	85	61	-19	180	210	10	358	0	9
210	19	61	-12	1152	1182	10	79	0	298
211	279	262	-9	100	130	10	115	0	9
212	87	164	-22	662	692	10	300	0	245
213	80	392	-13	535	565	10	319	0	109
214	384	72	-9	0	1454	10	734	0	594
215	234	73	8	155	185	0	0	813	26
216	68	250	-18	564	594	10	634	0	28
217	192	151	22	584	614	10	0	398	282
218	47	190	23	631	661	10	0	208	253
219	193	390	-14	0	1488	10	576	0	14
220	184	282	19	83	113	10	0	13	14
221	310	363	20	1059	1089	10	0	648	446
222	86	112	-19	0	1534	10	663	0	396
223	223	41	19	551	581	10	0	756	210
224	165	126	-15	0	1597	10	315	0	14
225	178	103	10	0	1579	0	0	824	739
226	285	184	-4	1030	1060	10	638	0	335
227	26	326	-18	0	1464	10	491	0	125
228	8	68	29	0	1446	10	0	568	594
229	2	52	-20	0	1431	10	523	0	579
230	361	236	13	164	194	10	0	447	14
231	287	279	-20	0	1561	10	154	0	623
232	199	45	-11	790	820	10	190	0	321
233	384	248	35	0	1488	10	0	280	626
234	397	283	-14	412	442	10	102	0	109
235	326	79	-26	806	836	10	480	0	309
236	217	211	-19	1180	1210	10	599	0	545
237	364	213	-20	578	608	10	83	0	86
238	124	179	36	718	748	10	0	666	334
239	168	223	-13	0	1639	10	205	0	133
240	341	78	16	830	860	10	0	601	336
241	166	357	-5	1213	1243	10	390	0	142
242	73	292	8	175	205	10	0	186	24
243	160	62	11	709	739	10	0	489	297
244	190	27	10	0	1505	10	0	254	284
245	340	290	39	451	481	10	0	257	157
246	180	15	-17	875	905	10	610	0	343
247	147	210	-15	53	83	10	296	0	9
248	102	42	17	0	1493	10	0	49	642
249	8	363	39	879	909	10	0	143	328
250	250	183	-18	1022	1052	10	460	0	402
251	193	18	22	0	1496	10	0	585	4
252	287	343	17	720	750	10	0	91	291
253	17	348	22	438	468	10	0	564	116
254	96	22	-10	816	846	10	244	0	284
255	46	102	-15	604	634	10	500	0	59
256	371	396	-20	601	631	10	96	0	15
257	365	303	-39	902	932	10	245	0	157
258	196	129	22	766	796	10	0	586	362
259	278	265	23	0	1577	10	0	767	294
260	367	300	16	449	479	10	0	105	142
261	226	52	-4	0	1528	10	781	0	625
262	37	397	50	825	855	10	0	387	299
263	40	31	9	576	606	10	0	401	186
264	332	216	12	447	477	10	0	74	172
265	96	209	-22	123	153	10	187	0	15
266	179	175	2	32	62	10	0	48	14
267	195	121	-1	871	901	10	409	0	385
268	251	70	24	458	488	10	0	203	174
269	285	287	22	0	1557	10	0	531	42
270	2	17	11	269	299	10	0	746	14
271	362	399	-36	0	1422	10	432	0	565
272	88	372	14	354	384	0	0	822	89
273	231	6	-28	701	731	10	691	0	208
274	194	121	-20	1272	1302	10	100	0	76
275	350	207	16	378	408	10	0	408	128
276	302	274	15	292	322	10	0	329	97
277	241	275	18	696	726	10	0	34	320
278	350	131	-18	0	1513	10	618	0	639
279	175	192	-12	924	954	10	375	0	164
280	397	261	-35	0	1472	10	233	0	626
281	32	163	9	219	249	10	0	293	38
282	205	372	2	889	919	10	0	759	373
283	75	89	-24	826	856	10	180	0	309
284	397	362	15	255	285	10	0	378	14
285	370	57	10	1118	1148	10	0	288	451
286	316	327	24	763	793	10	0	481	310
287	177	139	-17	1580	1610	10	131	0	522
288	317	68	-10	1160	1190	10	285	0	451
289	50	315	4	0	1489	10	0	730	506
290	102	324	23	491	521	0	0	823	181
291	236	38	38	433	463	10	0	457	148
292	79	344	16	217	247	10	0	655	29
293	10	202	-9	0	1488	10	281	0	38
294	74	283	-29	0	1528	10	51	0	50
295	72	315	11	681	711	10	0	374	269
296	197	200	15	3	33	10	0	247	9
297	395	340	-29	240	270	10	44	0	9
298	166	115	-25	1249	1279	10	743	0	543
299	362	115	-8	1061	1091	10	522	0	351
300	84	206	22	577	607	10	0	212	245
301	126	208	26	1370	1400	0	0	838	662
302	179	125	4	77	107	10	0	744	14
303	78	261	32	136	166	10	0	185	7
304	279	91	22	1308	1338	0	0	803	601
305	16	294	-24	0	1472	10	637	0	71
306	368	215	15	727	757	10	0	21	294
307	5	345	-12	1211	1241	10	373	0	274
308	369	118	-31	1052	1082	10	520	0	182
309	172	109	13	95	125	10	0	130	14
310	208	20	10	601	631	10	0	438	225
311	9	47	-16	0	1434	10	707	0	353
312	358	261	-12	750	780	10	381	0	257
313	376	19	-1	1281	1311	10	156	0	508
314	159	164	-17	1336	1366	10	168	0	412
315	176	154	15	51	81	10	0	224	14
316	8	119	11	0	1470	10	0	552	381
317	308	217	-13	992	1022	10	45	0	51
318	308	178	4	0	1568	10	0	406	636
319	117	395	13	401	431	10	0	213	109
320	251	381	-21	268	298	10	165	0	35
321	210	1	11	0	1479	0	0	805	639
322	30	349	-18	678	708	10	627	0	28
323	309	279	-8	0	1544	10	170	0	34
324	133	375	21	650	680	10	0	176	246
325	381	12	15	591	621	10	0	328	180
326	103	95	-26	0	1536	10	31	0	19
327	17	99	-15	1006	1036	10	749	0	186
328	377	29	-15	747	777	10	325	0	180
329	237	259	-15	1174	1204	10	276	0	97
330	49	222	11	1127	1157	10	0	124	502
331	296	156	17	0	1573	10	0	479	690
332	153	224	-3	785	815	10	652	0	21
333	382	169	-26	658	688	10	760	0	138
334	371	349	8	263	293	10	0	496	33
335	265	127	35	97	127	10	0	396	9
336	159	11	-6	1188	1218	10	159	0	505
337	354	199	27	0	1524	10	0	529	333
338	244	285	-14	1318	1348	10	671	0	499
339	220	238	12	42	72	10	0	4	14
340	285	107	-22	0	1553	10	82	0	616
341	337	248	-20	477	507	10	588	0	14
342	377	282	20	0	1483	10	0	485	369
343	310	340	11	178	208	10	0	461	8
344	74	213	33	435	465	10	0	710	169
345	309	18	-14	396	426	10	679	0	95
346	304	319	-4	861	891	10	753	0	271
347	44	277	9	534	564	10	0	349	195
348	378	30	-13	1100	1130	10	800	0	421
349	160	222	-9	1294	1324	10	347	0	195
350	381	375	-2	1071	1101	10	151	0	117
351	209	208	8	12	42	10	0	625	14
352	285	136	-21	1089	1119	10	117	0	383
353	194	65	16	386	416	10	0	703	140
354	13	322	19	368	398	10	0	435	87
355	91	388	2	0	1461	10	0	620	229
356	107	159	-9	1032	1062	10	405	0	215
357	110	241	9	98	128	10	0	690	14
358	92	68	19	0	1508	10	0	209	9
359	291	398	-19	531	561	10	431	0	14
360	200	48	20	220	250	10	0	3	49
361	267	295	20	731	761	10	0	575	322
362	191	167	-10	952	982	10	86	0	357
363	393	256	-3	389	419	10	761	0	66
364	308	314	23	0	1521	0	0	802	681
365	371	111	-18	249	279	10	602	0	14
366	300	64	-12	0	1510	10	148	0	27
367	108	395	12	573	603	10	0	451	193
368	338	315	-33	952	982	10	10	0	187
369	343	335	-27	0	1482	10	668	0	14
370	349	249	5	0	1522	0	0	820	682
371	294	184	-1	1073	1103	10	716	0	443
372	347	59	-13	0	1475	10	518	0	14
373	12	368	12	771	801	10	0	307	274
374	119	286	-11	829	859	10	295	0	269
375	105	254	12	409	439	10	0	279	164
376	194	166	7	0	1644	0	0	834	804
377	309	274	23	341	371	10	0	682	119
378	304	395	-15	0	1457	10	284	0	14
379	326	374	-22	578	608	10	665	0	185
380	277	143	-18	644	674	10	686	0	186
381	338	290	12	650	680	10	0	312	257
382	98	375	29	202	232	10	0	474	14
383	286	308	3	627	657	10	0	106	259
384	145	301	8	115	145	10	0	425	14
385	2	3	-27	794	824	10	426	0	265
386	110	351	21	175	205	10	0	543	14
387	74	351	-50	960	990	10	262	0	299
388	201	255	16	0	1623	10	0	563	445
389	11	328	12	767	797	0	0	804	284
390	95	391	5	473	503	10	0	241	142
391	161	346	-19	1056	1086	10	592	0	416
392	338	5	-8	1017	1047	10	624	0	388
393	376	205	4	0	1502	10	0	688	315
394	300	319	14	155	185	0	0	817	14
395	170	114	-17	637	667	10	493	0	14
396	273	118	-35	109	139	10	335	0	9
397	97	105	-29	944	974	10	404	0	14
398	168	87	-22	917	947	10	217	0	282
399	206	106	-20	0	1584	10	135	0	235
400	93	31	21	658	688	10	0	556	243
401	37	21	-9	909	939	10	263	0	186
402	162	94	-22	0	1566	10	622	0	287
403	96	162	15	0	1568	10	0	167	673
404	66	144	29	145	175	10	0	397	14
405	52	194	9	549	579	10	0	356	215
406	395	167	-4	0	1481	10	318	0	636
407	384	53	13	950	980	10	0	55	372
408	237	200	-16	0	1641	10	275	0	128
409	162	121	1	0	1591	10	0	267	385
410	138	306	-12	864	894	10	440	0	271
411	345	195	9	0	1533	10	0	561	459
412	68	143	-22	0	1535	10	169	0	690
413	56	292	-21	506	536	10	639	0	19
414	303	142	-29	1077	1107	10	611	0	150
415	40	153	15	166	196	10	0	748	14
416	338	14	10	1201	1231	10	0	482	496
417	368	278	20	241	271	10	0	39	42
418	68	386	16	309	339	10	0	699	55
419	369	171	23	171	201	10	0	708	14
420	201	6	-15	585	615	10	740	0	14
421	5	266	32	368	398	10	0	119	96
422	311	344	-12	0	1497	10	192	0	622
423	131	275	-19	0	1577	10	689	0	215
424	247	377	-9	1215	1245	10	694	0	483
425	174	326	-8	955	985	10	384	0	14
426	6	20	27	0	1414	10	0	385	265
427	353	3	-36	256	286	10	35	0	9
428	352	383	16	798	828	10	0	122	295
429	23	317	10	0	1466	10	0	28	458
430	221	225	16	32	62	10	0	16	9
431	278	289	19	118	148	10	0	359	14
432	380	390	36	0	1417	10	0	271	565
433	175	304	24	106	136	10	0	494	14
434	348	41	16	658	688	10	0	521	235
435	26	275	-19	1132	1162	10	354	0	87
436	306	85	-11	1144	1174	10	54	0	208
437	357	147	23	531	561	10	0	770	193
438	188	67	-10	0	1545	10	310	0	225
439	166	185	17	37	67	10	0	452	14
440	90	311	12	669	699	10	0	410	271
441	26	199	-24	0	1504	10	80	0	14
442	342	154	-23	0	1529	10	147	0	155
443	357	38	-18	1104	1134	10	486	0	208
444	154	41	-5	1286	1316	10	695	0	359
445	26	247	-35	388	418	10	742	0	78
446	215	260	9	61	91	10	0	511	9
447	391	260	-13	604	634	10	230	0	14
448	244	135	-24	672	702	10	559	0	300
449	236	44	12	774	804	10	0	633	321
450	142	379	11	780	810	10	0	548	310
451	157	378	-12	916	946	10	367	0	193
452	120	170	-17	457	487	10	439	0	14
453	94	165	-23	649	679	10	537	0	14
454	356	299	-10	1051	1081	10	738	0	271
455	78	194	-13	938	968	10	114	0	391
456	162	251	21	63	93	10	0	589	14
457	196	51	-38	0	1529	10	291	0	148
458	146	324	24	1412	1442	10	0	619	653
459	340	79	-15	670	700	10	63	0	90
460	273	182	18	850	880	10	0	250	402
461	311	356	-11	191	221	10	343	0	8
462	213	332	-15	0	1546	10	739	0	298
463	289	234	33	95	125	10	0	613	14
464	166	19	-26	1199	1229	10	792	0	215
465	274	7	21	329	359	10	0	126	76
466	174	329	-43	700	730	10	65	0	287
467	243	140	-23	1273	1303	10	200	0	594
468	82	78	20	1186	1216	0	0	818	523
469	41	183	-20	1177	1207	10	645	0	34
470	325	45	-17	589	619	10	725	0	14
471	65	335	-15	329	359	10	141	0	37
472	226	378	30	359	389	10	0	133	96
473	44	296	18	484	514	10	0	73	165
474	103	361	-29	460	490	10	382	0	14
475	169	235	35	0	1632	10	0	787	496
476	41	337	9	669	699	10	0	550	244
477	388	106	9	264	294	0	0	808	41
478	350	214	-20	820	850	10	712	0	161
479	325	130	-17	0	1535	10	331	0	690
480	339	69	26	0	1487	10	0	235	309
481	279	247	-24	0	1587	10	286	0	310
482	236	119	-10	1350	1380	10	416	0	496
483	170	176	-31	1016	1046	10	609	0	381
484	246	247	-31	679	709	10	87	0	242
485	388	275	-20	927	957	10	342	0	369
486	286	44	18	566	596	10	0	443	208
487	100	218	31	103	133	10	0	678	15
488	336	386	21	727	757	10	0	532	263
489	186	75	-11	780	810	10	243	0	297
490	76	90	-24	747	777	10	26	0	14
491	52	343	18	427	457	10	0	227	125
492	362	378	17	472	502	0	0	840	130
493	138	143	17	84	114	10	0	395	14
494	169	352	-24	249	279	10	433	0	14
495	352	303	-7	1072	1102	10	104	0	423
496	343	359	-8	456	486	10	334	0	33
497	92	255	30	424	454	10	0	519	166
498	338	150	-24	768	798	10	25	0	273
499	125	122	-20	0	1570	10	591	0	719
500	58	98	15	263	293	10	0	255	59
501	308	327	13	388	418	10	0	57	125
502	74	231	11	474	504	0	0	839	187
503	330	76	10	928	958	10	0	546	389
504	165	264	20	0	1606	10	0	536	129
505	214	119	5	0	1596	10	0	701	637
506	94	268	-21	365	395	10	717	0	14
507	11	274	18	800	830	10	0	660	313
508	54	108	17	267	297	10	0	667	62
509	68	215	19	971	1001	10	0	144	434
510	334	100	21	0	1511	10	0	47	59
511	256	356	-9	165	195	10	446	0	9
512	115	51	-21	848	878	10	724	0	67
513	391	136	33	0	1477	10	0	17	389
514	387	267	11	892	922	10	0	764	361
515	106	302	3	0	1540	0	0	821	700
516	398	325	-12	875	905	10	1	0	235
517	74	87	9	1355	1385	0	0	828	607
518	294	118	13	124	154	10	0	372	14
519	142	262	-30	512	542	10	497	0	166
520	380	145	31	523	553	10	0	308	182
521	364	55	-16	0	1460	10	434	0	235
522	379	126	8	866	896	10	0	299	351
523	12	40	20	0	1432	10	0	229	579
524	177	77	13	0	1553	10	0	153	410
525	185	180	-15	1623	1653	10	89	0	274
526	382	49	9	876	906	10	0	160	334
527	314	257	13	127	157	10	0	538	14
528	271	116	28	0	1569	10	0	94	517
529	336	201	-27	820	850	10	337	0	333
530	341	33	27	279	309	10	0	99	45
531	344	321	-22	254	284	10	269	0	42
532	276	298	-21	0	1554	10	488	0	263
533	371	386	23	325	355	10	0	69	51
534	319	113	-20	1167	1197	10	562	0	328
535	362	207	-16	0	1516	10	644	0	105
536	146	301	-20	353	383	10	504	0	129
537	146	174	23	59	89	10	0	453	14
538	247	212	-13	0	1630	10	527	0	14
539	356	315	18	421	451	10	0	750	128
540	43	67	15	408	438	10	0	715	116
541	163	207	6	1125	1155	0	0	811	558
542	32	78	23	0	1471	10	0	779	9
543	55	341	-21	675	705	10	386	0	14
544	117	381	-16	0	1479	10	636	0	14
545	39	34	-8	0	1447	10	75	0	81
546	277	163	-10	0	1593	10	503	0	389
547	397	133	-15	0	1470	10	747	0	14
548	180	359	-11	941	971	10	450	0	310
549	266	13	-39	679	709	10	653	0	86
550	48	358	-9	876	906	10	476	0	244
551	87	378	-24	0	1468	10	793	0	387
552	41	93	-11	994	1024	10	316	0	381
553	173	384	3	185	215	10	0	158	14
554	320	211	-25	0	1558	10	120	0	14
555	291	304	-28	1038	1068	10	118	0	289
556	108	48	-21	832	862	10	400	0	243
557	102	84	3	165	195	10	0	672	21
558	138	326	17	561	591	10	0	776	225
559	244	176	24	0	1628	10	0	448	300
560	287	225	-3	746	776	10	577	0	264
561	324	194	-9	1066	1096	10	411	0	459
562	400	109	20	847	877	10	0	534	328
563	136	226	-16	998	1028	10	388	0	445
564	5	344	-22	1259	1289	10	253	0	116
565	374	175	-29	344	374	10	680	0	14
566	122	397	-13	576	606	10	754	0	39
567	310	163	20	692	722	10	0	635	302
568	24	57	-29	0	1452	10	228	0	594
569	77	319	-7	1239	1269	10	198	0	278
570	398	258	-28	598	628	10	9	0	202
571	111	4	12	510	540	10	0	199	162
572	70	231	16	0	1545	10	0	733	41
573	389	171	3	451	481	10	0	702	144
574	212	197	-11	854	884	10	786	0	398
575	246	298	-20	956	986	10	361	0	322
576	299	351	14	180	210	10	0	219	14
577	305	257	3	619	649	10	0	560	264
578	153	222	33	0	1627	10	0	777	343
579	343	184	17	1123	1153	0	0	831	504
580	42	197	26	369	399	0	0	815	120
581	131	82	15	896	926	10	0	113	394
582	41	340	-19	863	893	10	201	0	67
583	85	256	-13	1004	1034	10	643	0	112
584	196	77	-16	828	858	10	762	0	307
585	156	4	-22	210	240	10	251	0	4
586	202	158	-22	1158	1188	10	258	0	362
587	372	382	7	625	655	10	0	789	202
588	234	214	20	36	66	10	0	341	14
589	67	318	-21	246	276	10	456	0	14
590	57	381	-3	0	1448	10	685	0	14
591	118	122	20	0	1565	10	0	499	719
592	178	353	19	958	988	10	0	391	416
593	114	88	24	674	704	10	0	718	281
594	51	64	14	795	825	10	0	142	311
595	73	4	-27	1406	1436	10	164	0	591
596	196	107	18	1329	1359	0	0	826	632
597	343	322	21	811	841	10	0	719	326
598	297	240	-7	260	290	10	783	0	14
599	262	212	19	1125	1155	10	0	236	545
600	279	148	-16	1452	1482	10	656	0	480
601	316	112	-16	964	994	10	240	0	336
602	231	182	18	35	65	10	0	365	14
603	183	71	-17	765	795	10	677	0	310
604	257	98	8	338	368	10	0	617	125
605	326	156	15	291	321	10	0	162	93
606	48	278	-14	0	1508	10	77	0	441
607	113	80	19	166	196	10	0	76	23
608	323	218	-33	820	850	10	155	0	214
609	126	90	31	866	896	10	0	483	381
610	238	119	17	0	1589	10	0	246	343
611	334	92	29	444	474	10	0	414	150
612	228	341	-25	1007	1037	10	713	0	14
613	294	249	-33	471	501	10	463	0	14
614	384	64	19	1066	1096	10	0	207	433
615	233	100	26	686	716	10	0	195	305
616	15	4	18	0	1409	10	0	670	553
617	294	13	-8	587	617	10	604	0	125
618	381	144	18	0	1489	10	0	278	639
619	193	216	-24	0	1661	10	458	0	653
620	68	378	-2	682	712	10	355	0	229
621	102	377	16	0	1476	10	0	15	295
622	220	71	22	676	706	10	0	402	287
623	338	106	-31	951	981	10	732	0	364
624	262	30	8	0	1498	10	0	392	388
625	394	299	-8	794	824	10	351	0	14
626	63	166	-11	996	1026	10	722	0	122
627	38	366	18	258	288	10	0	322	28
628	45	85	10	915	945	10	0	146	375
629	116	195	-27	1066	1096	10	709	0	477
630	390	357	-7	1041	1071	10	145	0	388
631	328	39	-29	756	786	10	177	0	285
632	171	168	-12	0	1635	10	202	0	692
633	246	47	-12	1121	1151	10	449	0	321
634	4	280	18	238	268	10	0	216	28
635	256	145	-20	1144	1174	10	567	0	302
636	153	315	16	124	154	10	0	544	14
637	8	285	24	323	353	10	0	305	71
638	351	199	4	792	822	10	0	226	335
639	111	286	21	133	163	10	0	413	19
640	34	371	18	380	410	10	0	125	85
641	230	139	14	0	1611	10	0	132	305
642	59	285	-10	0	1514	10	64	0	25
643	93	283	13	331	361	10	0	583	112
644	317	240	16	304	334	10	0	535	105
645	49	187	20	191	221	10	0	469	34
646	374	163	-17	315	345	10	128	0	74
647	134	320	39	165	195	10	0	178	29
648	262	390	-20	0	1479	10	221	0	446
649	26	260	16	629	659	10	0	675	237
650	80	365	18	449	479	10	0	36	137
651	246	244	33	679	709	0	0	833	322
652	192	291	3	104	134	10	0	332	21
653	173	72	39	274	304	10	0	549	86
654	364	23	11	1065	1095	10	0	683	426
655	31	360	-16	277	307	10	292	0	29
656	321	144	16	1064	1094	10	0	600	480
657	296	388	-14	262	292	10	138	0	14
658	268	223	20	71	101	0	0	812	14
659	107	98	21	0	1540	0	0	827	700
660	32	229	-18	1054	1084	10	507	0	313
661	140	387	-36	196	226	10	101	0	9
662	302	300	17	0	1536	10	0	6	411
663	56	97	19	941	971	10	0	222	396
664	359	389	-11	1054	1084	10	23	0	413
665	320	373	22	551	581	10	0	379	185
666	140	131	-36	879	909	10	238	0	334
667	102	118	-17	1169	1199	10	508	0	62
668	330	313	27	172	202	10	0	369	14
669	344	72	8	1065	1095	10	0	204	451
670	37	106	-18	0	1490	10	616	0	553
671	316	383	14	0	1462	10	0	338	499
672	75	76	-3	0	1502	10	557	0	21
673	262	233	16	0	1608	0	0	819	768
674	320	166	-26	586	616	10	85	0	36
675	36	286	-16	762	792	10	649	0	237
676	236	171	27	46	76	10	0	782	14
677	177	55	17	756	786	10	0	603	310
678	91	233	-31	466	496	10	487	0	15
679	244	56	14	0	1528	10	0	345	95
680	317	183	29	118	148	10	0	565	14
681	192	332	31	438	468	10	0	103	167
682	299	308	-23	563	593	10	377	0	119
683	350	18	-11	0	1443	10	654	0	426
684	196	138	18	72	102	10	0	174	19
685	110	290	3	127	157	10	0	590	14
686	297	137	18	458	488	10	0	380	186
687	35	79	-13	0	1474	10	18	0	177
688	335	202	-4	829	859	10	393	0	315
689	85	333	19	576	606	10	0	423	215
690	18	294	-9	487	517	10	357	0	14
691	320	24	28	0	1465	10	0	273	208
692	159	79	15	792	822	0	0	836	347
693	13	167	42	189	219	10	0	745	14
694	322	281	9	0	1532	10	0	424	483
695	150	49	5	848	878	10	0	444	359
696	26	372	14	244	274	10	0	778	14
697	168	100	29	0	1574	10	0	791	167
698	236	260	-10	1119	1149	10	206	0	400
699	50	385	-16	823	853	10	418	0	55
700	199	22	20	0	1500	0	0	807	660
701	143	20	-5	0	1490	10	505	0	637
702	352	156	-3	898	928	10	573	0	144
703	220	38	-16	580	610	10	353	0	140
704	213	280	29	81	111	10	0	737	14
705	384	47	31	1091	1121	0	0	809	440
706	101	8	-34	0	1462	10	20	0	609
707	3	2	16	956	986	10	0	311	353
708	396	106	-23	270	300	10	419	0	14
709	124	221	27	1003	1033	10	0	629	477
710	84	221	-33	1103	1133	10	344	0	169
711	92	73	8	0	1512	10	0	726	351
712	369	211	20	463	493	10	0	478	161
713	186	355	25	155	185	10	0	612	14
714	3	15	20	1102	1132	10	0	175	430
715	46	110	-15	0	1500	10	540	0	116
716	349	181	1	0	1528	10	0	371	443
717	102	252	21	110	140	10	0	506	14
718	154	68	-24	739	769	10	593	0	281
719	325	294	-21	1146	1176	10	597	0	326
720	381	290	-23	0	1476	10	123	0	263
721	302	345	9	229	259	10	0	108	40
722	36	203	11	380	410	10	0	626	122
723	81	156	-18	435	465	10	78	0	14
724	100	15	21	316	346	10	0	512	67
725	209	167	17	34	64	10	0	470	14
726	69	82	-8	875	905	10	711	0	351
727	163	264	-19	73	103	10	37	0	9
728	186	145	-13	1490	1520	10	765	0	14
729	140	40	27	1015	1045	10	0	775	437
730	40	336	-4	1205	1235	10	289	0	506
731	231	76	31	816	846	10	0	33	359
732	380	126	31	0	1484	10	0	623	364
733	16	311	-16	293	323	10	572	0	41
734	395	113	9	0	1465	10	0	214	594
735	253	316	21	421	451	10	0	181	161
736	238	124	-30	0	1594	10	157	0	167
737	240	201	-29	754	784	10	704	0	14
738	380	339	10	741	771	10	0	454	271
739	271	371	15	752	782	10	0	462	298
740	155	159	15	60	90	10	0	420	14
741	53	51	18	235	265	0	0	835	27
742	2	200	35	341	371	10	0	445	78
743	164	80	25	1183	1213	10	0	298	543
744	194	43	-4	0	1521	10	302	0	14
745	43	121	-42	985	1015	10	693	0	14
746	2	29	-11	0	1417	10	270	0	14
747	397	73	15	234	264	10	0	547	14
748	7	143	-15	333	363	10	415	0	14
749	37	119	15	526	556	10	0	327	186
750	367	361	-18	487	517	10	539	0	128
751	137	68	25	146	176	10	0	19	14
752	102	149	12	507	537	10	0	763	213
753	306	361	4	705	735	10	0	346	271
754	135	384	13	244	274	10	0	566	39
755	105	360	-23	786	816	10	5	0	14
756	187	23	-19	1003	1033	10	223	0	210
757	56	156	19	683	713	10	0	140	281
758	217	98	19	103	133	10	0	27	14
759	229	371	-2	1013	1043	10	282	0	373
760	399	179	26	448	478	10	0	333	138
761	379	254	3	289	319	10	0	363	66
762	193	29	16	757	787	10	0	584	307
763	88	121	-12	568	598	10	752	0	213
764	344	236	-11	0	1530	10	514	0	361
765	145	165	13	65	95	10	0	728	14
766	11	135	28	259	289	10	0	12	44
767	300	272	-23	693	723	10	259	0	294
768	348	371	23	652	682	0	0	816	227
769	266	8	-23	580	610	10	790	0	169
770	349	135	-23	548	578	10	437	0	193
771	359	31	11	1253	1283	10	0	193	525
772	59	49	-14	0	1472	10	11	0	299
773	0	155	9	205	235	10	0	795	15
774	18	235	-32	218	248	10	8	0	25
775	177	174	-27	0	1644	10	729	0	437
776	213	305	-17	0	1573	10	558	0	225
777	201	242	-33	770	800	10	578	0	343
778	41	399	-14	0	1424	10	696	0	14
779	4	60	-23	240	270	10	542	0	9
780	321	85	16	434	464	10	0	93	148
781	254	0	4	0	1471	10	0	261	625
782	229	105	-27	855	885	10	676	0	14
783	243	215	7	45	75	10	0	598	14
784	231	36	34	0	1512	10	0	110	667
785	278	221	27	902	932	10	0	129	417
786	243	209	11	0	1635	10	0	574	398
787	168	268	-35	1053	1083	10	475	0	496
788	284	311	19	349	379	0	0	829	119
789	231	320	-7	0	1555	10	587	0	202
790	219	49	23	461	491	10	0	769	169
791	234	37	-29	512	542	10	697	0	167
792	259	4	26	606	636	10	0	464	215
793	8	384	24	1011	1041	10	0	551	387
794	243	275	-26	920	950	10	109	0	262
795	13	96	-9	751	781	10	773	0	15
796	246	152	5	601	631	10	0	194	282
797	38	291	8	0	1493	10	0	90	447
798	18	102	18	232	262	10	0	38	27
799	163	364	-18	0	1510	10	62	0	660
800	292	33	13	0	1488	10	0	348	421
801	369	6	-16	547	577	10	30	0	159
802	308	314	-23	0	1521	10	364	0	681
803	279	91	-22	1308	1338	10	304	0	601
804	11	328	-12	767	797	10	389	0	284
805	210	1	-11	0	1479	10	321	0	639
806	225	53	-23	1082	1112	10	107	0	481
807	199	22	-20	0	1500	10	700	0	660
808	388	106	-9	264	294	10	477	0	41
809	384	47	-31	1091	1121	10	705	0	440
810	84	293	-11	556	586	10	166	0	218
811	163	207	-6	1125	1155	10	541	0	558
812	268	223	-20	71	101	10	658	0	14
813	234	73	-8	155	185	10	215	0	26
814	230	234	-11	1561	1591	10	121	0	772
815	42	197	-26	369	399	10	580	0	120
816	348	371	-23	652	682	10	768	0	227
817	300	319	-14	155	185	10	394	0	14
818	82	78	-20	1186	1216	10	468	0	523
819	262	233	-16	0	1608	10	673	0	768
820	349	249	-5	0	1522	10	370	0	682
821	106	302	-3	0	1540	10	515	0	700
822	88	372	-14	354	384	10	272	0	89
823	102	324	-23	491	521	10	290	0	181
824	178	103	-10	0	1579	10	225	0	739
825	232	131	-20	1136	1166	10	58	0	544
826	196	107	-18	1329	1359	10	596	0	632
827	107	98	-21	0	1540	10	659	0	700
828	74	87	-9	1355	1385	10	517	0	607
829	284	311	-19	349	379	10	788	0	119
830	123	176	-6	1170	1200	10	2	0	559
831	343	184	-17	1123	1153	10	579	0	504
832	51	205	-26	0	1529	10	29	0	689
833	246	244	-33	679	709	10	651	0	322
834	194	166	-7	0	1644	10	376	0	804
835	53	51	-18	235	265	10	741	0	27
836	159	79	-15	792	822	10	692	0	347
837	393	246	-14	508	538	10	43	0	169
838	126	208	-26	1370	1400	10	301	0	662
839	74	231	-11	474	504	10	502	0	187
840	362	378	-17	472	502	10	492	0	130

