200	200	1
0	200	200	0	0	1688	0	0	0
1	321	287	-20	543	669	10	417	0	67
2	123	176	-10	1107	1262	10	628	0	395
3	234	20	-17	369	497	10	261	0	151
4	256	385	-17	552	670	10	320	0	68
5	108	399	-8	219	335	10	661	0	47
6	303	258	-24	938	1069	10	197	0	387
7	148	94	-4	798	908	10	584	0	362
8	35	238	32	169	259	10	0	774	44
9	356	223	-28	917	1048	10	478	0	378
10	349	324	33	502	605	10	0	597	205
11	29	9	-14	793	888	10	163	0	46
12	21	82	26	798	915	10	0	142	350
13	146	320	22	433	591	10	0	423	218
14	337	81	22	663	793	10	0	240	305
15	160	313	-11	809	938	10	450	0	335
16	237	243	9	56	171	10	0	532	45
17	343	134	8	953	1095	10	0	414	468
18	13	59	-18	512	636	10	568	0	82
19	123	30	-3	666	759	10	706	0	119
20	156	32	-6	706	905	10	159	0	255
21	361	194	12	372	468	10	0	712	153
22	330	310	11	614	772	10	0	719	300
23	326	335	-11	946	1047	10	343	0	73
24	209	283	24	598	666	10	0	329	291
25	267	221	24	549	654	10	0	786	291
26	57	124	24	161	251	10	0	29	44
27	280	5	-26	982	1080	10	617	0	209
28	92	238	-15	1151	1308	10	119	0	466
29	51	205	-24	1175	1287	10	26	0	44
30	369	6	16	507	618	10	0	325	180
31	131	89	-1	130	268	10	409	0	62
32	359	157	-25	761	888	10	674	0	280
33	195	148	-15	1270	1412	10	467	0	639
34	239	252	-18	1271	1424	10	277	0	339
35	328	8	36	390	531	10	0	112	150
36	162	316	-34	559	663	10	536	0	169
37	184	233	19	36	165	0	0	836	64
38	29	86	28	546	624	10	0	594	209
39	340	276	-39	841	925	10	245	0	166
40	129	53	-39	708	824	10	653	0	111
41	332	124	22	299	399	10	0	436	123
42	55	115	-25	725	871	10	255	0	264
43	393	246	14	451	595	10	0	370	198
44	348	319	-27	264	429	10	668	0	73
45	361	287	13	227	314	10	0	234	65
46	16	114	-4	697	779	10	748	0	122
47	353	65	24	264	378	10	0	521	86
48	73	126	38	373	496	10	0	222	174
49	91	61	-5	1395	1502	10	670	0	124
50	117	148	14	97	199	10	0	169	50
51	60	319	29	183	366	10	0	292	47
52	244	50	-12	921	1018	10	449	0	345
53	79	95	-20	1182	1300	10	591	0	457
54	255	80	11	467	602	10	0	117	234
55	319	115	16	616	743	10	0	600	298
56	35	160	-15	969	1096	10	749	0	216
57	358	309	-20	826	916	10	154	0	226
58	232	131	-29	1090	1211	10	204	0	74
59	161	124	17	620	730	10	0	397	322
60	85	128	18	1270	1335	10	0	314	599
61	211	153	-17	48	142	10	725	0	41
62	152	361	18	971	1117	10	0	391	470
63	327	115	15	273	364	10	0	611	105
64	151	231	10	66	122	10	0	583	32
65	210	294	43	94	209	10	0	282	57
66	264	341	-4	971	1141	10	753	0	299
67	309	53	26	278	406	10	0	345	111
68	108	75	24	155	273	10	0	398	58
69	303	358	37	285	427	10	0	424	119
70	33	226	-29	1152	1262	10	95	0	327
71	378	118	12	687	797	10	0	562	300
72	26	70	-18	860	1013	10	741	0	84
73	45	291	18	179	295	10	0	690	57
74	329	208	-11	1272	1391	10	237	0	247
75	30	39	8	325	440	10	0	229	102
76	78	85	-8	688	824	10	711	0	118
77	4	307	14	1021	1163	10	0	435	469
78	151	188	-17	50	204	10	439	0	52
79	14	53	12	762	878	0	0	805	320
80	125	182	-23	77	205	10	537	0	56
81	232	127	13	79	240	10	0	758	21
82	368	63	22	390	469	10	0	207	126
83	280	224	20	203	280	10	0	120	64
84	348	102	26	345	468	10	0	780	145
85	319	160	26	131	234	10	0	702	54
86	116	102	10	767	890	0	0	832	380
87	192	268	-14	487	590	10	103	0	235
88	220	337	23	268	387	10	0	759	124
89	264	69	-24	613	748	10	268	0	203
90	142	238	-32	1125	1259	10	550	0	360
91	231	229	12	1167	1269	10	0	236	582
92	81	290	-9	341	491	10	357	0	72
93	290	82	-18	859	967	10	486	0	241
94	207	185	-38	1190	1281	10	291	0	175
95	21	255	29	709	843	10	0	70	327
96	353	357	20	219	390	10	0	334	51
97	324	184	25	125	267	10	0	579	70
98	305	255	-13	285	367	10	527	0	87
99	381	27	27	430	525	10	0	285	137
100	137	132	20	148	315	10	0	499	57
101	147	376	36	183	293	0	0	811	54
102	312	247	14	844	951	0	0	831	414
103	163	270	14	517	602	10	0	87	235
104	384	307	7	328	461	10	0	625	124
105	375	294	-2	555	681	10	531	0	69
106	274	247	-37	893	1024	10	598	0	117
107	225	53	-19	1042	1152	10	457	0	227
108	292	392	-8	624	728	10	170	0	88
109	267	321	-12	584	712	10	339	0	68
110	228	96	37	286	388	10	0	622	140
111	334	186	1	134	265	10	0	128	65
112	339	3	-36	755	881	10	35	0	150
113	158	85	-15	892	1004	10	692	0	372
114	75	238	-14	959	1081	10	216	0	241
115	213	216	9	20	151	10	0	662	65
116	122	105	7	136	250	10	0	426	58
117	303	112	-11	833	943	10	54	0	234
118	307	396	28	723	852	0	0	820	314
119	13	220	15	1038	1122	10	0	28	466
120	299	227	-20	102	242	10	83	0	64
121	230	234	-35	1543	1609	10	158	0	60
122	299	399	-14	750	828	10	576	0	78
123	366	340	-18	650	810	10	539	0	156
124	46	197	-35	392	484	10	742	0	114
125	97	387	-5	509	644	10	390	0	170
126	234	7	-8	1054	1208	10	132	0	333
127	327	11	22	563	647	10	0	683	209
128	348	189	-1	233	334	10	111	0	65
129	266	234	-19	852	1003	10	312	0	334
130	184	69	1	494	543	10	0	190	205
131	158	121	17	1046	1195	10	0	287	552
132	206	7	8	758	860	10	0	126	333
133	260	352	-19	349	471	10	511	0	76
134	184	235	-22	1094	1183	10	787	0	526
135	202	6	20	587	715	0	0	840	260
136	325	311	-22	561	694	10	665	0	205
137	143	159	16	70	199	10	0	179	64
138	259	285	14	103	237	10	0	501	66
139	366	97	-30	742	833	10	459	0	272
140	87	147	-17	831	947	10	493	0	38
141	48	304	-21	197	292	10	717	0	48
142	76	72	-26	963	1086	10	12	0	350
143	1	335	12	240	391	10	0	543	75
144	157	220	-41	1322	1460	10	519	0	253
145	400	373	7	264	384	10	0	271	59
146	123	159	-25	1264	1395	10	723	0	189
147	377	144	23	417	547	10	0	760	153
148	200	144	12	56	194	10	0	224	69
149	52	94	-16	1088	1226	10	210	0	470
150	140	344	-16	1253	1353	10	621	0	418
151	390	376	-17	406	549	10	492	0	135
152	206	286	19	455	548	10	0	698	230
153	208	86	-5	908	1038	10	695	0	385
154	384	294	20	484	660	10	0	57	226
155	315	237	33	473	597	10	0	226	238
156	392	14	1	978	1103	10	0	443	417
157	269	203	30	325	455	10	0	560	192
158	248	286	35	98	220	10	0	121	60
159	168	15	6	576	698	10	0	20	255
160	391	42	44	927	1032	0	0	802	392
161	92	384	-3	346	490	10	515	0	57
162	344	154	-23	936	1091	10	437	0	219
163	59	51	14	205	299	10	0	11	46
164	100	10	-17	248	353	10	248	0	62
165	250	340	21	148	279	10	0	472	65
166	84	293	11	516	626	10	0	178	194
167	66	118	27	536	624	10	0	542	233
168	98	107	17	876	1023	10	0	667	442
169	103	154	-14	1044	1197	10	50	0	50
170	243	287	8	97	275	10	0	108	88
171	362	383	21	244	328	10	0	768	41
172	70	81	9	845	939	0	0	813	381
173	230	266	-9	789	937	10	446	0	47
174	148	71	-4	759	901	10	302	0	63
175	6	62	-5	858	966	10	311	0	340
176	165	335	3	591	735	10	0	425	297
177	313	64	29	351	484	10	0	235	153
178	80	282	-11	514	559	10	166	0	194
179	73	124	-16	500	636	10	137	0	64
180	59	89	-23	729	840	10	672	0	124
181	279	337	5	550	686	10	0	252	263
182	330	353	-14	1139	1264	10	671	0	340
183	201	195	12	5	138	10	0	184	66
184	125	175	-12	121	233	10	183	0	66
185	52	251	8	156	294	10	0	563	68
186	52	301	-26	882	997	10	582	0	367
187	192	200	22	8	117	10	0	279	54
188	136	373	-16	548	710	10	196	0	207
189	357	202	5	419	610	10	0	306	226
190	203	40	-1	756	857	10	130	0	205
191	36	288	-18	883	1060	10	507	0	347
192	348	343	12	318	391	10	0	231	92
193	359	42	10	796	918	10	0	669	346
194	248	124	19	580	779	10	0	505	344
195	218	134	-2	1226	1354	10	266	0	46
196	142	385	16	476	609	10	0	188	207
197	299	270	24	799	896	10	0	6	387
198	40	314	-10	667	812	10	733	0	79
199	66	5	3	1084	1216	10	0	595	489
200	248	126	-18	585	749	10	686	0	215
201	54	341	-26	268	378	10	727	0	60
202	101	99	12	1269	1386	0	0	803	622
203	355	41	-9	812	897	10	477	0	108
204	186	179	29	25	175	10	0	58	74
205	55	346	13	405	510	10	0	650	138
206	282	252	-20	811	955	10	658	0	64
207	377	72	-22	1276	1371	10	82	0	126
208	135	161	-15	1326	1404	10	763	0	252
209	85	61	20	180	266	10	0	556	42
210	19	61	16	1088	1246	10	0	149	470
211	279	262	19	100	201	10	0	794	50
212	87	164	11	604	749	10	0	453	295
213	80	392	16	498	603	10	0	566	188
214	384	72	21	923	1094	0	0	801	434
215	234	73	8	131	304	10	0	769	86
216	68	250	14	533	624	10	0	114	241
217	192	151	22	536	661	10	0	258	305
218	47	190	-3	591	701	10	293	0	102
219	193	390	-26	981	1119	10	548	0	435
220	184	282	19	83	139	10	0	636	27
221	310	363	-22	1012	1137	10	750	0	166
222	86	112	-38	655	801	10	48	0	174
223	223	41	19	506	626	10	0	703	232
224	165	126	-12	1190	1324	10	148	0	69
225	178	103	-9	601	664	10	395	0	274
226	285	184	-33	974	1115	10	155	0	238
227	26	326	-10	595	701	10	429	0	161
228	8	68	-29	615	721	10	779	0	74
229	2	52	-8	619	765	10	75	0	102
230	361	236	13	164	292	10	0	233	60
231	287	279	-12	1167	1256	10	192	0	92
232	199	45	26	732	877	10	0	762	311
233	384	248	-13	190	321	10	230	0	60
234	397	283	-13	343	510	10	45	0	65
235	326	79	-29	772	870	10	177	0	153
236	217	211	-12	1149	1241	10	91	0	582
237	364	213	11	527	659	10	0	74	247
238	124	179	-24	675	792	10	452	0	226
239	168	223	19	39	208	10	0	375	84
240	341	78	-22	772	918	10	14	0	305
241	166	357	21	1171	1285	10	0	458	562
242	73	292	8	156	311	10	0	643	77
243	160	62	-25	655	793	10	751	0	65
244	190	27	10	335	527	10	0	729	176
245	340	290	39	432	499	10	0	39	166
246	180	15	7	828	952	10	0	756	382
247	147	210	-33	53	157	10	578	0	40
248	102	42	17	185	365	10	0	164	62
249	8	363	39	831	957	10	0	730	352
250	250	183	-33	970	1103	10	651	0	347
251	193	18	22	398	503	10	0	464	160
252	287	343	-5	649	821	10	181	0	263
253	17	348	-18	376	530	10	627	0	53
254	96	22	-21	782	881	10	400	0	261
255	46	102	25	525	712	10	0	42	264
256	371	396	-7	530	702	10	587	0	213
257	365	303	-22	848	986	10	516	0	351
258	196	129	-22	730	833	10	217	0	305
259	278	265	23	626	701	0	0	838	299
260	367	300	16	397	531	10	0	720	151
261	226	52	17	436	584	10	0	3	151
262	37	397	50	767	913	10	0	699	321
263	40	31	-15	526	656	10	540	0	138
264	332	216	-4	418	506	10	318	0	170
265	96	209	28	104	223	10	0	300	59
266	179	175	2	32	125	10	0	195	46
267	195	121	-10	834	938	10	775	0	62
268	251	70	24	399	546	10	0	89	203
269	285	287	-19	704	816	10	788	0	144
270	2	17	11	269	376	10	0	746	53
271	362	399	-7	843	968	10	145	0	59
272	88	372	14	308	430	10	0	367	112
273	231	6	-12	673	759	10	791	0	201
274	194	121	21	1237	1338	10	0	728	629
275	350	207	16	332	453	10	0	535	151
276	302	274	15	273	341	10	0	577	107
277	241	275	18	657	765	10	0	34	339
278	350	131	12	746	887	10	0	656	360
279	175	192	-22	874	1004	10	187	0	54
280	397	261	16	533	666	10	0	514	229
281	32	163	-20	200	268	10	645	0	38
282	205	372	-43	852	956	10	65	0	57
283	75	89	-21	753	929	10	659	0	63
284	397	362	15	255	374	10	0	350	59
285	370	57	-27	1058	1208	10	99	0	137
286	316	327	-17	732	824	10	379	0	213
287	177	139	-17	1494	1613	10	131	0	552
288	317	68	-13	1123	1227	10	407	0	390
289	50	315	-19	616	670	10	354	0	99
290	102	324	23	446	566	10	0	295	203
291	236	38	38	379	516	10	0	94	175
292	79	344	-29	188	320	10	51	0	47
293	10	202	3	286	396	10	0	218	102
294	74	283	5	1033	1168	0	0	814	508
295	72	315	-23	630	763	10	290	0	203
296	197	200	15	3	110	10	0	497	53
297	395	340	24	240	381	10	0	533	51
298	166	115	13	1211	1317	10	0	596	612
299	362	115	-12	1012	1141	10	308	0	467
300	84	206	-28	525	659	10	265	0	59
301	126	208	-21	1340	1429	10	639	0	68
302	179	125	4	77	204	10	0	174	63
303	78	261	32	136	278	10	0	589	52
304	279	91	22	1264	1383	0	0	821	624
305	16	294	21	337	448	10	0	797	120
306	368	215	-5	663	821	10	189	0	226
307	5	345	14	1142	1309	0	0	818	532
308	369	118	12	1003	1130	10	0	299	467
309	172	109	13	95	224	10	0	697	64
310	208	20	-20	530	702	10	700	0	179
311	9	47	5	811	925	10	0	175	340
312	358	261	19	691	838	10	0	129	334
313	376	19	-11	1244	1347	10	654	0	448
314	159	164	-18	1267	1436	10	60	0	599
315	176	154	15	51	192	10	0	632	70
316	8	119	11	808	899	10	0	327	345
317	308	217	-16	923	1092	10	644	0	136
318	308	178	4	353	474	10	0	264	170
319	117	395	-13	371	462	10	754	0	62
320	251	381	17	240	326	10	0	4	68
321	210	1	11	940	1089	10	0	784	437
322	30	349	9	654	731	10	0	389	252
323	309	279	19	134	267	10	0	694	47
324	133	375	21	634	696	10	0	410	254
325	381	12	-16	543	668	10	30	0	180
326	103	95	26	549	673	10	0	593	265
327	17	99	-11	980	1063	10	316	0	345
328	377	29	-18	714	810	10	708	0	56
329	237	259	-24	1157	1221	10	24	0	291
330	49	222	-32	1093	1191	10	421	0	117
331	296	156	17	105	181	10	0	605	37
332	153	224	15	731	868	10	0	349	407
333	382	169	-25	628	719	10	442	0	158
334	371	349	-20	226	352	10	96	0	51
335	265	127	35	97	235	10	0	396	68
336	159	11	-20	1162	1244	10	360	0	68
337	354	199	27	1253	1337	0	0	819	591
338	244	285	-21	1289	1377	10	648	0	170
339	220	238	12	42	179	10	0	109	68
340	285	107	-13	442	589	10	518	0	64
341	337	248	-7	448	536	10	783	0	46
342	377	282	20	340	466	10	0	381	135
343	310	340	11	178	325	10	0	23	73
344	74	213	33	384	515	10	0	441	194
345	309	18	-26	323	499	10	67	0	111
346	304	319	-21	827	925	10	735	0	175
347	44	277	-18	492	605	10	473	0	187
348	378	30	-31	1042	1187	10	705	0	459
349	160	222	-15	1248	1370	10	332	0	407
350	381	375	-15	1044	1129	10	284	0	59
351	209	208	8	12	131	10	0	431	47
352	285	136	11	1049	1158	0	0	810	525
353	194	65	16	344	459	10	0	420	161
354	13	322	19	342	423	10	0	289	99
355	91	388	2	217	329	0	0	826	55
356	107	159	33	1005	1088	0	0	834	493
357	110	241	9	98	244	10	0	92	72
358	92	68	19	673	798	10	0	581	313
359	291	398	16	489	603	10	0	739	192
360	200	48	20	181	289	10	0	336	68
361	267	295	20	683	810	10	0	575	346
362	191	167	-19	891	1043	10	483	0	485
363	393	256	13	327	481	10	0	447	140
364	308	314	23	615	695	10	0	555	268
365	371	111	3	211	318	10	0	526	62
366	300	64	-4	1110	1235	10	781	0	270
367	108	395	-14	526	650	10	272	0	112
368	338	315	9	928	1007	10	0	454	413
369	343	335	-10	819	917	10	738	0	291
370	349	249	-14	832	938	10	43	0	198
371	294	184	-20	999	1176	10	588	0	67
372	347	59	23	427	545	10	0	434	170
373	12	368	-18	748	825	10	640	0	110
374	119	286	-39	797	890	10	647	0	37
375	105	254	-19	353	494	10	239	0	84
376	194	166	7	638	769	10	0	574	367
377	309	274	-12	276	436	10	481	0	32
378	304	395	-9	488	600	10	721	0	69
379	326	374	17	543	642	10	0	286	213
380	277	143	12	587	731	10	0	736	266
381	338	290	-20	613	717	10	342	0	135
382	98	375	29	202	282	10	0	590	34
383	286	308	3	571	713	10	0	682	232
384	145	301	8	115	281	10	0	799	82
385	2	3	-10	768	851	10	545	0	81
386	110	351	21	175	261	10	0	474	42
387	74	351	32	927	1022	10	0	569	412
388	201	255	16	55	202	10	0	462	73
389	11	328	-9	716	849	10	322	0	252
390	95	391	5	418	558	10	0	125	170
391	161	346	-18	1006	1137	10	62	0	470
392	338	5	23	987	1076	10	0	416	418
393	376	205	4	427	509	0	0	823	166
394	300	319	14	155	305	10	0	422	54
395	170	114	9	598	706	10	0	225	274
396	273	118	-35	109	284	10	335	0	68
397	97	105	-17	890	1028	10	59	0	322
398	168	87	-24	889	975	10	68	0	58
399	206	106	-18	232	375	10	684	0	77
400	93	31	21	623	723	10	0	254	261
401	37	21	-15	846	1001	10	500	0	97
402	162	94	11	112	195	10	0	603	41
403	96	162	-19	865	989	10	757	0	315
404	66	144	29	145	257	10	0	715	55
405	52	194	9	518	609	10	0	629	230
406	395	167	-3	926	1065	10	573	0	172
407	384	53	13	912	1017	10	0	288	390
408	237	200	17	37	100	10	0	538	31
409	162	121	1	87	238	10	0	31	62
410	138	306	-21	810	948	10	324	0	254
411	345	195	-4	900	994	10	638	0	352
412	68	143	-42	1207	1333	10	693	0	38
413	56	292	-36	446	596	10	606	0	66
414	303	142	-8	1021	1163	10	17	0	468
415	40	153	15	166	318	10	0	745	75
416	338	14	-23	1137	1296	10	392	0	418
417	368	278	20	191	321	10	0	1	67
418	68	386	16	243	405	10	0	778	43
419	369	171	23	171	257	10	0	513	42
420	201	6	-16	532	669	10	353	0	161
421	5	266	32	324	441	10	0	330	117
422	311	344	-14	181	302	10	394	0	54
423	131	275	-22	462	626	10	13	0	218
424	247	377	-37	1187	1273	10	69	0	119
425	174	326	-3	914	1026	10	176	0	297
426	6	20	-7	264	394	10	116	0	58
427	353	3	20	249	311	10	0	771	30
428	352	383	16	762	864	0	0	806	313
429	23	317	10	401	536	10	0	227	161
430	221	225	16	32	186	10	0	789	76
431	278	289	-8	118	223	10	351	0	47
432	380	390	36	261	365	10	0	664	51
433	175	304	24	106	202	10	0	558	47
434	348	41	-23	621	724	10	372	0	170
435	26	275	-14	1076	1218	10	77	0	469
436	306	85	-22	1102	1216	10	41	0	123
437	357	147	23	487	604	10	0	162	219
438	188	67	-26	996	1133	10	744	0	327
439	166	185	17	37	143	10	0	78	52
440	90	311	-19	632	736	10	689	0	248
441	26	199	-33	742	903	10	344	0	194
442	342	154	25	363	466	10	0	333	158
443	357	38	-1	1061	1178	10	156	0	417
444	154	41	-15	1240	1361	10	701	0	532
445	26	247	31	314	491	10	0	649	155
446	215	260	9	61	156	10	0	173	47
447	391	260	-13	555	682	10	363	0	140
448	244	135	-5	641	732	10	796	0	292
449	236	44	12	726	851	10	0	52	345
450	142	379	11	729	862	10	0	15	335
451	157	378	-25	876	987	10	713	0	57
452	120	170	24	406	539	10	0	238	226
453	94	165	-11	602	726	10	212	0	295
454	356	299	-9	1008	1124	10	368	0	413
455	78	194	-11	898	1009	10	722	0	131
456	162	251	21	63	195	10	0	777	65
457	196	51	19	486	604	10	0	107	227
458	146	324	-21	1360	1494	10	241	0	562
459	340	79	30	638	731	10	0	139	272
460	273	182	-15	825	905	10	767	0	331
461	311	356	9	191	296	10	0	657	52
462	213	332	-16	620	845	10	388	0	73
463	289	234	33	95	198	10	0	613	51
464	166	19	-22	1159	1270	10	251	0	160
465	274	7	-8	293	396	10	624	0	52
466	174	329	-20	673	757	10	504	0	79
467	243	140	15	1220	1357	10	0	33	639
468	82	78	20	1137	1264	10	0	517	547
469	41	183	-13	1128	1256	10	765	0	77
470	325	45	8	521	687	10	0	614	243
471	65	335	-3	273	415	10	685	0	43
472	226	378	-21	326	422	10	165	0	65
473	44	296	18	438	559	10	0	347	187
474	103	361	-21	408	542	10	386	0	42
475	169	235	35	46	182	10	0	586	67
476	41	337	-24	612	756	10	637	0	94
477	388	106	9	210	428	10	0	203	108
478	350	214	28	762	908	10	0	9	378
479	325	130	19	990	1116	10	0	534	486
480	339	69	26	908	1054	10	0	623	399
481	279	247	12	91	157	10	0	377	32
482	236	119	-26	1283	1447	10	782	0	415
483	170	176	19	963	1099	10	0	362	485
484	246	247	21	617	771	10	0	737	352
485	388	275	21	867	1017	10	0	764	356
486	286	44	18	500	661	10	0	93	241
487	100	218	31	101	255	10	0	678	76
488	336	386	-26	654	830	10	496	0	164
489	186	75	35	738	851	10	0	524	361
490	76	90	2	704	820	10	0	663	327
491	52	343	18	353	531	10	0	620	162
492	362	378	17	440	534	10	0	151	135
493	138	143	17	84	162	10	0	140	38
494	169	352	7	220	307	10	0	553	43
495	352	303	8	1047	1127	0	0	822	471
496	343	359	26	400	543	10	0	488	164
497	92	255	-15	369	508	10	296	0	53
498	338	150	-28	691	876	10	770	0	235
499	125	122	-20	108	234	10	100	0	57
500	58	98	15	187	369	10	0	401	97
501	308	327	-14	329	478	10	138	0	66
502	74	231	11	465	512	10	0	572	191
503	330	76	10	854	1032	10	0	510	426
504	165	264	20	72	231	10	0	466	79
505	214	119	-19	964	1096	10	194	0	344
506	94	268	25	332	428	10	0	709	151
507	11	274	18	733	898	10	0	191	347
508	54	108	17	223	340	10	0	687	83
509	68	215	19	942	1030	10	0	541	448
510	334	100	-10	1101	1203	10	503	0	426
511	256	356	19	165	318	10	0	133	76
512	115	51	18	791	936	0	0	812	382
513	391	136	-23	201	394	10	419	0	42
514	387	267	-16	833	980	10	280	0	229
515	106	302	3	138	253	10	0	161	57
516	398	325	22	823	957	10	0	257	351
517	74	87	-20	1308	1431	10	468	0	547
518	294	118	13	124	254	10	0	340	64
519	142	262	41	463	591	10	0	144	253
520	380	145	31	465	610	10	0	618	183
521	364	55	-24	304	406	10	47	0	86
522	379	126	-24	869	893	10	547	0	305
523	12	40	20	556	703	10	0	616	228
524	177	77	-35	760	868	10	489	0	361
525	185	180	22	1566	1653	0	0	839	814
526	382	49	-3	820	962	10	365	0	62
527	314	257	13	127	303	10	0	98	87
528	271	116	-27	875	973	10	676	0	67
529	336	201	-23	750	921	10	688	0	387
530	341	33	27	233	356	0	0	807	68
531	344	321	2	211	327	10	0	105	69
532	276	298	-9	124	226	10	16	0	45
533	371	386	-24	274	405	10	297	0	51
534	319	113	-19	1108	1257	10	479	0	486
535	362	207	-16	734	887	10	275	0	151
536	146	301	34	283	454	10	0	36	169
537	146	174	23	59	172	10	0	80	56
538	247	212	-17	102	273	10	408	0	31
539	356	315	18	366	506	10	0	123	156
540	43	67	15	362	483	10	0	263	138
541	163	207	-19	1081	1199	10	509	0	448
542	32	78	-27	613	714	10	167	0	233
543	55	341	-12	651	730	10	143	0	75
544	117	381	-25	561	713	10	551	0	111
545	39	34	10	231	394	10	0	385	81
546	277	163	-18	520	692	10	602	0	52
547	397	133	24	692	820	10	0	522	305
548	180	359	26	880	1032	10	0	219	435
549	266	13	17	634	755	0	0	815	278
550	48	358	32	841	941	10	0	90	360
551	87	378	25	331	434	10	0	544	111
552	41	93	-3	952	1065	10	557	0	42
553	173	384	-7	185	284	10	494	0	43
554	320	211	6	120	195	10	0	570	37
555	291	304	-23	1020	1087	10	364	0	268
556	108	48	-20	797	896	10	209	0	42
557	102	84	3	151	237	10	0	552	42
558	138	326	-24	523	628	10	433	0	47
559	244	176	24	50	173	10	0	567	61
560	287	225	-30	686	835	10	157	0	192
561	324	194	18	1018	1143	0	0	828	509
562	400	109	-12	818	907	10	71	0	300
563	136	226	-8	960	1066	10	185	0	68
564	5	344	-14	1211	1337	10	696	0	65
565	374	175	-1	299	418	10	716	0	116
566	122	397	-16	504	679	10	213	0	188
567	310	163	-24	655	760	10	559	0	61
568	24	57	18	226	392	10	0	18	82
569	77	319	-32	1181	1326	10	387	0	412
570	398	258	-6	567	659	10	554	0	37
571	111	4	-21	468	582	10	724	0	95
572	70	231	-11	1067	1157	10	502	0	191
573	389	171	3	397	536	10	0	406	172
574	212	197	-7	793	945	10	376	0	367
575	246	298	-20	931	1011	10	361	0	346
576	299	351	14	180	338	10	0	122	78
577	305	257	-15	601	668	10	276	0	107
578	153	222	33	51	142	10	0	247	40
579	343	184	-25	1079	1197	10	97	0	70
580	42	197	26	358	409	0	0	827	125
581	131	82	-19	880	942	10	358	0	313
582	41	340	26	809	947	10	0	186	367
583	85	256	-10	949	1089	10	64	0	32
584	196	77	4	785	901	10	0	7	362
585	156	4	25	200	271	0	0	833	35
586	202	158	-35	1116	1230	10	475	0	67
587	372	382	7	547	734	10	0	256	213
588	234	214	20	36	172	10	0	371	67
589	67	318	-32	212	309	10	303	0	52
590	57	381	-29	230	323	10	382	0	34
591	118	122	20	903	1028	10	0	53	457
592	178	353	-3	919	1026	10	652	0	76
593	114	88	-26	645	733	10	326	0	265
594	51	64	-28	750	871	10	38	0	209
595	73	4	-3	1342	1445	10	199	0	489
596	196	107	-13	1274	1415	10	298	0	612
597	343	322	-33	781	872	10	10	0	205
598	297	240	37	211	339	10	0	106	117
599	262	212	-27	1100	1181	10	785	0	439
600	279	148	-16	1392	1543	10	55	0	298
601	316	112	-14	922	1036	10	679	0	290
602	231	182	18	35	140	10	0	546	52
603	183	71	-11	718	841	10	402	0	41
604	257	98	8	279	427	10	0	790	155
605	326	156	-17	238	375	10	331	0	37
606	48	278	36	170	303	10	0	413	66
607	113	80	19	148	292	10	0	609	71
608	323	218	-29	767	903	10	680	0	54
609	126	90	-19	840	921	10	607	0	71
610	238	119	-26	616	761	10	615	0	313
611	334	92	-15	429	488	10	63	0	105
612	228	341	-31	942	1102	10	681	0	196
613	294	249	-33	435	538	10	463	0	51
614	384	64	-8	1055	1106	10	470	0	243
615	233	100	26	661	741	10	0	610	313
616	15	4	-20	665	763	10	523	0	228
617	294	13	26	576	628	10	0	27	209
618	381	144	-31	443	566	10	520	0	183
619	193	216	-10	1181	1311	10	755	0	336
620	68	378	-18	630	763	10	491	0	162
621	102	377	16	959	1040	10	0	150	418
622	220	71	-37	613	769	10	110	0	140
623	338	106	-26	894	1038	10	480	0	399
624	262	30	8	180	285	10	0	465	52
625	394	299	-7	768	849	10	104	0	124
626	63	166	4	965	1057	0	0	816	457
627	38	366	18	231	338	10	0	253	53
628	45	85	10	876	985	10	0	2	395
629	116	195	-9	997	1165	10	405	0	230
630	390	357	13	965	1148	0	0	804	450
631	328	39	11	723	819	10	0	691	306
632	171	168	-15	1308	1429	10	315	0	70
633	246	47	18	1094	1177	0	0	835	508
634	4	280	18	211	332	0	0	808	60
635	256	145	12	1069	1249	0	0	824	585
636	153	315	-19	124	227	10	220	0	27
637	8	285	24	278	399	10	0	476	94
638	351	199	4	757	857	10	0	411	352
639	111	286	21	123	261	10	0	301	68
640	34	371	18	331	459	10	0	373	110
641	230	139	14	1262	1363	0	0	837	647
642	59	285	-16	1107	1216	10	675	0	317
643	93	283	-8	283	409	10	242	0	77
644	317	240	16	242	396	10	0	317	136
645	49	187	20	151	285	10	0	281	38
646	374	163	29	274	387	10	0	734	104
647	134	320	39	149	211	10	0	374	37
648	262	390	21	442	541	10	0	338	170
649	26	260	-31	577	712	10	445	0	155
650	80	365	-13	404	525	10	205	0	138
651	246	244	33	629	759	10	0	250	347
652	192	291	3	91	245	10	0	592	76
653	173	72	39	225	354	10	0	40	111
654	364	23	11	1023	1138	10	0	313	448
655	31	360	23	232	377	10	0	793	72
656	321	144	-12	1032	1126	10	278	0	360
657	296	388	-9	211	360	10	461	0	52
658	268	223	20	71	200	10	0	206	64
659	107	98	21	138	266	10	0	283	63
660	32	229	7	1005	1133	10	0	710	477
661	140	387	8	196	352	10	0	5	47
662	302	300	-9	793	901	10	115	0	65
663	56	97	-2	892	1020	10	490	0	327
664	359	389	-36	998	1140	10	432	0	51
665	320	373	22	488	645	10	0	136	205
666	140	131	34	836	953	0	0	825	430
667	102	118	-17	1120	1248	10	168	0	442
668	330	313	27	172	320	10	0	44	73
669	344	72	-10	1029	1130	10	193	0	346
670	37	106	5	309	437	10	0	49	124
671	316	383	14	765	897	10	0	182	340
672	75	76	23	262	426	10	0	180	124
673	262	233	16	1050	1199	0	0	829	564
674	320	166	25	515	686	10	0	32	280
675	36	286	16	734	821	10	0	642	317
676	236	171	27	46	181	10	0	528	67
677	177	55	-20	731	810	10	718	0	316
678	91	233	-31	439	524	10	487	0	76
679	244	56	14	623	731	10	0	601	290
680	317	183	29	118	228	10	0	608	54
681	192	332	31	381	526	10	0	612	196
682	299	308	-3	530	627	10	383	0	232
683	350	18	-22	1066	1236	10	127	0	209
684	196	138	18	62	217	10	0	399	77
685	110	290	3	127	214	10	0	471	43
686	297	137	18	399	547	10	0	200	215
687	35	79	-17	385	490	10	508	0	83
688	335	202	23	774	915	10	0	529	387
689	85	333	19	510	673	10	0	440	248
690	18	294	-18	435	570	10	73	0	57
691	320	24	-11	938	1108	10	631	0	306
692	159	79	15	742	872	10	0	113	372
693	13	167	42	189	266	10	0	412	38
694	322	281	-19	146	252	10	323	0	47
695	150	49	5	794	931	10	0	153	385
696	26	372	14	244	375	10	0	564	65
697	168	100	-13	606	689	10	309	0	64
698	236	260	-19	1062	1205	10	152	0	230
699	50	385	-50	750	926	10	262	0	321
700	199	22	20	399	538	10	0	310	179
701	143	20	15	1211	1254	10	0	444	532
702	352	156	-26	854	971	10	85	0	54
703	220	38	-19	544	646	10	223	0	232
704	213	280	29	81	200	10	0	776	59
705	384	47	31	1039	1173	10	0	348	459
706	101	8	3	348	456	10	0	19	119
707	3	2	16	917	1025	10	0	714	372
708	396	106	18	241	330	10	0	328	56
709	124	221	-25	943	1094	10	506	0	151
710	84	221	-7	1046	1189	10	660	0	477
711	92	73	8	301	404	10	0	76	118
712	369	211	-12	428	527	10	21	0	153
713	186	355	25	155	270	10	0	451	57
714	3	15	-16	1062	1171	10	707	0	372
715	46	110	-29	510	645	10	404	0	55
716	349	181	1	221	386	10	0	565	116
717	102	252	21	110	221	10	0	141	48
718	154	68	20	694	814	10	0	677	316
719	325	294	-11	1114	1207	10	22	0	300
720	381	290	-16	444	524	10	260	0	151
721	302	345	9	177	316	10	0	378	69
722	36	203	11	363	428	10	0	455	131
723	81	156	25	395	506	10	0	146	189
724	100	15	21	260	401	10	0	571	95
725	209	167	17	34	144	10	0	61	41
726	69	82	-19	838	942	10	795	0	298
727	163	264	26	73	195	10	0	201	60
728	186	145	-21	1448	1563	10	274	0	629
729	140	40	-10	958	1103	10	244	0	176
730	40	336	-39	1174	1267	10	249	0	352
731	231	76	31	786	876	0	0	830	374
732	380	126	31	194	365	10	0	747	36
733	16	311	10	242	374	10	0	198	79
734	395	113	-29	544	646	10	646	0	104
735	253	316	21	393	478	10	0	346	175
736	238	124	-12	502	682	10	380	0	266
737	240	201	-21	709	828	10	484	0	352
738	380	339	10	701	811	10	0	369	291
739	271	371	-16	716	818	10	359	0	192
740	155	159	15	60	208	10	0	752	73
741	53	51	18	209	378	10	0	72	84
742	2	200	35	286	427	10	0	124	114
743	164	80	25	1134	1263	0	0	809	568
744	194	43	26	668	812	10	0	438	327
745	43	121	-15	948	1051	10	415	0	75
746	2	29	-11	1282	1417	10	270	0	53
747	397	73	-31	234	333	10	732	0	36
748	7	143	4	250	446	10	0	46	122
749	37	119	15	467	615	10	0	56	216
750	367	361	22	441	564	10	0	221	166
751	137	68	25	146	277	10	0	243	65
752	102	149	-15	465	579	10	740	0	73
753	306	361	4	649	792	10	0	66	299
754	135	384	13	197	320	10	0	319	62
755	105	360	10	741	860	10	0	619	336
756	187	23	-7	962	1075	10	246	0	382
757	56	156	19	613	782	10	0	403	315
758	217	98	-13	103	165	10	81	0	21
759	229	371	-23	964	1091	10	88	0	124
760	399	179	-23	383	543	10	147	0	153
761	379	254	3	220	388	0	0	817	100
762	193	29	-26	738	806	10	232	0	311
763	88	121	15	524	642	10	0	208	252
764	344	236	-21	813	985	10	485	0	356
765	145	165	13	65	220	10	0	469	77
766	11	135	-9	199	348	10	773	0	55
767	300	272	15	628	787	10	0	460	331
768	348	371	-21	621	713	10	171	0	41
769	266	8	-8	535	655	10	215	0	86
770	349	135	28	491	634	10	0	498	235
771	359	31	-20	1209	1328	10	427	0	30
772	59	49	-18	400	447	10	798	0	71
773	0	155	9	205	338	10	0	766	55
774	18	235	-32	185	307	10	8	0	44
775	177	174	10	34	159	10	0	267	62
776	213	305	-29	459	551	10	704	0	59
777	201	242	-21	725	845	10	456	0	65
778	41	399	-16	254	356	10	418	0	43
779	4	60	29	240	390	10	0	228	74
780	321	85	-26	383	515	10	84	0	145
781	254	0	4	627	748	10	0	366	270
782	229	105	26	811	930	10	0	482	415
783	243	215	7	45	138	10	0	341	46
784	231	36	-11	965	1126	10	321	0	437
785	278	221	27	874	960	10	0	599	439
786	243	209	-24	1331	1458	10	25	0	291
787	168	268	22	1008	1128	10	0	134	526
788	284	311	19	300	429	10	0	269	144
789	231	320	-16	123	294	10	430	0	76
790	219	49	-8	416	537	10	604	0	155
791	234	37	12	486	569	10	0	273	201
792	259	4	26	581	661	10	0	800	228
793	8	384	-23	973	1079	10	655	0	72
794	243	275	-19	865	1004	10	211	0	50
795	13	96	19	722	811	10	0	726	298
796	246	152	5	581	651	10	0	448	292
797	38	291	-21	463	585	10	305	0	120
798	18	102	18	206	350	10	0	772	71
799	163	364	-8	761	844	10	384	0	82
800	292	33	-26	893	1024	10	792	0	228
801	384	72	-21	923	1094	10	214	0	434
802	391	42	-44	927	1032	10	160	0	392
803	101	99	-12	1269	1386	10	202	0	622
804	390	357	-13	965	1148	10	630	0	450
805	14	53	-12	762	878	10	79	0	320
806	352	383	-16	762	864	10	428	0	313
807	341	33	-27	233	356	10	530	0	68
808	4	280	-18	211	332	10	634	0	60
809	164	80	-25	1134	1263	10	743	0	568
810	285	136	-11	1049	1158	10	352	0	525
811	147	376	-36	183	293	10	101	0	54
812	115	51	-18	791	936	10	512	0	382
813	70	81	-9	845	939	10	172	0	381
814	74	283	-5	1033	1168	10	294	0	508
815	266	13	-17	634	755	10	549	0	278
816	63	166	-4	965	1057	10	626	0	457
817	379	254	-3	220	388	10	761	0	100
818	5	345	-14	1142	1309	10	307	0	532
819	354	199	-27	1253	1337	10	337	0	591
820	307	396	-28	723	852	10	118	0	314
821	279	91	-22	1264	1383	10	304	0	624
822	352	303	-8	1047	1127	10	495	0	471
823	376	205	-4	427	509	10	393	0	166
824	256	145	-12	1069	1249	10	635	0	585
825	140	131	-34	836	953	10	666	0	430
826	91	388	-2	217	329	10	355	0	55
827	42	197	-26	358	409	10	580	0	125
828	324	194	-18	1018	1143	10	561	0	509
829	262	233	-16	1050	1199	10	673	0	564
830	231	76	-31	786	876	10	731	0	374
831	312	247	-14	844	951	10	102	0	414
832	116	102	-10	767	890	10	86	0	380
833	156	4	-25	200	271	10	585	0	35
834	107	159	-33	1005	1088	10	356	0	493
835	246	47	-18	1094	1177	10	633	0	508
836	184	233	-19	36	165	10	37	0	64
837	230	139	-14	1262	1363	10	641	0	647
838	278	265	-23	626	701	10	259	0	299
839	185	180	-22	1566	1653	10	525	0	814
840	202	6	-20	587	715	10	135	0	260

