200	200	1
0	200	200	0	0	1688	0	0	0
1	321	287	-15	591	621	10	276	0	0
2	123	176	-36	0	1598	10	238	0	669
3	234	20	15	0	1495	10	0	781	0
4	256	385	-2	0	1485	10	282	0	0
5	108	399	-5	0	1459	10	390	0	1215
6	303	258	-16	0	1560	10	644	0	0
7	148	94	23	838	868	10	0	224	749
8	35	238	32	191	221	10	0	774	51
9	356	223	28	0	1521	10	0	608	0
10	349	324	33	538	568	10	0	555	374
11	29	9	-16	0	1422	10	707	0	0
12	21	82	-23	0	1464	10	175	0	0
13	146	320	22	0	1547	10	0	647	0
14	337	81	22	0	1497	10	0	611	0
15	160	313	8	0	1559	10	0	410	0
16	237	243	-11	0	1622	10	329	0	0
17	343	134	8	1009	1039	0	0	838	0
18	13	59	13	0	1444	10	0	628	0
19	123	30	12	0	1492	0	0	828	0
20	156	32	34	0	1505	10	0	246	691
21	361	194	12	0	1517	10	0	646	0
22	330	310	-17	0	1508	10	662	0	0
23	326	335	11	0	1494	10	0	532	0
24	209	283	-12	0	1595	10	339	0	0
25	267	221	-8	587	617	10	351	0	0
26	57	124	24	0	1517	10	0	140	0
27	280	5	-8	0	1468	10	624	0	0
28	92	238	-36	1214	1244	10	606	0	0
29	51	205	26	0	1529	10	0	742	0
30	369	6	16	0	1421	10	0	683	0
31	131	89	26	140	170	10	0	609	39
32	359	157	-18	0	1514	10	371	0	0
33	195	148	-15	1326	1356	10	296	0	0
34	239	252	-31	1332	1362	10	794	0	0
35	328	8	-22	0	1448	10	127	0	0
36	162	316	30	0	1556	10	0	636	0
37	184	233	-14	0	1642	10	103	0	1510
38	29	86	-1	0	1473	10	327	0	826
39	340	276	43	0	1519	10	0	527	0
40	129	53	14	751	781	10	0	402	0
41	332	124	-23	334	364	10	139	0	0
42	55	115	-26	0	1510	10	46	0	0
43	393	246	-35	508	538	10	233	0	0
44	348	319	29	0	1489	0	0	813	0
45	361	287	-20	256	286	10	417	0	0
46	16	114	26	723	753	10	0	42	0
47	353	65	-8	0	1474	10	669	0	0
48	73	126	-23	419	449	10	537	0	0
49	91	61	-22	1472	1502	10	444	0	0
50	117	148	-27	0	1581	10	167	0	1354
51	60	319	29	255	285	10	0	249	0
52	244	50	23	0	1522	10	0	449	0
53	79	95	-17	0	1518	10	248	0	0
54	255	80	-26	0	1546	10	736	0	1403
55	319	115	-21	0	1532	10	117	0	0
56	35	160	13	0	1509	10	0	212	0
57	358	309	-10	856	886	10	738	0	0
58	232	131	20	0	1602	0	0	820	0
59	161	124	-17	0	1593	10	493	0	0
60	85	128	-33	0	1543	10	356	0	0
61	211	153	14	56	86	10	0	81	0
62	152	361	18	0	1510	10	0	592	0
63	327	115	15	303	333	10	0	207	0
64	151	231	10	79	109	10	0	141	0
65	210	294	43	0	1584	10	0	388	0
66	264	341	-21	0	1524	10	219	0	0
67	309	53	26	0	1495	10	0	366	1302
68	108	75	24	0	1523	10	0	672	0
69	303	358	37	0	1490	10	0	576	0
70	33	226	-21	1192	1222	10	124	0	0
71	378	118	-22	0	1483	10	82	0	0
72	26	70	-16	0	1461	10	210	0	0
73	45	291	18	0	1499	10	0	675	0
74	329	208	-20	0	1549	10	567	0	605
75	30	39	8	0	1444	10	0	540	0
76	78	85	-21	0	1511	10	400	0	0
77	4	307	14	0	1455	10	0	733	0
78	151	188	18	50	80	10	0	765	0
79	14	53	-9	0	1441	10	517	0	0
80	125	182	-2	0	1601	10	455	0	845
81	232	127	-14	0	1599	10	61	0	0
82	368	63	22	0	1462	10	0	71	0
83	280	224	20	0	1595	10	0	785	1500
84	348	102	26	0	1501	10	0	686	0
85	319	160	26	0	1553	10	0	554	0
86	116	102	-17	0	1549	10	168	0	1382
87	192	268	-35	0	1610	10	475	0	0
88	220	337	-24	0	1540	10	433	0	0
89	264	69	15	0	1533	10	0	94	0
90	142	238	-11	1177	1207	10	295	0	0
91	231	229	12	0	1636	10	0	598	0
92	81	290	14	401	431	0	0	837	0
93	290	82	-8	898	928	10	448	0	0
94	207	185	-15	0	1662	10	89	0	0
95	21	255	-21	761	791	10	717	0	0
96	353	357	20	0	1459	10	0	256	1145
97	324	184	25	0	1553	10	0	561	0
98	305	255	11	0	1560	10	0	613	0
99	381	27	-11	0	1428	10	313	0	1058
100	137	132	20	0	1586	10	0	666	0
101	147	376	36	193	223	10	0	799	0
102	312	247	-8	0	1557	10	334	0	0
103	163	270	14	0	1599	10	0	37	1510
104	384	307	7	0	1466	10	0	323	0
105	375	294	-22	0	1480	10	750	0	0
106	274	247	-3	944	974	10	383	0	0
107	225	53	-14	1082	1112	10	438	0	928
108	292	392	-21	661	691	10	648	0	451
109	267	321	-17	0	1540	10	252	0	0
110	228	96	37	0	1571	10	0	482	1237
111	334	186	1	0	1544	10	0	579	0
112	339	3	8	0	1437	10	0	530	0
113	158	85	22	0	1556	10	0	751	0
114	75	238	13	0	1548	10	0	300	0
115	213	216	-33	0	1658	10	651	0	1541
116	122	105	-22	0	1556	10	667	0	1394
117	303	112	21	873	903	10	0	55	0
118	307	396	-22	0	1455	10	665	0	0
119	13	220	-11	1065	1095	10	722	0	0
120	299	227	25	0	1576	0	0	804	1473
121	230	234	-31	0	1633	10	698	0	0
122	299	399	11	0	1456	10	0	657	0
123	366	340	-12	715	745	10	192	0	0
124	46	197	21	0	1524	10	0	70	0
125	97	387	37	0	1465	10	0	754	1221
126	234	7	10	0	1483	10	0	792	0
127	327	11	22	0	1451	10	0	35	0
128	348	189	17	0	1530	10	0	318	0
129	266	234	-12	0	1604	10	481	0	0
130	184	69	-11	0	1547	10	243	0	0
131	158	121	17	1105	1135	10	0	287	0
132	206	7	8	0	1485	10	0	321	1268
133	260	352	-15	0	1515	10	739	0	0
134	184	235	-22	0	1640	10	787	0	0
135	202	6	-32	636	666	10	703	0	0
136	325	311	15	613	643	10	0	138	475
137	143	159	16	0	1608	10	0	439	1526
138	259	285	-15	0	1575	10	136	0	475
139	366	97	23	0	1483	10	0	41	0
140	87	147	-24	0	1554	10	26	0	0
141	48	304	-10	0	1494	10	64	0	0
142	76	72	8	0	1500	0	0	802	0
143	1	335	12	0	1438	10	0	253	0
144	157	220	-27	0	1631	10	709	0	954
145	400	373	-13	0	1414	10	630	0	0
146	123	159	30	1315	1345	10	0	208	1257
147	377	144	-26	467	497	10	760	0	0
148	200	144	-7	0	1622	10	376	0	0
149	52	94	-14	0	1496	10	163	0	1237
150	140	344	6	0	1522	10	0	196	0
151	390	376	2	0	1420	10	0	171	1136
152	206	286	19	0	1592	0	0	826	0
153	208	86	-16	958	988	10	353	0	280
154	384	294	-18	0	1472	10	369	0	0
155	315	237	-20	0	1558	10	447	0	0
156	392	14	-9	0	1411	10	526	0	669
157	269	203	-16	0	1609	10	574	0	0
158	248	286	35	0	1580	10	0	277	0
159	168	15	6	0	1491	10	0	762	0
160	391	42	-13	0	1431	10	407	0	0
161	92	384	-29	0	1465	10	382	0	29
162	344	154	-15	0	1527	10	605	0	0
163	59	51	14	0	1473	10	0	149	1237
164	100	10	27	0	1464	10	0	595	1192
165	250	340	-28	0	1530	10	424	0	0
166	84	293	-18	556	586	10	627	0	0
167	66	118	27	0	1521	10	0	50	1354
168	98	107	17	0	1540	10	0	86	1382
169	103	154	-29	0	1571	10	404	0	0
170	243	287	8	137	167	10	0	753	0
171	362	383	-2	0	1434	10	151	0	1136
172	70	81	-24	0	1502	10	180	0	1298
173	230	266	14	0	1606	10	0	575	1451
174	148	71	8	0	1539	10	0	729	1326
175	6	62	23	0	1440	10	0	12	0
176	165	335	3	0	1539	10	0	391	0
177	313	64	29	0	1502	10	0	304	0
178	80	282	10	0	1533	10	0	797	0
179	73	124	9	553	583	10	0	752	0
180	59	89	24	0	1499	10	0	172	1298
181	279	337	-9	0	1520	10	461	0	0
182	330	353	-16	0	1478	10	260	0	0
183	201	195	-21	0	1673	10	274	0	0
184	125	175	20	162	192	10	0	452	112
185	52	251	-32	0	1522	10	303	0	29
186	52	301	-25	0	1499	10	506	0	269
187	192	200	-29	0	1670	10	204	0	1612
188	136	373	33	0	1494	10	0	241	0
189	357	202	-27	0	1521	10	337	0	1352
190	203	40	-20	0	1518	10	700	0	0
191	36	288	1	0	1492	10	0	216	0
192	348	343	12	0	1473	10	0	123	0
193	359	42	-23	0	1454	10	372	0	0
194	248	124	19	0	1589	10	0	200	0
195	218	134	24	1275	1305	0	0	821	0
196	142	385	-6	0	1485	10	150	0	0
197	299	270	-19	0	1557	10	211	0	0
198	40	314	-9	0	1482	10	476	0	0
199	66	5	-3	0	1442	10	706	0	0
200	248	126	-19	0	1590	10	194	0	0
201	54	341	19	0	1476	0	0	807	0
202	101	99	-33	0	1537	10	397	0	0
203	355	41	9	839	869	10	0	285	0
204	186	179	29	0	1653	10	0	187	1612
205	55	346	13	0	1473	10	0	551	0
206	282	252	-4	0	1581	10	231	0	1426
207	377	72	-15	0	1460	10	63	0	0
208	135	161	-30	0	1603	10	146	0	1257
209	85	61	20	180	210	10	0	490	0
210	19	61	16	0	1450	10	0	72	0
211	279	262	19	0	1578	10	0	197	0
212	87	164	-13	0	1560	10	56	0	0
213	80	392	-10	0	1452	10	755	0	1215
214	384	72	21	0	1454	10	0	477	0
215	234	73	-38	0	1547	10	291	0	0
216	68	250	-1	0	1537	10	191	0	0
217	192	151	-17	584	614	10	362	0	0
218	47	190	23	631	661	10	0	723	507
219	193	390	21	0	1488	10	0	66	0
220	184	282	-8	0	1595	10	661	0	0
221	310	363	-20	1059	1089	10	361	0	882
222	86	112	-15	0	1534	10	763	0	1377
223	223	41	-31	0	1518	10	731	0	1344
224	165	126	-23	0	1597	10	7	0	749
225	178	103	10	0	1579	10	0	790	0
226	285	184	9	0	1592	10	0	656	0
227	26	326	21	0	1464	10	0	307	0
228	8	68	29	0	1446	10	0	229	1170
229	2	52	-29	0	1431	10	228	0	1170
230	361	236	13	0	1514	10	0	514	0
231	287	279	4	0	1561	10	0	206	1426
232	199	45	-20	0	1523	10	360	0	0
233	384	248	35	0	1488	10	0	43	0
234	397	283	9	0	1465	10	0	454	0
235	326	79	29	0	1504	10	0	380	0
236	217	211	12	0	1658	10	0	658	0
237	364	213	11	0	1514	10	0	264	1339
238	124	179	36	718	748	10	0	2	669
239	168	223	-18	0	1639	10	349	0	0
240	341	78	-26	0	1492	10	480	0	1281
241	166	357	-33	1213	1243	10	188	0	0
242	73	292	-13	0	1522	10	643	0	0
243	160	62	11	0	1535	10	0	130	0
244	190	27	-11	0	1505	10	464	0	1285
245	340	290	39	0	1512	10	0	577	0
246	180	15	-34	875	905	10	20	0	691
247	147	210	23	53	83	10	0	578	0
248	102	42	17	0	1493	10	0	53	0
249	8	363	-29	0	1427	10	51	0	0
250	250	183	24	0	1626	10	0	786	0
251	193	18	-25	0	1496	10	420	0	0
252	287	343	17	0	1511	10	0	109	0
253	17	348	-12	438	468	10	143	0	0
254	96	22	-21	816	846	10	724	0	0
255	46	102	-45	0	1496	10	552	0	1284
256	371	396	-20	0	1418	10	96	0	1145
257	365	303	4	902	932	10	0	342	0
258	196	129	-18	766	796	10	684	0	714
259	278	265	23	0	1577	10	0	269	0
260	367	300	16	0	1484	10	0	182	0
261	226	52	-19	0	1528	10	457	0	0
262	37	397	50	0	1423	10	0	778	0
263	40	31	-36	0	1446	10	772	0	1203
264	332	216	-11	0	1546	10	237	0	1339
265	96	209	-22	0	1574	10	710	0	0
266	179	175	2	0	1646	0	0	836	0
267	195	121	23	871	901	10	0	399	0
268	251	70	24	0	1539	10	0	633	0
269	285	287	-23	0	1557	10	259	0	0
270	2	17	-28	0	1409	10	746	0	0
271	362	399	24	0	1422	10	0	664	0
272	88	372	-3	0	1473	10	685	0	0
273	231	6	32	0	1482	10	0	769	1233
274	194	121	21	0	1599	10	0	183	0
275	350	207	16	378	408	10	0	393	0
276	302	274	15	0	1552	10	0	1	0
277	241	275	-35	696	726	10	158	0	0
278	350	131	-31	0	1513	10	520	0	0
279	175	192	-15	924	954	10	403	0	748
280	397	261	-12	0	1472	10	570	0	0
281	32	163	9	0	1506	10	0	693	1287
282	205	372	2	0	1506	10	0	4	0
283	75	89	-19	826	856	10	358	0	0
284	397	362	-22	0	1423	10	516	0	1141
285	370	57	-9	0	1456	10	203	0	0
286	316	327	24	763	793	0	0	817	0
287	177	139	-17	0	1613	10	131	0	0
288	317	68	13	0	1502	10	0	340	0
289	50	315	4	0	1489	10	0	440	459
290	102	324	23	0	1520	10	0	374	0
291	236	38	38	0	1513	10	0	215	0
292	79	344	-12	0	1490	10	569	0	0
293	10	202	3	0	1488	10	0	330	1282
294	74	283	5	0	1528	10	0	690	0
295	72	315	11	0	1506	10	0	90	0
296	197	200	15	3	33	10	0	33	0
297	395	340	24	240	270	10	0	350	0
298	166	115	-15	0	1587	10	692	0	694
299	362	115	-19	0	1496	10	479	0	0
300	84	206	-13	577	607	10	114	0	0
301	126	208	26	0	1604	10	0	487	0
302	179	125	4	0	1601	10	0	622	1392
303	78	261	32	136	166	10	0	185	29
304	279	91	-29	1308	1338	10	177	0	0
305	16	294	21	0	1472	10	0	541	0
306	368	215	15	727	757	10	0	716	0
307	5	345	-21	0	1435	10	227	0	0
308	369	118	-24	0	1491	10	547	0	0
309	172	109	-9	0	1583	10	395	0	0
310	208	20	-18	0	1498	10	596	0	0
311	9	47	5	0	1434	10	0	523	1169
312	358	261	-21	750	780	10	485	0	0
313	376	19	11	1281	1311	10	0	99	1058
314	159	164	13	0	1624	10	0	740	0
315	176	154	15	0	1627	10	0	525	0
316	8	119	-28	0	1470	10	766	0	0
317	308	217	-28	0	1569	10	764	0	0
318	308	178	-17	0	1568	10	128	0	0
319	117	395	13	0	1467	10	0	566	1239
320	251	381	-3	0	1490	10	553	0	1215
321	210	1	-8	0	1479	10	132	0	1268
322	30	349	-26	678	708	10	582	0	0
323	309	279	-7	0	1544	10	104	0	0
324	133	375	-21	0	1491	10	386	0	1271
325	381	12	15	0	1418	10	0	631	0
326	103	95	26	0	1536	0	0	831	0
327	17	99	1	1006	1036	10	0	38	826
328	377	29	-2	0	1432	10	443	0	0
329	237	259	11	0	1609	10	0	16	0
330	49	222	-3	0	1526	10	293	0	1282
331	296	156	17	0	1573	10	0	437	0
332	153	224	15	0	1626	10	0	357	18
333	382	169	23	0	1494	10	0	406	0
334	371	349	8	0	1452	10	0	102	0
335	265	127	35	97	127	10	0	534	0
336	159	11	-25	0	1485	10	585	0	0
337	354	199	27	0	1524	10	0	189	1352
338	244	285	-26	0	1583	10	422	0	0
339	220	238	12	0	1636	10	0	24	0
340	285	107	-13	0	1553	10	288	0	0
341	337	248	26	0	1533	10	0	761	121
342	377	282	-4	0	1483	10	257	0	0
343	310	340	11	178	208	10	0	721	0
344	74	213	-19	435	465	10	509	0	315
345	309	18	-26	0	1466	10	617	0	0
346	304	319	14	861	891	10	0	788	0
347	44	277	9	534	564	10	0	435	390
348	378	30	-11	0	1432	10	654	0	0
349	160	222	18	0	1633	10	0	239	0
350	381	375	-24	0	1427	10	297	0	0
351	209	208	8	0	1666	10	0	25	0
352	285	136	11	0	1572	0	0	815	0
353	194	65	16	386	416	10	0	153	280
354	13	322	-10	0	1455	10	429	0	0
355	91	388	2	0	1461	10	0	418	0
356	107	159	33	0	1577	10	0	60	0
357	110	241	-15	98	128	10	332	0	18
358	92	68	19	0	1508	10	0	283	0
359	291	398	-18	0	1461	10	378	0	0
360	200	48	20	0	1526	10	0	232	0
361	267	295	20	0	1562	10	0	221	882
362	191	167	17	0	1644	10	0	217	0
363	393	256	13	389	419	10	0	625	0
364	308	314	-27	0	1521	10	668	0	29
365	371	111	3	249	279	0	0	832	0
366	300	64	-26	0	1510	10	67	0	1302
367	108	395	12	0	1463	0	0	823	0
368	338	315	-2	952	982	10	531	0	775
369	343	335	18	0	1482	10	0	154	0
370	349	249	5	0	1522	10	0	495	0
371	294	184	18	0	1583	10	0	32	0
372	347	59	23	0	1475	10	0	193	0
373	12	368	-21	0	1426	10	639	0	0
374	119	286	-23	829	859	10	290	0	0
375	105	254	-41	409	439	10	519	0	0
376	194	166	7	0	1644	10	0	148	0
377	309	274	23	341	371	10	0	682	239
378	304	395	18	0	1457	10	0	359	0
379	326	374	17	578	608	10	0	671	0
380	277	143	-29	0	1583	10	235	0	0
381	338	290	12	650	680	10	0	673	515
382	98	375	29	202	232	10	0	161	29
383	286	308	3	627	657	10	0	106	0
384	145	301	8	0	1563	10	0	536	0
385	2	3	-20	794	824	10	714	0	0
386	110	351	21	0	1503	10	0	324	1271
387	74	351	-19	0	1482	10	689	0	0
388	201	255	-43	0	1623	10	65	0	0
389	11	328	-18	0	1450	10	634	0	0
390	95	391	5	0	1461	10	0	5	1215
391	161	346	-3	0	1527	10	176	0	0
392	338	5	23	1017	1047	10	0	416	808
393	376	205	-16	0	1502	10	275	0	0
394	300	319	-13	0	1523	10	501	0	1334
395	170	114	9	637	667	10	0	309	0
396	273	118	34	0	1569	10	0	601	0
397	97	105	33	0	1538	10	0	202	0
398	168	87	5	0	1561	10	0	677	0
399	206	106	-23	0	1584	10	267	0	0
400	93	31	21	658	688	10	0	76	0
401	37	21	24	0	1436	10	0	557	1184
402	162	94	-14	0	1566	10	40	0	0
403	96	162	15	0	1568	10	0	279	748
404	66	144	29	145	175	10	0	169	0
405	52	194	9	0	1530	10	0	469	0
406	395	167	-23	0	1481	10	333	0	0
407	384	53	13	950	980	10	0	160	0
408	237	200	-13	0	1641	10	737	0	0
409	162	121	1	0	1591	10	0	483	892
410	138	306	-8	864	894	10	15	0	0
411	345	195	-23	0	1533	10	688	0	0
412	68	143	16	0	1535	0	0	827	0
413	56	292	30	506	536	10	0	589	0
414	303	142	10	0	1560	10	0	600	0
415	40	153	15	0	1512	10	0	757	1334
416	338	14	-23	0	1447	10	392	0	808
417	368	278	20	241	271	10	0	45	0
418	68	386	-2	309	339	10	355	0	0
419	369	171	-18	0	1507	10	565	0	0
420	201	6	25	585	615	10	0	251	0
421	5	266	32	0	1473	10	0	649	421
422	311	344	26	0	1497	10	0	338	0
423	131	275	30	0	1577	10	0	629	1400
424	247	377	28	1215	1245	10	0	165	0
425	174	326	-22	955	985	10	451	0	0
426	6	20	27	0	1414	10	0	616	0
427	353	3	-31	0	1429	10	705	0	881
428	352	383	16	0	1441	10	0	768	0
429	23	317	10	0	1466	10	0	354	0
430	221	225	16	32	62	10	0	431	19
431	278	289	-16	118	148	10	430	0	19
432	380	390	36	0	1417	10	0	496	0
433	175	304	24	106	136	10	0	88	0
434	348	41	16	0	1461	10	0	436	0
435	26	275	-9	1132	1162	10	347	0	390
436	306	85	-16	0	1522	10	434	0	0
437	357	147	-17	0	1513	10	331	0	0
438	188	67	14	0	1545	10	0	107	928
439	166	185	-16	0	1641	10	137	0	1526
440	90	311	-4	669	699	10	289	0	459
441	26	199	-26	0	1504	10	580	0	0
442	342	154	25	0	1529	0	0	803	0
443	357	38	2	0	1453	10	0	328	0
444	154	41	22	0	1513	10	0	49	0
445	26	247	31	388	418	10	0	660	237
446	215	260	9	61	91	10	0	777	0
447	391	260	20	0	1478	10	0	155	0
448	244	135	8	672	702	10	0	93	0
449	236	44	-23	0	1518	10	52	0	0
450	142	379	-18	0	1490	10	544	0	0
451	157	378	22	0	1495	10	0	425	0
452	120	170	-20	0	1593	10	184	0	112
453	94	165	-20	0	1567	10	645	0	0
454	356	299	-9	1051	1081	10	234	0	0
455	78	194	2	938	968	10	0	80	845
456	162	251	21	63	93	10	0	678	0
457	196	51	19	0	1529	10	0	261	0
458	146	324	24	0	1543	10	0	558	0
459	340	79	-16	0	1493	10	780	0	0
460	273	182	18	850	880	10	0	538	0
461	311	356	9	0	1487	10	0	181	0
462	213	332	21	0	1546	10	0	789	1390
463	289	234	33	0	1583	10	0	783	0
464	166	19	11	0	1494	10	0	244	1285
465	274	7	21	0	1472	10	0	470	0
466	174	329	-26	0	1547	10	548	0	1346
467	243	140	15	0	1605	10	0	528	0
468	82	78	20	0	1509	10	0	659	0
469	41	183	-9	0	1519	10	405	0	0
470	325	45	-21	589	619	10	465	0	0
471	65	335	4	329	359	10	0	543	168
472	226	378	-25	0	1499	10	713	0	0
473	44	296	-16	484	514	10	642	0	320
474	103	361	-1	460	490	10	619	0	0
475	169	235	35	0	1632	10	0	87	0
476	41	337	9	0	1469	10	0	198	0
477	388	106	-21	0	1468	10	214	0	0
478	350	214	-20	0	1528	10	560	0	1363
479	325	130	19	0	1535	10	0	299	0
480	339	69	26	0	1487	10	0	240	1281
481	279	247	12	0	1587	10	0	129	0
482	236	119	-37	1350	1380	10	110	0	1237
483	170	176	-1	1016	1046	10	409	0	892
484	246	247	-15	0	1613	10	767	0	0
485	388	275	21	0	1476	10	0	312	0
486	286	44	18	0	1500	10	0	800	0
487	100	218	-26	0	1577	10	301	0	0
488	336	386	21	727	757	0	0	805	0
489	186	75	-13	0	1553	10	524	0	1408
490	76	90	-20	0	1513	10	209	0	0
491	52	343	-24	0	1473	10	793	0	0
492	362	378	17	472	502	10	0	587	0
493	138	143	17	0	1594	10	0	59	0
494	169	352	7	0	1523	0	0	810	1367
495	352	303	-5	1072	1102	10	370	0	0
496	343	359	-36	0	1465	10	432	0	0
497	92	255	30	0	1557	10	0	583	0
498	338	150	-29	0	1532	10	546	0	0
499	125	122	-15	0	1570	10	581	0	0
500	58	98	15	263	293	10	0	591	118
501	308	327	13	0	1512	10	0	394	1334
502	74	231	-7	0	1549	10	563	0	1407
503	330	76	10	0	1499	10	0	521	0
504	165	264	20	0	1606	10	0	727	0
505	214	119	5	0	1596	10	0	586	0
506	94	268	25	365	395	10	0	186	269
507	11	274	-24	0	1476	10	637	0	0
508	54	108	-29	0	1506	10	779	0	0
509	68	215	19	0	1546	10	0	344	315
510	334	100	21	0	1511	10	0	676	1333
511	256	356	19	0	1513	0	0	816	0
512	115	51	-15	848	878	10	701	0	0
513	391	136	33	0	1477	10	0	732	0
514	387	267	-13	0	1480	10	230	0	0
515	106	302	-23	0	1540	10	655	0	0
516	398	325	22	0	1444	10	0	284	1141
517	74	87	9	0	1509	10	0	79	0
518	294	118	13	124	154	10	0	708	0
519	142	262	41	0	1594	10	0	375	0
520	380	145	31	523	553	10	0	278	0
521	364	55	-10	0	1460	10	503	0	0
522	379	126	8	0	1485	0	0	833	0
523	12	40	-5	0	1432	10	311	0	1169
524	177	77	13	0	1553	10	0	489	1408
525	185	180	-15	0	1653	10	315	0	0
526	382	49	9	876	906	10	0	156	669
527	314	257	-43	0	1551	10	39	0	0
528	271	116	-15	0	1569	10	467	0	0
529	336	201	17	0	1542	10	0	712	0
530	341	33	-8	0	1460	10	112	0	0
531	344	321	2	0	1490	10	0	368	775
532	276	298	-11	0	1554	10	23	0	0
533	371	386	23	0	1426	0	0	801	0
534	319	113	-35	1167	1197	10	335	0	0
535	362	207	-4	0	1516	10	638	0	0
536	146	301	-8	0	1564	10	384	0	0
537	146	174	23	59	89	10	0	48	0
538	247	212	-18	0	1630	10	460	0	0
539	356	315	-21	0	1485	10	597	0	0
540	43	67	-8	0	1473	10	75	0	0
541	163	207	-21	1125	1155	10	305	0	0
542	32	78	23	0	1471	10	0	687	0
543	55	341	-4	675	705	10	471	0	168
544	117	381	18	0	1479	10	0	450	0
545	39	34	-18	0	1447	10	741	0	1205
546	277	163	29	0	1593	10	0	498	0
547	397	133	24	0	1470	10	0	308	0
548	180	359	26	0	1518	10	0	466	1346
549	266	13	17	679	709	0	0	814	0
550	48	358	32	876	906	0	0	819	0
551	87	378	-13	0	1468	10	205	0	0
552	41	93	45	0	1487	10	0	255	1284
553	173	384	3	0	1493	10	0	320	1215
554	320	211	-26	0	1558	10	85	0	0
555	291	304	-33	0	1540	10	10	0	374
556	108	48	18	832	862	10	0	711	0
557	102	84	-24	0	1527	10	401	0	1184
558	138	326	-24	561	591	10	458	0	0
559	244	176	-18	0	1628	10	602	0	0
560	287	225	20	0	1588	10	0	478	1363
561	324	194	-25	0	1554	10	97	0	0
562	400	109	-15	0	1459	10	747	0	0
563	136	226	7	0	1609	10	0	502	1407
564	5	344	7	0	1436	10	0	730	0
565	374	175	18	0	1503	10	0	419	0
566	122	397	-13	0	1467	10	319	0	1239
567	310	163	20	692	722	10	0	74	605
568	24	57	-14	0	1452	10	594	0	1212
569	77	319	12	0	1507	10	0	292	0
570	398	258	12	598	628	10	0	280	0
571	111	4	12	0	1463	0	0	809	0
572	70	231	16	0	1545	0	0	825	0
573	389	171	3	0	1487	10	0	618	0
574	212	197	16	0	1666	10	0	157	0
575	246	298	-14	0	1570	10	173	0	1451
576	299	351	-37	0	1498	10	69	0	0
577	305	257	-39	619	649	10	245	0	0
578	153	222	-23	0	1627	10	247	0	0
579	343	184	-1	0	1535	10	111	0	0
580	42	197	26	0	1520	10	0	441	0
581	131	82	15	0	1542	10	0	499	0
582	41	340	26	0	1467	10	0	322	0
583	85	256	-30	0	1551	10	497	0	0
584	196	77	4	0	1555	0	0	811	0
585	156	4	25	210	240	10	0	336	0
586	202	158	-5	0	1636	10	505	0	0
587	372	382	-17	625	655	10	492	0	0
588	234	214	-19	0	1642	10	599	0	0
589	67	318	-30	0	1501	10	413	0	0
590	57	381	-16	0	1448	10	621	0	0
591	118	122	-15	0	1565	10	500	0	118
592	178	353	-18	0	1524	10	62	0	0
593	114	88	-19	674	704	10	607	0	47
594	51	64	14	0	1477	10	0	568	1212
595	73	4	-27	0	1445	10	164	0	1192
596	196	107	18	0	1585	10	0	310	0
597	343	322	21	0	1491	10	0	539	0
598	297	240	-12	0	1574	10	91	0	0
599	262	212	19	1125	1155	10	0	588	0
600	279	148	-10	0	1584	10	414	0	0
601	316	112	-34	0	1533	10	396	0	0
602	231	182	18	35	65	10	0	559	0
603	183	71	-39	765	795	10	653	0	644
604	257	98	-14	338	368	10	641	0	0
605	326	156	15	291	321	10	0	162	0
606	48	278	36	0	1508	10	0	28	0
607	113	80	19	166	196	10	0	593	47
608	323	218	-28	0	1554	10	9	0	0
609	126	90	-26	0	1546	10	31	0	39
610	238	119	-17	0	1589	10	725	0	0
611	334	92	-22	0	1506	10	14	0	0
612	228	341	-31	0	1535	10	681	0	0
613	294	249	-11	0	1572	10	98	0	0
614	384	64	19	0	1450	10	0	734	1175
615	233	100	-26	0	1573	10	782	0	0
616	15	4	-27	0	1409	10	426	0	0
617	294	13	26	0	1469	10	0	345	0
618	381	144	-3	0	1489	10	573	0	0
619	193	216	1	0	1661	10	0	474	0
620	68	378	-31	0	1457	10	699	0	1189
621	102	377	16	0	1476	10	0	590	0
622	220	71	-4	0	1548	10	302	0	1392
623	338	106	-12	951	981	10	635	0	0
624	262	30	8	0	1498	10	0	27	0
625	394	299	-13	0	1461	10	363	0	0
626	63	166	4	0	1537	10	0	745	0
627	38	366	18	0	1447	10	0	166	0
628	45	85	-13	0	1485	10	18	0	0
629	116	195	-30	0	1594	10	423	0	1400
630	390	357	13	1041	1071	10	0	145	0
631	328	39	-15	0	1473	10	325	0	0
632	171	168	14	0	1635	0	0	829	1591
633	246	47	-24	0	1519	10	268	0	0
634	4	280	18	238	268	10	0	389	0
635	256	145	12	0	1600	10	0	623	0
636	153	315	-30	0	1554	10	36	0	0
637	8	285	24	0	1469	10	0	507	0
638	351	199	4	0	1527	10	0	535	0
639	111	286	21	0	1555	10	0	373	0
640	34	371	18	0	1440	10	0	696	0
641	230	139	14	0	1611	10	0	604	0
642	59	285	16	0	1514	10	0	473	320
643	93	283	13	331	361	10	0	242	0
644	317	240	16	0	1555	10	0	6	0
645	49	187	20	0	1527	10	0	453	0
646	374	163	-12	0	1501	10	21	0	0
647	134	320	-22	0	1542	10	13	0	0
648	262	390	21	0	1479	10	0	108	451
649	26	260	-32	629	659	10	421	0	421
650	80	365	18	449	479	0	0	806	274
651	246	244	33	0	1615	10	0	115	1541
652	192	291	3	104	134	10	0	759	42
653	173	72	39	0	1548	10	0	603	644
654	364	23	11	0	1437	10	0	348	0
655	31	360	23	0	1446	10	0	515	0
656	321	144	-9	0	1545	10	226	0	0
657	296	388	-11	0	1467	10	122	0	0
658	268	223	-12	0	1607	10	236	0	0
659	107	98	-20	0	1540	10	468	0	0
660	32	229	-31	1054	1084	10	445	0	237
661	140	387	8	0	1482	10	0	220	0
662	302	300	17	0	1536	10	0	22	0
663	56	97	19	941	971	10	0	726	0
664	359	389	-24	0	1432	10	271	0	0
665	320	373	22	551	581	10	0	118	0
666	140	131	-20	879	909	10	100	0	0
667	102	118	22	0	1551	10	0	116	1394
668	330	313	27	172	202	10	0	364	29
669	344	72	8	0	1486	10	0	47	0
670	37	106	5	0	1490	10	0	795	0
671	316	383	-17	0	1462	10	379	0	0
672	75	76	-24	0	1502	10	68	0	0
673	262	233	-12	0	1608	10	381	0	515
674	320	166	25	0	1554	10	0	680	1408
675	36	286	-18	762	792	10	73	0	0
676	236	171	-21	0	1632	10	510	0	1333
677	177	55	-5	0	1532	10	398	0	0
678	91	233	-21	466	496	10	456	0	0
679	244	56	14	0	1528	10	0	791	1329
680	317	183	-25	0	1560	10	674	0	1408
681	192	332	31	0	1546	10	0	612	0
682	299	308	-23	0	1532	10	377	0	239
683	350	18	-16	0	1443	10	30	0	0
684	196	138	18	0	1616	10	0	258	714
685	110	290	3	127	157	10	0	272	0
686	297	137	-26	458	488	10	84	0	0
687	35	79	-23	0	1474	10	542	0	0
688	335	202	23	0	1543	10	0	411	0
689	85	333	19	576	606	10	0	387	0
690	18	294	-5	0	1474	10	294	0	0
691	320	24	28	0	1465	0	0	830	0
692	159	79	15	792	822	10	0	298	694
693	13	167	-9	0	1489	10	281	0	1287
694	322	281	9	0	1532	10	0	719	1352
695	150	49	5	848	878	10	0	697	0
696	26	372	-18	244	274	10	640	0	0
697	168	100	-5	0	1574	10	695	0	0
698	236	260	31	0	1609	10	0	121	0
699	50	385	31	0	1440	10	0	620	1189
700	199	22	20	0	1500	10	0	190	0
701	143	20	15	0	1490	10	0	512	0
702	352	156	-28	898	928	10	770	0	0
703	220	38	32	0	1515	10	0	135	0
704	213	280	29	0	1597	10	0	776	1456
705	384	47	31	1091	1121	10	0	427	881
706	101	8	3	0	1462	10	0	199	0
707	3	2	16	956	986	10	0	11	0
708	396	106	-13	0	1461	10	518	0	0
709	124	221	27	1003	1033	10	0	144	954
710	84	221	22	0	1561	10	0	265	0
711	92	73	-18	0	1512	10	556	0	0
712	369	211	-17	463	493	10	529	0	0
713	186	355	25	0	1523	10	0	472	0
714	3	15	20	0	1408	10	0	385	0
715	46	110	16	0	1500	10	0	798	0
716	349	181	-15	0	1528	10	306	0	0
717	102	252	21	110	140	10	0	95	0
718	154	68	20	0	1539	10	0	743	0
719	325	294	-9	0	1522	10	694	0	1352
720	381	290	36	0	1476	0	0	808	0
721	302	345	-11	0	1501	10	343	0	0
722	36	203	11	0	1514	10	0	119	0
723	81	156	-23	0	1552	10	218	0	507
724	100	15	21	0	1468	10	0	254	0
725	209	167	17	34	64	10	0	610	0
726	69	82	-19	0	1502	10	663	0	0
727	163	264	-20	73	103	10	504	0	0
728	186	145	18	1490	1520	10	0	775	0
729	140	40	-8	0	1508	10	174	0	1326
730	40	336	-7	0	1469	10	564	0	0
731	231	76	31	0	1551	10	0	223	1344
732	380	126	-33	0	1484	10	513	0	0
733	16	311	-14	0	1464	10	77	0	0
734	395	113	-19	0	1465	10	614	0	1175
735	253	316	21	0	1551	0	0	822	0
736	238	124	26	0	1594	10	0	54	1403
737	240	201	13	0	1638	10	0	408	0
738	380	339	10	741	771	10	0	57	0
739	271	371	15	752	782	10	0	133	0
740	155	159	-13	0	1618	10	314	0	0
741	53	51	18	0	1469	10	0	545	1205
742	2	200	-26	341	371	10	29	0	0
743	164	80	-20	0	1553	10	718	0	0
744	194	43	-22	0	1521	10	756	0	0
745	43	121	-4	985	1015	10	626	0	0
746	2	29	28	0	1417	10	0	270	0
747	397	73	15	0	1444	10	0	562	0
748	7	143	-9	333	363	10	773	0	134
749	37	119	15	0	1496	0	0	812	0
750	367	361	22	487	517	10	0	105	0
751	137	68	-22	146	176	10	113	0	0
752	102	149	-9	0	1568	10	179	0	0
753	306	361	-8	0	1486	10	170	0	0
754	135	384	-37	0	1483	10	125	0	1221
755	105	360	10	0	1492	10	0	213	1215
756	187	23	22	1003	1033	10	0	744	0
757	56	156	-15	0	1528	10	415	0	1334
758	217	98	19	0	1575	0	0	824	0
759	229	371	-3	1013	1043	10	652	0	42
760	399	179	26	0	1478	10	0	147	0
761	379	254	-26	289	319	10	341	0	121
762	193	29	-6	0	1507	10	159	0	0
763	88	121	15	0	1541	10	0	222	1377
764	344	236	28	0	1530	10	0	317	0
765	145	165	-18	0	1613	10	78	0	0
766	11	135	28	0	1479	10	0	316	0
767	300	272	15	693	723	10	0	484	0
768	348	371	-16	0	1452	10	428	0	0
769	266	8	-32	0	1475	10	273	0	1233
770	349	135	28	548	578	10	0	702	0
771	359	31	11	1253	1283	0	0	818	0
772	59	49	36	0	1472	10	0	263	1203
773	0	155	9	0	1473	10	0	748	134
774	18	235	-32	0	1493	10	8	0	51
775	177	174	-18	0	1644	10	728	0	0
776	213	305	-29	0	1573	10	704	0	1456
777	201	242	-9	770	800	10	446	0	0
778	41	399	-50	0	1424	10	262	0	0
779	4	60	29	240	270	10	0	508	0
780	321	85	16	434	464	10	0	459	0
781	254	0	-15	0	1471	10	3	0	0
782	229	105	26	0	1579	10	0	615	0
783	243	215	-33	0	1633	10	463	0	0
784	231	36	34	0	1512	0	0	835	0
785	278	221	-20	0	1598	10	83	0	1500
786	243	209	-24	0	1635	10	250	0	0
787	168	268	22	0	1603	10	0	134	0
788	284	311	-14	0	1539	10	346	0	0
789	231	320	-21	0	1555	10	462	0	1390
790	219	49	-10	461	491	10	225	0	0
791	234	37	-14	0	1512	10	679	0	1329
792	259	4	-10	0	1474	10	126	0	0
793	8	384	24	0	1413	10	0	491	0
794	243	275	31	0	1592	10	0	34	0
795	13	96	-5	751	781	10	670	0	0
796	246	152	5	0	1612	0	0	834	0
797	38	291	-10	0	1493	10	178	0	0
798	18	102	-16	232	262	10	715	0	0
799	163	364	-36	0	1510	10	101	0	0
800	292	33	-18	0	1488	10	486	0	0
801	371	386	-23	0	1426	10	533	0	0
802	76	72	-8	0	1500	10	142	0	0
803	342	154	-25	0	1529	10	442	0	0
804	299	227	-25	0	1576	10	120	0	1473
805	336	386	-21	727	757	10	488	0	0
806	80	365	-18	449	479	10	650	0	274
807	54	341	-19	0	1476	10	201	0	0
808	381	290	-36	0	1476	10	720	0	0
809	111	4	-12	0	1463	10	571	0	0
810	169	352	-7	0	1523	10	494	0	1367
811	196	77	-4	0	1555	10	584	0	0
812	37	119	-15	0	1496	10	749	0	0
813	348	319	-29	0	1489	10	44	0	0
814	266	13	-17	679	709	10	549	0	0
815	285	136	-11	0	1572	10	352	0	0
816	256	356	-19	0	1513	10	511	0	0
817	316	327	-24	763	793	10	286	0	0
818	359	31	-11	1253	1283	10	771	0	0
819	48	358	-32	876	906	10	550	0	0
820	232	131	-20	0	1602	10	58	0	0
821	218	134	-24	1275	1305	10	195	0	0
822	253	316	-21	0	1551	10	735	0	0
823	108	395	-12	0	1463	10	367	0	0
824	217	98	-19	0	1575	10	758	0	0
825	70	231	-16	0	1545	10	572	0	0
826	206	286	-19	0	1592	10	152	0	0
827	68	143	-16	0	1535	10	412	0	0
828	123	30	-12	0	1492	10	19	0	0
829	171	168	-14	0	1635	10	632	0	1591
830	320	24	-28	0	1465	10	691	0	0
831	103	95	-26	0	1536	10	326	0	0
832	371	111	-3	249	279	10	365	0	0
833	379	126	-8	0	1485	10	522	0	0
834	246	152	-5	0	1612	10	796	0	0
835	231	36	-34	0	1512	10	784	0	0
836	179	175	-2	0	1646	10	266	0	0
837	81	290	-14	401	431	10	92	0	0
838	343	134	-8	1009	1039	10	17	0	0

