200	1000	1
0	200	200	0	0	6751	0	0	0
1	221	225	16	32	508	10	0	167	237
2	279	247	12	124	611	10	0	502	259
3	355	41	9	3190	3642	10	0	346	1709
4	93	283	-32	1145	1624	10	475	0	345
5	163	207	-12	4365	4754	10	663	0	898
6	364	55	-15	1135	1707	10	558	0	455
7	329	208	-18	5071	5583	10	128	0	2253
8	102	377	-26	3805	4189	10	549	0	1793
9	356	299	31	3996	4529	10	0	277	2172
10	10	202	-35	1122	1608	10	572	0	695
11	40	153	15	447	887	10	0	370	360
12	145	165	13	65	499	10	0	134	216
13	278	265	-23	2448	2861	10	518	0	1310
14	338	14	-18	4671	5059	10	289	0	568
15	13	167	42	531	1070	10	0	430	440
16	179	125	4	82	542	10	0	225	232
17	194	43	26	2728	3189	10	0	796	1515
18	358	261	-12	2855	3263	10	245	0	1456
19	299	399	-22	2897	3411	10	78	0	990
20	246	247	21	2590	2961	10	0	351	1447
21	343	359	-17	1626	2143	10	337	0	932
22	101	8	3	1374	1846	10	0	264	814
23	302	274	-37	931	1525	10	231	0	579
24	131	275	30	1957	2393	10	0	191	1145
25	191	167	17	3643	4089	10	0	184	1961
26	332	124	22	1109	1681	10	0	51	764
27	106	302	3	314	795	10	0	685	328
28	380	145	-17	1926	2375	10	222	0	281
29	334	100	-18	4338	4881	10	654	0	1176
30	180	359	-21	3583	4068	10	362	0	1917
31	142	238	-33	4553	4986	10	412	0	1291
32	138	306	-22	3302	3728	10	757	0	1075
33	16	294	-16	1354	1790	10	581	0	327
34	206	7	8	3011	3459	10	0	96	1632
35	299	308	-23	2074	2552	10	49	0	716
36	343	335	18	3243	3701	10	0	629	1558
37	135	384	13	763	1309	10	0	330	556
38	161	346	-8	4029	4542	10	112	0	444
39	206	286	-23	1708	2302	10	254	0	771
40	156	4	-20	700	1103	10	50	0	435
41	326	335	-13	3717	4252	10	186	0	1963
42	82	78	20	4559	5047	10	0	681	2438
43	37	21	24	3463	3927	10	0	398	1782
44	177	174	10	34	419	10	0	396	192
45	84	221	22	4254	4690	0	0	806	2286
46	171	168	-27	5244	5701	10	589	0	2102
47	207	185	-8	4688	5194	10	414	0	388
48	92	255	-18	1495	2017	10	673	0	506
49	220	337	23	1045	1572	10	0	35	716
50	137	132	20	660	1189	10	0	40	435
51	342	154	-22	1433	1886	10	26	0	764
52	353	65	24	1095	1471	10	0	683	633
53	70	231	-26	4177	4720	10	735	0	1654
54	79	95	22	4708	5218	10	0	159	2528
55	352	303	8	4116	4581	10	0	458	2010
56	136	226	7	3798	4302	10	0	400	2116
57	243	209	-17	5400	5752	10	627	0	2318
58	145	301	-10	247	673	10	291	0	253
59	254	0	4	2519	2982	10	0	800	1387
60	310	363	20	4042	4551	10	0	71	2177
61	387	267	-5	3371	3884	10	379	0	1695
62	236	44	12	2911	3400	10	0	756	1619
63	94	268	25	1285	1756	10	0	528	815
64	84	293	-9	2000	2568	10	140	0	1143
65	11	135	28	858	1336	10	0	395	568
66	280	5	9	3895	4354	10	0	296	2071
67	265	127	35	132	650	10	0	459	276
68	259	285	14	131	696	10	0	310	296
69	52	94	14	4421	4832	0	0	801	2324
70	278	221	27	3418	3918	10	0	204	1918
71	231	229	-20	4607	5134	10	60	0	2177
72	168	100	-21	2297	2879	10	552	0	319
73	14	53	-8	2986	3572	10	600	0	767
74	237	259	-17	4504	5006	10	312	0	1733
75	69	82	11	3341	3778	10	0	185	1800
76	192	291	3	291	661	10	0	130	284
77	8	384	-12	3881	4324	10	799	0	1562
78	367	361	22	1803	2213	10	0	19	990
79	91	233	25	1662	2188	0	0	807	1037
80	125	175	-22	525	887	10	233	0	264
81	304	319	14	3294	3716	10	0	161	1778
82	241	275	18	2585	3104	10	0	703	1509
83	193	29	16	2888	3288	10	0	567	1558
84	80	392	-7	2002	2400	10	148	0	573
85	300	64	-10	4406	4971	10	234	0	2228
86	327	11	-19	2192	2651	10	402	0	1155
87	299	351	14	484	961	10	0	794	390
88	311	344	26	552	1067	10	0	695	408
89	229	105	-20	3246	3715	10	155	0	1537
90	362	207	-4	3028	3459	10	334	0	1642
91	344	154	-26	3788	4318	10	686	0	1225
92	39	34	-29	823	1235	10	688	0	470
93	68	250	14	2113	2518	0	0	803	1188
94	268	223	20	71	505	10	0	151	216
95	116	195	-20	4157	4494	10	136	0	541
96	352	156	-8	3407	3895	10	34	0	1632
97	313	64	29	1450	1887	10	0	303	855
98	375	294	-20	2258	2686	10	707	0	822
99	391	260	-16	2230	2722	10	125	0	1238
100	334	186	1	452	913	10	0	261	389
101	84	206	22	2132	2607	10	0	540	1245
102	12	40	-18	2314	2725	10	752	0	488
103	195	148	-17	5119	5606	10	586	0	1071
104	381	144	-15	1706	2331	10	575	0	319
105	320	211	6	186	778	10	0	522	328
106	308	178	4	1420	1886	10	0	660	887
107	376	205	4	1634	2106	10	0	642	964
108	257	98	-7	1185	1643	10	591	0	424
109	111	4	12	1860	2343	10	0	519	1063
110	330	310	11	2514	3031	10	0	247	1430
111	305	255	-24	1034	1574	10	788	0	158
112	140	387	8	581	1086	10	0	38	444
113	164	80	-27	4523	5065	10	524	0	2087
114	271	371	15	2853	3280	10	0	450	1547
115	4	280	18	805	1219	10	0	515	503
116	347	59	-9	1653	2237	10	656	0	568
117	147	376	36	548	1115	10	0	601	465
118	74	213	-19	1572	2025	10	119	0	657
119	54	341	19	1064	1517	10	0	118	657
120	303	358	37	1169	1680	10	0	386	745
121	21	82	26	3140	3714	10	0	480	1588
122	379	126	8	3318	3734	10	0	607	1770
123	398	258	12	2271	2632	10	0	697	1150
124	152	361	-12	3885	4465	10	671	0	1163
125	397	261	16	2113	2684	10	0	99	1238
126	250	340	-16	571	1069	10	614	0	296
127	166	185	17	37	447	10	0	431	204
128	294	184	18	4102	4602	10	0	7	2253
129	303	258	-23	3714	4312	10	308	0	1470
130	87	378	-3	1317	1741	10	76	0	284
131	250	183	-13	3846	4449	10	590	0	1622
132	384	72	-33	3832	4235	10	304	0	486
133	98	107	-18	3525	4069	10	578	0	743
134	56	97	-13	3619	4032	10	12	0	216
135	225	53	-19	4137	4641	10	718	0	1424
136	280	224	20	766	1167	10	0	95	541
137	208	86	-13	3635	4147	10	536	0	297
138	395	167	-32	3690	4271	10	637	0	1248
139	215	260	9	61	614	10	0	150	276
140	44	277	9	1930	2461	10	0	64	1143
141	174	329	-14	2648	3071	10	365	0	1193
142	380	390	-15	813	1362	10	327	0	532
143	120	170	-38	1651	2129	10	632	0	901
144	273	118	34	258	707	10	0	389	298
145	103	154	22	4224	4743	10	0	237	2317
146	180	15	-15	3322	3797	10	532	0	1668
147	371	396	-27	2235	2697	10	619	0	388
148	169	352	7	809	1303	10	0	84	573
149	78	85	-31	2795	3252	10	658	0	299
150	226	378	-9	1248	1744	10	139	0	276
151	357	202	-20	1834	2279	10	94	0	216
152	68	143	-26	4815	5346	10	385	0	2500
153	384	248	-19	716	1178	10	418	0	254
154	391	42	44	3712	4121	10	0	790	1936
155	267	295	20	2778	3192	10	0	89	1537
156	350	131	12	3016	3519	10	0	178	1676
157	5	345	14	4650	5155	10	0	579	2455
158	199	45	-12	3015	3422	10	753	0	1094
159	166	115	-22	4774	5336	10	54	0	2528
160	103	361	-13	1591	2205	10	628	0	939
161	239	252	-14	5151	5628	10	81	0	1778
162	2	3	-23	3001	3472	10	521	0	197
163	335	202	-9	3087	3667	10	732	0	1231
164	158	121	-22	4214	4748	10	423	0	1575
165	320	24	-13	3867	4315	10	259	0	1953
166	166	19	-7	4641	5071	10	229	0	2428
167	326	374	-16	2142	2599	10	1	0	237
168	317	240	16	1029	1525	10	0	535	700
169	357	147	23	1949	2418	0	0	808	1126
170	32	78	-5	2413	2895	10	649	0	785
171	40	336	-30	4649	5114	10	283	0	1093
172	52	251	8	473	921	10	0	740	382
173	40	314	-21	2775	3139	10	419	0	338
174	233	100	26	2571	3040	10	0	687	1467
175	78	194	-4	3603	4023	10	539	0	1920
176	110	351	21	402	1004	10	0	714	414
177	321	287	-29	2216	2629	10	712	0	226
178	369	118	-12	4001	4535	10	156	0	1676
179	101	99	-22	5072	5546	10	631	0	2419
180	232	127	-17	101	537	10	684	0	223
181	390	376	2	1656	2168	10	0	468	954
182	73	292	8	558	965	10	0	341	404
183	195	121	-31	3301	3787	10	767	0	1158
184	175	192	-17	3515	3996	10	25	0	1961
185	33	226	-11	4576	5084	10	75	0	1800
186	390	357	13	4017	4434	10	0	41	1963
187	80	365	18	1652	2064	10	0	265	929
188	344	321	2	854	1295	10	0	636	553
189	397	283	9	1499	1915	10	0	298	850
190	66	5	-14	4354	4849	10	755	0	257
191	160	313	-30	3252	3738	10	24	0	1145
192	210	294	43	114	643	10	0	724	274
193	320	373	-24	2078	2453	10	483	0	1076
194	231	182	18	35	581	10	0	662	272
195	30	349	9	2560	2981	10	0	765	1377
196	26	372	14	737	1221	10	0	349	488
197	154	68	-21	2716	3314	10	486	0	695
198	338	106	8	3649	4083	10	0	286	1958
199	49	222	-13	4299	4841	10	741	0	2120
200	17	99	-36	3878	4293	10	543	0	862
201	279	148	-2	5600	6136	10	691	0	2229
202	309	279	19	413	963	10	0	743	414
203	384	64	-10	4085	4561	10	446	0	1929
204	231	36	-27	3931	4435	10	70	0	1918
205	279	337	-41	2234	2711	10	425	0	567
206	187	23	-23	3791	4353	10	503	0	1991
207	32	163	-18	692	1182	10	290	0	279
208	214	119	-17	3912	4325	10	490	0	1100
209	74	87	-16	5211	5748	10	353	0	2359
210	134	320	39	463	973	10	0	293	418
211	42	197	26	1271	1799	10	0	495	820
212	350	18	20	4324	4881	0	0	802	2322
213	92	68	-28	2667	3215	10	722	0	334
214	48	358	32	3295	3829	10	0	605	1804
215	160	222	-29	4953	5518	10	394	0	394
216	184	282	19	102	566	10	0	546	241
217	168	268	-2	3999	4549	10	227	0	1818
218	289	234	33	157	606	10	0	429	255
219	123	176	-7	4474	5004	10	278	0	2183
220	231	76	-8	3070	3580	10	563	0	1217
221	196	107	-22	5159	5596	10	638	0	2639
222	138	143	17	127	648	10	0	28	281
223	285	136	-26	4172	4658	10	510	0	1262
224	194	166	7	2566	3059	10	0	305	1512
225	162	94	-4	242	658	10	16	0	232
226	165	335	3	2385	2916	10	0	514	1388
227	205	372	2	3424	3810	10	0	217	1818
228	168	87	5	3453	3999	10	0	544	1940
229	159	11	7	4548	5080	10	0	166	2428
230	143	20	-5	4684	5176	10	701	0	1772
231	297	240	37	937	1263	10	0	23	579
232	17	348	22	1596	2028	10	0	690	896
233	192	200	22	8	536	10	0	80	264
234	303	142	10	4163	4576	10	0	85	2228
235	48	304	15	747	1211	10	0	361	513
236	200	144	12	175	590	10	0	297	259
237	185	180	-22	6256	6716	10	145	0	2317
238	317	68	-26	4468	4933	10	323	0	2365
239	324	194	18	4064	4584	10	0	432	2229
240	274	247	-21	3676	3993	10	271	0	998
241	337	81	-16	2629	3198	10	444	0	940
242	345	195	-20	3564	4011	10	428	0	435
243	129	53	14	2818	3312	10	0	657	1574
244	285	184	-28	3929	4430	10	343	0	1997
245	378	118	12	2735	3202	10	0	18	1456
246	309	53	26	1154	1578	10	0	335	653
247	246	298	-11	3687	4082	10	110	0	1430
248	153	222	33	51	500	10	0	780	224
249	306	361	-28	2694	3068	10	565	0	1399
250	46	110	16	2084	2538	10	0	404	1179
251	123	159	-12	5078	5559	10	322	0	968
252	234	7	10	4227	4822	10	0	464	2271
253	162	316	-4	2179	2712	10	415	0	695
254	309	274	23	1170	1674	10	0	39	771
255	57	124	24	451	844	10	0	560	341
256	46	102	25	2186	2762	10	0	763	1289
257	382	49	-15	3327	3799	10	623	0	476
258	96	22	23	3103	3548	10	0	411	1670
259	292	33	13	3571	4097	10	0	165	1953
260	359	389	-7	4069	4487	10	350	0	547
261	392	14	-1	3930	4395	10	100	0	389
262	68	386	16	1113	1483	10	0	598	627
263	163	364	-17	2924	3492	10	541	0	1201
264	116	102	-3	3077	3554	10	22	0	814
265	37	397	-18	3139	3581	10	187	0	929
266	264	341	-20	3973	4473	10	301	0	1150
267	269	203	30	1342	1777	10	0	420	820
268	230	266	-29	3213	3694	10	505	0	321
269	31	360	23	953	1386	10	0	504	576
270	68	378	-25	2583	2990	10	720	0	340
271	262	390	21	1733	2197	10	0	240	998
272	236	119	30	5211	5711	10	0	377	2626
273	220	238	12	42	532	10	0	470	244
274	36	288	-19	3685	4087	10	476	0	1227
275	276	298	10	230	763	10	0	573	319
276	362	399	-21	3409	3834	10	438	0	1510
277	244	285	-31	5122	5538	10	9	0	2172
278	32	229	7	4019	4537	10	0	219	2183
279	179	175	2	32	568	10	0	422	267
280	200	48	20	696	1182	10	0	408	515
281	13	59	-29	2072	2522	10	487	0	1134
282	165	264	20	77	507	10	0	675	217
283	56	292	30	1813	2357	10	0	171	1093
284	178	353	-13	3693	4090	10	499	0	874
285	210	1	11	3830	4286	10	0	672	2043
286	306	85	-8	4351	4924	10	198	0	1958
287	196	129	-16	2862	3386	10	507	0	1646
288	243	287	8	383	830	10	0	447	366
289	396	106	18	926	1355	10	0	14	568
290	151	188	18	50	609	10	0	207	279
291	151	231	10	191	564	10	0	58	253
292	11	274	18	2947	3575	10	0	410	1686
293	92	238	-39	4688	5145	10	210	0	418
294	108	48	-34	3124	3650	10	676	0	1634
295	38	291	8	1862	2328	10	0	547	1071
296	232	131	-9	4381	4825	10	66	0	2071
297	217	98	-12	193	634	10	236	0	259
298	340	79	-9	2499	2978	10	189	0	850
299	308	327	-4	1366	1860	10	442	0	400
300	279	91	-8	5064	5523	10	460	0	2184
301	384	294	20	2069	2507	10	0	266	1150
302	90	311	-19	2444	3024	10	749	0	238
303	359	31	-29	4848	5300	10	97	0	855
304	391	136	33	649	1175	10	0	132	486
305	344	236	-7	3402	3792	10	224	0	1512
306	202	6	20	2356	2849	10	0	318	1327
307	2	29	-10	5332	5694	10	445	0	1871
308	366	340	23	2682	3159	10	0	129	1470
309	328	8	-3	1589	2094	10	326	0	565
310	316	383	-14	3049	3599	10	68	0	296
311	384	53	13	3637	4080	10	0	513	1922
312	302	300	17	3167	3610	10	0	74	1733
313	29	86	28	2080	2602	10	0	500	1198
314	358	309	-14	3219	3749	10	787	0	1657
315	147	210	23	53	473	10	0	599	209
316	287	279	-16	4589	5103	10	745	0	1616
317	102	149	12	1782	2395	10	0	477	1142
318	115	51	-20	3195	3709	10	306	0	1327
319	393	256	-13	1389	1841	10	465	0	535
320	340	290	-20	1608	2120	10	559	0	222
321	271	116	-12	3430	3960	10	397	0	1381
322	332	216	12	1631	2069	10	0	251	968
323	319	113	26	4434	5025	10	0	238	2365
324	246	47	18	4277	4810	10	0	466	2136
325	247	377	-7	4719	5125	10	551	0	2097
326	371	111	3	791	1324	10	0	309	565
327	397	362	15	790	1333	10	0	142	532
328	157	220	-12	5311	5818	10	731	0	2518
329	322	281	9	361	891	10	0	634	372
330	50	385	-13	3112	3593	10	37	0	556
331	193	216	-24	4742	5225	10	580	0	2389
332	80	282	-3	1889	2401	10	733	0	298
333	91	388	-21	663	1177	10	440	0	252
334	351	199	4	2962	3494	10	0	90	1642
335	327	115	-26	983	1565	10	246	0	653
336	23	317	10	1630	2119	10	0	479	953
337	362	378	17	1594	2306	10	0	21	932
338	337	248	-12	1710	2227	10	433	0	869
339	4	307	14	4105	4635	10	0	531	2205
340	379	254	3	991	1444	10	0	577	528
341	67	318	-8	814	1272	10	182	0	404
342	372	382	7	2351	2772	10	0	436	1260
343	356	223	28	3710	4153	10	0	244	1997
344	243	215	7	45	511	10	0	729	232
345	336	201	-23	3076	3604	10	624	0	1627
346	338	5	-9	3921	4331	10	3	0	1709
347	142	385	-24	1869	2469	10	758	0	685
348	192	332	31	1578	2048	10	0	380	771
349	18	294	-14	1775	2243	10	196	0	488
350	400	373	7	855	1359	10	0	260	547
351	287	225	-21	2821	3264	10	20	0	1447
352	66	144	29	380	861	10	0	768	357
353	19	61	16	4393	4947	10	0	209	2359
354	389	171	-17	1634	2097	10	721	0	427
355	377	29	-16	2838	3255	10	710	0	935
356	6	20	27	839	1384	10	0	648	559
357	68	215	-15	3703	4188	10	644	0	1230
358	177	55	-6	2894	3271	10	739	0	1284
359	118	122	-28	3636	4088	10	798	0	1166
360	43	121	12	3749	4250	10	0	791	2034
361	13	322	-15	1293	1768	10	235	0	513
362	193	390	21	3924	4472	10	0	30	1917
363	369	211	-1	1686	2136	10	612	0	652
364	92	73	8	1207	1612	10	0	777	603
365	163	270	14	2010	2467	10	0	141	1193
366	349	249	-34	3252	3829	10	454	0	1734
367	133	375	-9	2434	2887	10	407	0	264
368	266	234	-11	3456	3967	10	630	0	1111
369	353	3	-31	853	1312	10	597	0	450
370	18	102	-15	715	1263	10	11	0	360
371	236	260	-5	4318	4752	10	488	0	1237
372	142	262	-14	1852	2365	10	792	0	866
373	314	257	13	252	768	10	0	478	320
374	161	124	-17	2451	2950	10	568	0	1386
375	170	114	-26	2364	2848	10	439	0	836
376	85	256	-24	3875	4274	10	785	0	511
377	243	140	-30	4933	5374	10	272	0	2626
378	41	183	-9	4488	5050	10	441	0	1809
379	359	157	5	3043	3555	10	0	61	1695
380	146	301	-31	1204	1741	10	348	0	771
381	184	233	19	36	507	10	0	650	235
382	194	121	21	4968	5329	0	0	805	2624
383	277	163	29	2247	2602	10	0	437	1258
384	125	182	-15	77	584	10	584	0	216
385	51	205	26	4696	5151	10	0	152	2500
386	260	352	-37	1436	1841	10	120	0	745
387	55	115	-9	2912	3470	10	693	0	1146
388	102	324	23	1773	2273	10	0	717	1057
389	238	124	-34	2101	2635	10	144	0	298
390	54	108	-16	849	1406	10	399	0	196
391	108	75	24	376	865	10	0	668	354
392	359	42	-11	3179	3675	10	516	0	1566
393	248	286	35	179	690	10	0	525	295
394	98	375	29	629	991	10	0	215	394
395	340	276	-28	3299	3762	10	65	0	568
396	85	128	-10	4962	5460	10	44	0	192
397	277	143	12	2410	2858	10	0	321	1381
398	6	62	-24	3428	3868	10	43	0	1782
399	143	159	16	98	463	10	0	390	196
400	159	164	-7	5160	5650	10	56	0	2116
401	343	322	21	3030	3582	10	0	750	1676
402	223	41	19	2055	2472	10	0	86	1155
403	155	159	15	67	504	10	0	698	221
404	73	4	-16	5397	5971	10	250	0	1179
405	175	304	24	252	604	10	0	737	248
406	40	31	-11	2148	2576	10	748	0	526
407	110	241	9	164	628	10	0	367	264
408	399	179	-20	1586	2114	10	280	0	515
409	196	77	-11	3133	3611	10	669	0	1497
410	8	363	-18	3288	3866	10	292	0	1686
411	126	90	-23	3300	3744	10	258	0	1670
412	136	373	33	2268	2767	10	0	31	1291
413	339	69	-8	3705	4141	10	472	0	1629
414	234	73	8	452	908	10	0	47	388
415	65	335	4	1173	1582	10	0	253	695
416	35	238	32	568	1078	10	0	726	454
417	201	242	-8	2897	3387	10	655	0	1049
418	279	262	19	195	609	10	0	153	254
419	111	286	21	384	801	10	0	173	338
420	350	207	-30	1341	1801	10	267	0	820
421	305	257	3	2269	2803	10	0	481	1341
422	320	166	-2	2174	2633	10	279	0	267
423	285	287	22	2812	3272	10	0	164	1575
424	228	96	37	1148	1549	10	0	571	720
425	296	388	41	868	1346	10	0	205	567
426	38	366	18	818	1368	10	0	554	568
427	26	275	-29	4356	4817	10	615	0	1616
428	49	187	20	628	1022	10	0	242	435
429	291	304	-33	3974	4452	10	218	0	255
430	81	156	-42	1576	2027	10	15	0	440
431	3	2	-17	3641	4130	10	127	0	204
432	354	199	-18	4892	5469	10	239	0	2229
433	361	194	12	1458	1900	10	0	338	869
434	267	321	26	2367	2818	10	0	609	1339
435	378	30	-26	4224	4692	10	789	0	860
436	217	211	-7	4566	4997	10	342	0	1260
437	246	152	-29	2227	2703	10	383	0	1258
438	336	386	21	2686	3251	10	0	276	1510
439	348	102	26	1404	1850	10	0	375	836
440	162	251	21	63	569	10	0	333	252
441	70	81	9	3343	3795	10	0	378	1809
442	231	320	4	477	924	10	0	299	400
443	374	163	29	1079	1564	10	0	708	693
444	367	300	16	1640	2075	10	0	241	940
445	45	85	10	3505	3936	10	0	307	1871
446	330	76	10	3506	4038	10	0	203	1929
447	371	386	-8	1119	1600	10	288	0	366
448	253	316	-19	1518	1966	10	625	0	758
449	264	69	-14	2471	2973	10	635	0	1394
450	330	353	-15	4553	5058	10	114	0	1547
451	169	235	35	46	617	10	0	610	285
452	186	179	29	25	560	10	0	527	267
453	13	220	-16	4057	4583	10	471	0	1359
454	323	218	34	3084	3594	10	0	366	1734
455	300	319	14	404	929	10	0	511	386
456	356	315	-12	1488	1997	10	762	0	747
457	193	18	22	1542	2066	10	0	562	941
458	228	341	-8	3833	4345	10	55	0	2010
459	324	184	-35	262	822	10	67	0	276
460	344	72	8	4077	4562	10	0	300	2184
461	376	19	-31	4963	5402	10	545	0	2198
462	74	351	-26	3664	4134	10	482	0	254
463	262	30	-17	447	1000	10	497	0	313
464	256	145	-10	4382	4888	10	252	0	2271
465	361	287	13	910	1255	10	0	319	535
466	188	67	-18	4012	4504	10	324	0	2136
467	26	70	-14	3497	3992	10	679	0	462
468	381	375	-2	4106	4585	10	181	0	954
469	220	71	22	2522	3008	10	0	594	1438
470	371	349	-12	859	1363	10	273	0	244
471	26	260	16	2251	2903	10	0	453	1359
472	339	3	8	3040	3501	10	0	413	1629
473	308	314	-18	2349	2889	10	542	0	1112
474	113	80	19	507	942	10	0	760	396
475	78	261	32	264	828	10	0	4	345
476	85	333	19	2102	2630	10	0	274	1227
477	192	151	-12	2140	2649	10	317	0	1142
478	382	169	-13	2448	2936	10	373	0	320
479	52	301	-10	3495	4023	10	336	0	953
480	51	64	-26	3046	3436	10	121	0	1588
481	273	182	-3	3236	3687	10	421	0	1341
482	163	264	26	73	583	10	0	462	254
483	213	305	24	1781	2258	10	0	193	1076
484	96	162	-36	3467	3950	10	694	0	1542
485	209	208	8	12	485	10	0	566	236
486	100	15	21	1043	1601	10	0	197	695
487	8	68	29	2414	2932	10	0	281	1134
488	256	385	5	2218	2668	10	0	371	1237
489	178	103	-8	2247	2812	10	561	0	1325
490	285	107	17	1797	2327	10	0	208	1100
491	1	335	-21	772	1347	10	616	0	289
492	274	7	21	1149	1607	10	0	778	700
493	213	216	9	20	407	10	0	772	193
494	190	27	10	1522	1930	10	0	564	878
495	73	124	-26	2017	2523	10	211	0	820
496	321	144	-16	4004	4631	10	711	0	849
497	296	156	17	212	733	10	0	463	313
498	348	189	-17	870	1399	10	653	0	238
499	117	395	13	1370	1960	10	0	284	874
500	2	52	-28	2491	3042	10	313	0	1198
501	186	145	-33	5761	6281	10	646	0	1969
502	381	290	-12	1727	2147	10	2	0	259
503	244	50	23	3614	4139	10	0	206	1991
504	11	328	-23	2872	3387	10	269	0	576
505	317	183	29	306	762	10	0	268	321
506	196	51	19	1921	2438	10	0	659	1144
507	212	197	16	3271	3678	10	0	287	1646
508	299	227	25	198	707	10	0	556	302
509	395	340	24	684	1237	10	0	553	498
510	259	4	26	2238	2729	10	0	223	1262
511	292	392	-14	2464	2944	10	455	0	386
512	211	153	14	48	546	10	0	773	248
513	370	57	-13	4323	4744	10	311	0	1922
514	119	286	-3	3163	3586	10	226	0	1388
515	213	332	-18	2686	3175	10	115	0	503
516	328	39	11	2832	3338	10	0	392	1566
517	312	247	-4	3404	3772	10	699	0	725
518	248	126	23	2470	2864	10	0	13	1310
519	208	20	-12	2251	2678	10	109	0	1063
520	201	195	12	5	444	10	0	652	219
521	146	174	23	59	454	10	0	162	197
522	341	33	-6	937	1416	10	105	0	328
523	86	112	-27	2682	3139	10	664	0	1170
524	140	40	27	3896	4345	10	0	113	2087
525	310	340	-35	517	989	10	393	0	295
526	176	154	15	51	674	10	0	606	311
527	131	89	-29	454	789	10	452	0	267
528	74	231	-25	1713	2195	10	63	0	815
529	93	31	21	2458	2924	10	0	744	1361
530	349	324	-21	1995	2431	10	641	0	543
531	5	344	-14	4855	5338	10	339	0	2205
532	159	79	15	2991	3465	10	0	146	1668
533	137	68	-13	392	877	10	604	0	311
534	103	95	26	2204	2684	10	0	537	1270
535	315	237	-16	1865	2411	10	168	0	700
536	294	118	13	277	720	10	0	137	297
537	75	89	-26	3135	3593	10	534	0	1270
538	369	6	-15	2007	2493	10	754	0	1104
539	63	166	4	3808	4280	10	0	175	1920
540	59	89	-22	2940	3335	10	101	0	1245
541	138	326	17	2062	2544	10	0	263	1201
542	304	395	18	1905	2445	10	0	473	1112
543	59	49	36	1458	1932	10	0	200	862
544	170	176	-5	3923	4323	10	228	0	1940
545	384	47	31	4214	4637	10	0	461	2198
546	117	381	-19	2319	2781	10	216	0	241
547	72	315	-8	2571	3001	10	295	0	1071
548	326	156	-27	944	1507	10	592	0	216
549	41	340	26	3221	3799	10	0	8	1793
550	94	165	5	2382	2932	10	0	795	1395
551	229	371	7	3854	4368	10	0	325	2097
552	107	98	21	408	777	10	0	72	319
553	262	233	-24	4251	4745	10	509	0	498
554	41	337	-18	2468	3004	10	426	0	568
555	243	275	-10	3469	4007	10	620	0	1847
556	384	307	-25	1336	1823	10	508	0	302
557	365	303	4	3494	3840	10	0	596	1822
558	397	73	15	730	1145	10	0	6	455
559	234	214	20	36	481	10	0	320	222
560	3	15	-24	4259	4674	10	255	0	341
561	244	135	8	2443	3051	10	0	489	1325
562	303	112	-22	3352	3752	10	457	0	941
563	325	45	8	2198	2634	10	0	220	1217
564	343	134	-10	3828	4362	10	494	0	878
565	307	396	28	2886	3411	10	0	249	1399
566	278	289	-8	239	707	10	485	0	236
567	203	40	-16	2962	3491	10	83	0	1558
568	238	119	17	2498	3006	10	0	374	1386
569	166	357	-16	4632	5194	10	678	0	484
570	290	82	-29	3453	3854	10	781	0	1693
571	177	139	-37	6181	6580	10	424	0	720
572	2	200	35	1185	1666	10	0	10	695
573	348	319	-10	1141	1629	10	275	0	319
574	36	203	11	1318	1845	10	0	782	762
575	125	122	15	262	747	10	0	104	319
576	184	69	1	1811	2335	10	0	674	1101
577	368	278	-3	769	1281	10	340	0	528
578	374	175	18	1209	1662	10	0	133	743
579	126	208	-14	5324	5752	10	157	0	2455
580	184	235	24	4292	4818	10	0	331	2389
581	153	315	16	215	779	10	0	33	327
582	48	278	-29	476	971	10	602	0	367
583	286	308	3	2373	2766	10	0	776	1313
584	197	200	15	3	436	10	0	384	216
585	196	138	18	108	592	10	0	704	264
586	226	52	17	1787	2294	10	0	103	1071
587	256	356	19	502	923	10	0	680	378
588	108	399	23	606	1148	10	0	759	464
589	124	221	27	3862	4283	10	0	46	2102
590	240	201	13	2866	3286	10	0	131	1622
591	122	105	7	570	971	10	0	108	424
592	236	171	27	46	479	10	0	548	216
593	348	371	23	2421	2915	0	0	804	1344
594	183	71	-22	2907	3331	10	469	0	1438
595	26	326	21	2390	2792	10	0	746	1274
596	338	315	-4	3625	4112	10	557	0	1822
597	380	126	31	644	1095	10	0	369	450
598	74	283	-16	4096	4712	10	262	0	627
599	46	197	-23	1503	2003	10	315	0	209
600	30	39	8	1294	1770	10	0	73	767
601	88	372	-36	1240	1715	10	117	0	465
602	60	319	29	826	1335	10	0	582	367
603	174	326	-26	3619	4139	10	736	0	831
604	172	109	13	124	719	10	0	533	311
605	157	378	-32	3494	3956	10	214	0	1804
606	219	49	-15	1677	2131	10	526	0	311
607	316	112	-8	3679	4151	10	122	0	1770
608	398	325	-21	3392	3726	10	742	0	1731
609	230	234	-26	6086	6523	10	434	0	1339
610	97	387	-35	2048	2562	10	451	0	285
611	262	212	-12	4318	4805	10	626	0	2067
612	349	181	1	977	1455	10	0	363	652
613	29	9	-15	3165	3558	10	682	0	849
614	201	255	16	55	649	10	0	126	296
615	21	255	29	2784	3421	10	0	427	1616
616	102	252	21	198	690	10	0	491	289
617	9	47	-18	3264	3679	10	738	0	1404
618	237	243	9	56	597	10	0	723	270
619	330	313	27	428	950	10	0	147	388
620	282	252	10	3269	3793	10	0	555	1847
621	16	114	-24	2673	3232	10	764	0	1407
622	236	38	-15	1528	2053	10	670	0	890
623	247	212	15	496	1002	10	0	257	476
624	366	97	23	2846	3450	10	0	345	1627
625	284	311	19	1258	1657	10	0	448	758
626	308	217	12	3813	4244	10	0	611	2067
627	343	184	17	4321	4780	10	0	57	2318
628	55	346	13	1577	2084	10	0	160	939
629	316	327	-18	2876	3352	10	36	0	1558
630	255	80	11	1922	2356	10	0	368	1111
631	102	118	22	4504	4966	10	0	179	2419
632	73	126	38	1526	1950	10	0	143	901
633	369	171	23	459	912	10	0	645	370
634	350	214	-9	3108	3571	10	329	0	372
635	244	56	14	2455	2961	10	0	449	1394
636	287	343	-2	2722	3160	10	188	0	553
637	220	38	32	2099	2661	10	0	138	1248
638	154	41	22	4961	5445	10	0	221	2639
639	173	72	-33	900	1414	10	640	0	631
640	206	106	33	918	1507	10	0	639	631
641	362	383	21	833	1332	10	0	530	543
642	107	159	-4	3932	4442	10	107	0	964
643	319	160	26	478	985	10	0	734	429
644	88	121	15	2065	2599	10	0	357	1230
645	341	78	-23	3194	3563	10	633	0	370
646	97	105	33	3588	4080	10	0	501	1969
647	246	244	-9	2540	3010	10	719	0	437
648	35	79	-27	1531	1970	10	356	0	559
649	37	106	5	1227	1760	10	0	170	785
650	173	384	-19	527	960	10	381	0	235
651	368	63	-29	1467	1970	10	715	0	871
652	300	272	-12	2599	3065	10	520	0	219
653	237	200	17	37	513	10	0	498	238
654	286	44	18	2114	2532	10	0	29	1176
655	294	249	8	1682	2206	10	0	417	1049
656	388	106	9	882	1347	10	0	116	568
657	148	71	-14	3066	3577	10	243	0	1574
658	100	218	31	241	700	10	0	149	299
659	177	77	-19	3015	3496	10	506	0	1144
660	148	94	-4	3182	3646	10	106	0	887
661	16	311	10	1014	1450	10	0	702	617
662	158	85	-18	3600	3984	10	194	0	272
663	105	254	12	1483	1907	10	0	5	898
664	66	118	27	2138	2498	10	0	523	1170
665	13	96	-19	2818	3313	10	692	0	1414
666	348	41	-27	2436	2945	10	705	0	973
667	135	161	15	5183	5740	0	0	810	2832
668	85	61	-24	538	906	10	391	0	354
669	160	62	11	2652	3139	10	0	409	1497
670	234	20	15	1503	1964	10	0	622	890
671	108	395	12	2158	2542	10	0	124	1163
672	230	139	-11	5014	5489	10	285	0	2043
673	45	291	18	635	1193	10	0	48	506
674	266	8	-1	2138	2622	10	576	0	1101
675	95	391	-20	1670	2231	10	282	0	217
676	156	32	34	3000	3442	10	0	294	1634
677	58	98	15	923	1302	10	0	713	563
678	79	344	16	696	1157	10	0	569	484
679	59	51	14	637	1131	10	0	467	462
680	380	339	-19	2754	3297	10	587	0	378
681	165	126	-20	4790	5269	10	42	0	2438
682	43	67	15	1478	1904	10	0	613	849
683	377	72	-24	5081	5504	10	52	0	633
684	209	167	17	34	542	10	0	180	223
685	57	381	-3	786	1166	10	27	0	328
686	294	13	26	2154	2660	10	0	91	1225
687	87	147	-26	3308	3807	10	174	0	1467
688	4	60	29	769	1271	10	0	92	470
689	26	247	31	1336	1887	10	0	730	853
690	44	296	-22	1762	2228	10	232	0	896
691	357	38	2	4271	4685	10	0	201	2229
692	56	156	19	2603	2980	10	0	665	1414
693	52	194	9	2068	2442	10	0	387	1146
694	124	179	36	2704	3163	10	0	484	1542
695	311	356	-26	511	1020	10	88	0	408
696	140	131	-24	3330	3823	10	793	0	1350
697	364	213	-12	2172	2573	10	123	0	1150
698	102	84	-15	510	933	10	403	0	221
699	7	143	4	1133	1652	10	0	517	725
700	105	360	10	2986	3419	10	0	783	1616
701	150	49	5	3197	3704	10	0	230	1772
702	52	343	-10	1453	2081	10	661	0	617
703	218	134	-18	4895	5424	10	82	0	1509
704	199	22	-18	1622	2122	10	585	0	264
705	381	27	27	1625	2198	10	0	666	973
706	75	76	-1	1108	1643	10	771	0	238
707	377	282	20	1384	1841	10	0	98	822
708	377	144	-29	1671	2188	10	443	0	693
709	59	285	-18	4457	4837	10	774	0	800
710	321	85	16	1550	2038	10	0	355	935
711	194	65	16	1376	1834	10	0	496	849
712	213	280	29	113	535	10	0	177	226
713	41	93	-15	3814	4254	10	677	0	563
714	41	399	-21	868	1343	10	176	0	414
715	334	92	29	1583	2086	10	0	651	871
716	76	72	-18	3871	4326	10	727	0	525
717	55	341	-23	2478	3045	10	388	0	1057
718	248	124	19	2496	2938	10	0	135	1424
719	0	155	9	560	1080	10	0	647	437
720	186	355	25	410	836	10	0	270	340
721	102	42	17	534	1040	10	0	354	427
722	96	209	28	329	774	10	0	213	334
723	325	294	-9	4377	4908	10	618	0	270
724	251	381	-43	872	1389	10	192	0	274
725	362	115	-17	4100	4511	10	761	0	1399
726	8	119	-32	3174	3654	10	416	0	454
727	53	51	18	737	1260	10	0	716	525
728	123	30	-25	2630	3072	10	770	0	1225
729	361	236	-7	510	908	10	344	0	232
730	76	90	-31	2819	3275	10	689	0	853
731	77	319	12	4823	5209	10	0	328	2518
732	395	113	9	2083	2676	10	0	163	1231
733	110	290	3	376	724	10	0	332	298
734	251	70	-26	1638	2144	10	643	0	429
735	26	199	26	3096	3484	10	0	53	1654
736	92	384	26	1466	1877	10	0	603	831
737	122	397	-24	2086	2645	10	405	0	248
738	15	4	18	2637	3078	10	0	617	1404
739	168	15	6	2339	2756	10	0	358	1284
740	47	190	-8	2339	2829	10	172	0	382
741	35	160	13	3849	4411	10	0	199	2120
742	388	275	21	3492	4044	10	0	608	1731
743	338	150	-19	2905	3360	10	202	0	414
744	186	75	-21	2874	3484	10	529	0	1361
745	352	383	16	3032	3470	10	0	316	1616
746	50	315	-21	2346	2801	10	595	0	1274
747	153	224	-24	2948	3450	10	784	0	1274
748	2	17	11	952	1323	10	0	406	526
749	168	223	19	39	516	10	0	302	238
750	299	270	-21	3163	3620	10	401	0	1676
751	397	133	-14	2769	3280	10	786	0	1083
752	24	57	18	611	1203	10	0	102	488
753	234	37	12	1861	2356	10	0	158	1094
754	381	12	15	2190	2655	10	0	538	1104
755	117	148	14	171	612	10	0	190	257
756	325	130	-12	3967	4459	10	62	0	1619
757	146	320	22	1810	2283	10	0	32	1075
758	8	285	24	1126	1581	10	0	347	685
759	146	324	-23	5435	5977	10	588	0	464
760	131	82	-19	3378	3909	10	474	0	396
761	266	13	17	2556	2997	10	0	725	1399
762	348	343	12	1137	1700	10	0	456	747
763	91	61	-25	5706	6222	10	256	0	1289
764	114	88	24	2559	2956	10	0	621	1407
765	36	286	-9	2895	3324	10	195	0	1377
766	325	311	-16	2227	2793	10	769	0	1102
767	192	268	31	1924	2386	10	0	183	1158
768	37	119	-29	1977	2353	10	352	0	357
769	291	398	16	1947	2422	10	0	766	1102
770	201	6	25	2155	2646	10	0	728	1225
771	162	121	1	137	564	10	0	706	238
772	302	345	-9	709	1246	10	493	0	193
773	297	137	-14	1661	2123	10	512	0	248
774	34	371	18	1320	1839	10	0	709	800
775	202	158	11	4448	4939	0	0	809	2448
776	338	290	-3	2432	2889	10	583	0	1313
777	100	10	-8	953	1448	10	364	0	603
778	310	163	-21	2600	3057	10	492	0	700
779	368	215	-16	2726	3206	10	797	0	1416
780	142	379	-33	2938	3425	10	248	0	224
781	326	79	29	3009	3562	10	0	570	1693
782	5	266	-11	1294	1769	10	574	0	762
783	140	344	-10	4971	5453	10	700	0	1616
784	267	221	24	2194	2619	10	0	747	1274
785	18	235	24	655	1209	10	0	376	511
786	393	246	14	1822	2365	10	0	751	1083
787	394	299	14	2939	3532	10	0	314	1657
788	244	176	24	50	367	10	0	111	158
789	309	18	26	1359	1933	10	0	435	860
790	364	23	-44	4095	4546	10	154	0	1936
791	75	238	-12	3787	4377	10	360	0	2034
792	81	290	14	1442	1882	10	0	372	866
793	209	283	24	2274	2784	10	0	696	1350
794	353	357	-14	661	1221	10	87	0	390
795	87	164	-5	2495	2919	10	550	0	1395
796	400	109	-26	3213	3686	10	17	0	1515
797	319	115	16	2459	2980	10	0	779	1416
798	349	135	28	2008	2495	10	0	359	1166
799	12	368	12	2914	3378	10	0	77	1562
800	231	6	-4	2605	3123	10	59	0	1387
801	52	94	-14	4421	4832	10	69	0	2324
802	350	18	-20	4324	4881	10	212	0	2322
803	68	250	-14	2113	2518	10	93	0	1188
804	348	371	-23	2421	2915	10	593	0	1344
805	194	121	-21	4968	5329	10	382	0	2624
806	84	221	-22	4254	4690	10	45	0	2286
807	91	233	-25	1662	2188	10	79	0	1037
808	357	147	-23	1949	2418	10	169	0	1126
809	202	158	-11	4448	4939	10	775	0	2448
810	135	161	-15	5183	5740	10	667	0	2832

