200	1000	1
0	200	200	0	0	6751	0	0	0
1	221	225	16	90	172	10	0	787	139
2	279	247	12	312	423	10	0	177	331
3	355	41	9	3343	3489	10	0	29	3266
4	93	283	13	0	6606	10	0	58	6425
5	163	207	6	0	6704	10	0	523	6427
6	364	55	-10	0	6523	10	392	0	6274
7	329	208	20	0	6612	10	0	345	6455
8	102	377	16	0	6539	10	0	671	6294
9	356	299	-11	0	6557	10	19	0	6209
10	10	202	-19	0	6551	10	692	0	6325
11	40	153	15	590	745	10	0	370	578
12	145	165	13	188	333	10	0	306	267
13	278	265	-8	2584	2725	10	655	0	1912
14	338	14	-23	4814	4916	10	346	0	4005
15	13	167	-11	0	6552	10	528	0	1889
16	179	125	4	251	372	10	0	492	294
17	194	43	26	2862	3055	10	0	375	2897
18	358	261	19	0	6572	10	0	634	6363
19	299	399	11	0	6519	10	0	9	6209
20	246	247	21	2688	2862	10	0	647	2794
21	343	359	26	0	6528	10	0	342	2349
22	101	8	3	0	6525	10	0	533	6299
23	302	274	15	0	6615	10	0	395	3433
24	131	275	-20	2104	2247	10	94	0	2018
25	191	167	-26	3787	3946	10	643	0	687
26	332	124	22	1337	1453	10	0	222	1300
27	106	302	-35	501	609	10	451	0	196
28	380	145	31	2092	2210	10	0	578	2021
29	334	100	-9	0	6574	10	3	0	3266
30	180	359	-25	3741	3910	10	160	0	1804
31	142	238	-16	4686	4854	10	471	0	4541
32	138	306	-37	3460	3571	10	610	0	2168
33	16	294	21	1501	1643	10	0	550	1436
34	206	7	-23	3168	3303	10	606	0	3096
35	299	308	21	0	6595	10	0	429	6437
36	343	335	-19	0	6545	10	418	0	363
37	135	384	-9	957	1114	10	139	0	216
38	161	346	7	4272	4298	10	0	569	4146
39	206	286	-30	0	6655	10	253	0	2376
40	156	4	25	864	940	10	0	761	739
41	326	335	-22	3946	4023	10	608	0	3373
42	82	78	-4	0	6572	10	59	0	2607
43	37	21	-19	0	6499	10	134	0	6233
44	177	174	10	50	228	10	0	721	193
45	84	221	-9	4432	4511	10	209	0	4197
46	171	168	14	0	6698	10	0	763	5845
47	207	185	-12	0	6725	10	464	0	4626
48	92	255	30	0	6620	10	0	782	6317
49	220	337	23	1228	1388	10	0	329	1249
50	137	132	20	0	6649	10	0	544	6545
51	342	154	-16	0	6592	10	743	0	3078
52	353	65	24	1238	1328	10	0	435	1123
53	70	231	16	4391	4505	10	0	199	4371
54	79	95	-16	4887	5038	10	797	0	4640
55	352	303	8	4258	4440	10	0	334	4256
56	136	226	-34	3995	4105	10	144	0	3810
57	243	209	-17	0	6698	10	498	0	6432
58	145	301	-13	0	6626	10	4	0	6425
59	254	0	4	2687	2815	10	0	42	2607
60	310	363	-9	4210	4384	10	596	0	3743
61	387	267	-15	3555	3701	10	327	0	926
62	236	44	12	3111	3199	10	0	567	3027
63	94	268	-19	1431	1610	10	119	0	1152
64	84	293	11	0	6593	10	0	332	2019
65	11	135	28	1038	1156	10	0	131	956
66	280	5	9	0	6531	10	0	686	6295
67	265	127	35	345	436	10	0	561	338
68	259	285	-27	0	6638	10	619	0	6379
69	52	94	-19	4511	4742	10	665	0	4478
70	278	221	27	3619	3718	10	0	128	3637
71	231	229	-22	0	6699	10	723	0	6418
72	168	100	29	2512	2665	10	0	287	2560
73	14	53	-3	0	6504	10	190	0	4399
74	237	259	-23	4682	4828	10	447	0	4380
75	69	82	11	3532	3587	10	0	441	3410
76	192	291	3	0	6650	10	0	216	6544
77	8	384	-24	0	6476	10	405	0	365
78	367	361	22	1944	2073	10	0	167	1841
79	91	233	-21	0	6628	10	562	0	6238
80	125	175	20	0	6662	10	0	179	5211
81	304	319	-28	0	6583	10	565	0	2984
82	241	275	-16	0	6656	10	125	0	6283
83	193	29	-10	0	6570	10	252	0	6317
84	80	392	-16	0	6515	10	678	0	841
85	300	64	-24	4600	4777	10	138	0	3848
86	327	11	22	2363	2480	10	0	221	2252
87	299	351	14	667	778	10	0	350	597
88	311	344	26	0	6560	10	0	254	6348
89	229	105	-16	3449	3512	10	250	0	3140
90	362	207	18	3146	3341	10	0	433	3178
91	344	154	30	3998	4108	10	0	715	3956
92	39	34	-7	1014	1044	10	591	0	801
93	68	250	14	2235	2396	10	0	791	2254
94	268	223	20	0	6670	10	0	24	2018
95	116	195	-13	0	6657	10	536	0	455
96	352	156	-20	3601	3701	10	363	0	3464
97	313	64	-13	0	6565	10	238	0	4605
98	375	294	2	0	6543	10	0	762	6271
99	391	260	-13	0	6541	10	590	0	6328
100	334	186	1	608	757	10	0	169	622
101	84	206	-30	0	6625	10	283	0	1989
102	12	40	-2	2492	2547	10	279	0	2289
103	195	148	-27	5336	5389	10	524	0	3990
104	381	144	18	0	6552	10	0	725	4129
105	320	211	-24	0	6621	10	483	0	1967
106	308	178	4	1578	1728	10	0	184	1617
107	376	205	-12	1801	1939	10	123	0	1665
108	257	98	8	1343	1484	10	0	321	1367
109	111	4	-29	2036	2167	10	452	0	1941
110	330	310	-35	2731	2814	10	153	0	846
111	305	255	-20	1254	1355	10	559	0	1226
112	140	387	8	0	6545	10	0	603	6336
113	164	80	-10	4686	4902	10	489	0	4765
114	271	371	15	0	6556	0	0	807	6370
115	4	280	18	0	6530	10	0	349	1806
116	347	59	-20	0	6538	10	369	0	871
117	147	376	36	747	916	10	0	783	732
118	74	213	33	0	6615	10	0	385	6430
119	54	341	19	1226	1355	10	0	63	1152
120	303	358	37	0	6553	10	0	155	2751
121	21	82	-14	3373	3482	10	613	0	3142
122	379	126	-24	3509	3542	10	788	0	224
123	398	258	12	0	6535	10	0	107	1665
124	152	361	-23	0	6573	10	388	0	6342
125	397	261	16	0	6535	10	0	82	6283
126	250	340	21	0	6593	10	0	485	6432
127	166	185	-20	0	6704	10	428	0	6425
128	294	184	-27	4277	4427	10	70	0	3637
129	303	258	-16	0	6623	10	168	0	1242
130	87	378	-18	1437	1621	10	187	0	1392
131	250	183	-28	4097	4198	10	65	0	956
132	384	72	-44	3967	4100	10	154	0	3811
133	98	107	-12	0	6603	10	360	0	6360
134	56	97	19	0	6564	10	0	43	6233
135	225	53	-17	4328	4451	10	586	0	1981
136	280	224	20	0	6658	10	0	444	1706
137	208	86	2	3862	3919	10	0	592	3804
138	395	167	24	3915	4046	10	0	85	3848
139	215	260	9	217	278	10	0	37	216
140	44	277	9	0	6568	10	0	479	3616
141	174	329	-13	0	6610	10	499	0	1520
142	380	390	-10	0	6480	10	275	0	435
143	120	170	24	0	6656	10	0	642	6527
144	273	118	34	0	6632	10	0	56	3810
145	103	154	-36	4413	4555	10	694	0	4433
146	180	15	7	0	6555	10	0	228	3544
147	371	396	5	0	6481	10	0	742	3446
148	169	352	-19	0	6586	10	284	0	6412
149	78	85	-22	2984	3063	10	233	0	2883
150	226	378	30	1429	1562	10	0	432	1382
151	357	202	-18	0	6584	10	194	0	135
152	68	143	-7	5033	5128	10	278	0	4854
153	384	248	35	857	1037	10	0	110	846
154	391	42	44	0	6494	10	0	132	3811
155	267	295	-37	2948	3023	10	120	0	2751
156	350	131	12	3204	3330	10	0	326	3164
157	5	345	14	4841	4963	10	0	232	4719
158	199	45	26	3173	3265	10	0	204	3109
159	166	115	-16	0	6650	10	399	0	253
160	103	361	25	1804	1992	10	0	30	1804
161	239	252	-28	5336	5443	10	325	0	4788
162	2	3	-20	3153	3321	10	560	0	3028
163	335	202	-4	3322	3431	10	316	0	3212
164	158	121	-11	4429	4534	10	293	0	4275
165	320	24	-15	4023	4159	10	335	0	3904
166	166	19	11	0	6557	10	0	507	6350
167	326	374	-22	0	6527	10	78	0	1841
168	317	240	16	1189	1366	10	0	129	1242
169	357	147	-1	0	6576	10	100	0	622
170	32	78	-22	2612	2697	10	648	0	1619
171	40	336	-31	4796	4966	10	330	0	3189
172	52	251	8	0	6585	10	0	357	6403
173	40	314	7	0	6545	10	0	427	6304
174	233	100	26	2726	2886	10	0	589	2780
175	78	194	-15	0	6619	10	584	0	6486
176	110	351	21	0	6566	10	0	531	4832
177	321	287	-12	0	6592	10	2	0	331
178	369	118	-19	4207	4328	10	756	0	4129
179	101	99	-20	5238	5380	10	80	0	5211
180	232	127	-11	0	6662	10	516	0	2924
181	390	376	-19	1843	1980	10	566	0	1709
182	73	292	-15	0	6585	10	341	0	954
183	195	121	23	3497	3591	10	0	660	3511
184	175	192	-4	3681	3830	10	106	0	1617
185	33	226	-26	0	6572	10	579	0	6392
186	390	357	13	0	6495	10	0	193	2038
187	80	365	18	0	6537	10	0	130	1392
188	344	321	-20	0	6553	10	794	0	785
189	397	283	9	1656	1757	10	0	556	1543
190	66	5	3	4567	4636	10	0	73	4399
191	160	313	-24	3412	3579	10	759	0	3415
192	210	294	43	308	449	10	0	720	354
193	320	373	-13	2164	2367	10	186	0	2038
194	231	182	18	116	171	10	0	151	135
195	30	349	9	0	6515	10	0	628	6274
196	26	372	-11	0	6497	10	547	0	6241
197	154	68	20	2941	3089	10	0	604	2949
198	338	106	-12	3812	3920	10	520	0	104
199	49	222	-16	4523	4616	10	53	0	4371
200	17	99	-13	4042	4129	10	281	0	2130
201	279	148	-26	5815	5921	10	323	0	4625
202	309	279	19	627	750	10	0	337	615
203	384	64	-1	0	6513	10	261	0	6185
204	231	36	-26	4136	4231	10	158	0	3109
205	279	337	-20	0	6583	10	707	0	6265
206	187	23	-8	0	6564	10	387	0	6225
207	32	163	-24	0	6569	10	764	0	2685
208	214	119	5	0	6659	10	0	355	2808
209	74	87	9	0	6572	10	0	45	4197
210	134	320	-19	681	756	10	381	0	145
211	42	197	-32	1455	1615	10	416	0	695
212	350	18	20	4496	4710	10	0	460	4474
213	92	68	19	0	6571	10	0	494	6281
214	48	358	32	3499	3625	10	0	580	3405
215	160	222	-16	5187	5285	10	709	0	4529
216	184	282	-3	0	6658	10	76	0	6544
217	168	268	-37	0	6666	10	231	0	1046
218	289	234	33	316	447	10	0	517	351
219	123	176	-26	0	6661	10	389	0	2373
220	231	76	-14	0	6614	10	512	0	304
221	196	107	-22	5350	5404	10	86	0	2252
222	138	143	-22	0	6657	10	26	0	1300
223	285	136	-18	4400	4431	10	481	0	3485
224	194	166	-15	2784	2841	10	548	0	1170
225	162	94	11	0	6629	10	0	532	6476
226	165	335	-21	2552	2748	10	419	0	540
227	205	372	2	0	6569	10	0	551	3982
228	168	87	-7	3638	3814	10	146	0	3544
229	159	11	-18	4764	4864	10	318	0	3332
230	143	20	-20	4884	4976	10	704	0	4731
231	297	240	37	1050	1151	10	0	217	1046
232	17	348	-14	0	6506	10	157	0	4719
233	192	200	22	0	6733	10	0	149	2883
234	303	142	-30	0	6623	10	267	0	1537
235	48	304	15	0	6557	10	0	615	2948
236	200	144	12	310	454	10	0	576	398
237	185	180	-28	6578	6643	10	307	0	5324
238	317	68	13	4620	4782	10	0	97	4605
239	324	194	-26	0	6617	10	434	0	2492
240	274	247	-21	3758	3912	10	448	0	1672
241	337	81	22	0	6560	10	0	645	3286
242	345	195	9	0	6596	10	0	322	6429
243	129	53	14	3006	3124	10	0	294	2960
244	285	184	-23	0	6655	10	473	0	2561
245	378	118	-23	0	6546	10	708	0	1799
246	309	53	26	0	6558	10	0	654	6345
247	246	298	19	3818	3951	10	0	362	3842
248	153	222	33	123	293	10	0	582	241
249	306	361	-12	2833	2930	10	776	0	2596
250	46	110	16	0	6563	10	0	89	3140
251	123	159	30	0	6654	0	0	808	6566
252	234	7	10	0	6546	10	0	83	6317
253	162	316	30	2393	2499	10	0	39	2376
254	309	274	-26	0	6610	10	88	0	6348
255	57	124	24	0	6580	10	0	527	6357
256	46	102	25	2417	2531	10	0	646	2348
257	382	49	-19	3470	3657	10	297	0	349
258	96	22	-15	0	6535	10	526	0	235
259	292	33	13	0	6551	10	0	754	2217
260	359	389	-21	4221	4335	10	641	0	907
261	392	14	1	0	6474	10	0	203	6185
262	68	386	-18	1201	1395	10	426	0	1116
263	163	364	-18	3142	3274	10	514	0	3056
264	116	102	-24	3263	3368	10	540	0	3022
265	37	397	-22	3296	3424	10	605	0	3109
266	264	341	-13	4178	4268	10	386	0	4082
267	269	203	30	1513	1607	10	0	234	1537
268	230	266	14	0	6669	10	0	288	558
269	31	360	23	1120	1218	10	0	700	985
270	68	378	10	2763	2810	10	0	282	2588
271	262	390	21	1912	2019	10	0	299	1819
272	236	119	-16	5378	5544	10	710	0	5275
273	220	238	12	0	6699	10	0	393	361
274	36	288	1	0	6555	10	0	598	6356
275	276	298	10	432	560	10	0	142	435
276	362	399	24	0	6485	10	0	530	1936
277	244	285	-26	5246	5415	10	338	0	1922
278	32	229	7	0	6571	10	0	152	4854
279	179	175	2	0	6709	10	0	102	2289
280	200	48	20	0	6589	10	0	674	2221
281	13	59	13	2229	2365	10	0	200	2130
282	165	264	-10	0	6669	10	270	0	2588
283	56	292	30	2011	2160	10	0	101	1989
284	178	353	19	0	6587	10	0	148	6412
285	210	1	-39	4002	4114	10	639	0	1100
286	306	85	-23	0	6585	10	478	0	2547
287	196	129	-29	3071	3177	10	72	0	2560
288	243	287	-14	547	666	10	268	0	558
289	396	106	18	1082	1199	10	0	796	981
290	151	188	18	151	252	10	0	352	201
291	151	231	10	310	446	10	0	484	388
292	11	274	18	0	6539	10	0	785	6303
293	92	238	11	0	6627	10	0	164	4275
294	108	48	-14	3305	3470	10	243	0	2960
295	38	291	-10	2029	2160	10	661	0	1066
296	232	131	-14	4574	4633	10	455	0	4267
297	217	98	19	374	453	10	0	257	349
298	340	79	-36	2673	2804	10	309	0	1654
299	308	327	-21	0	6575	10	271	0	1819
300	279	91	-29	5199	5388	10	781	0	5154
301	384	294	-13	2233	2343	10	319	0	1485
302	90	311	-29	2711	2757	10	602	0	2532
303	359	31	-2	5027	5120	10	691	0	4343
304	391	136	33	0	6540	10	0	564	3893
305	344	236	28	0	6593	10	0	697	2224
306	202	6	-13	0	6547	10	12	0	267
307	2	29	28	5441	5586	10	0	237	5324
308	366	340	23	2842	3000	10	0	557	2782
309	328	8	36	1798	1885	10	0	298	1654
310	316	383	-18	0	6525	10	511	0	2534
311	384	53	-31	0	6506	10	545	0	6250
312	302	300	-16	0	6599	10	769	0	6272
313	29	86	-27	2313	2370	10	356	0	2025
314	358	309	11	3435	3532	10	0	465	3340
315	147	210	23	0	6688	10	0	534	2315
316	287	279	4	0	6624	10	0	163	3212
317	102	149	12	0	6631	10	0	390	6385
318	115	51	18	3400	3504	10	0	229	3332
319	393	256	13	1544	1686	10	0	301	1485
320	340	290	39	0	6575	10	0	609	6069
321	271	116	-8	0	6632	10	108	0	1367
322	332	216	-9	0	6609	10	242	0	6429
323	319	113	26	4686	4773	10	0	201	4625
324	246	47	18	4479	4607	10	0	744	4447
325	247	377	28	4872	4972	10	0	161	4788
326	371	111	-12	0	6549	10	156	0	3164
327	397	362	15	941	1182	10	0	61	926
328	157	220	-15	5535	5594	10	747	0	5525
329	322	281	-23	0	6595	10	49	0	1249
330	50	385	31	3276	3428	10	0	171	3189
331	193	216	-4	0	6724	10	746	0	2423
332	80	282	-11	2101	2190	10	64	0	2019
333	91	388	-14	836	1005	10	601	0	773
334	351	199	-8	0	6590	10	55	0	4256
335	327	115	15	0	6589	10	0	165	3904
336	23	317	-24	1833	1917	10	758	0	1192
337	362	378	-19	0	6501	10	202	0	615
338	337	248	26	1868	2068	10	0	277	1922
339	4	307	14	0	6518	10	0	690	1780
340	379	254	3	1129	1306	10	0	502	1119
341	67	318	15	954	1132	10	0	182	954
342	372	382	-26	2513	2610	10	21	0	2349
343	356	223	28	0	6584	10	0	366	6390
344	243	215	7	121	244	10	0	421	198
345	336	201	-20	0	6605	10	7	0	6455
346	338	5	23	4009	4244	10	0	14	4005
347	142	385	16	2142	2195	10	0	737	2001
348	192	332	31	0	6609	10	0	731	6312
349	18	294	-18	1969	2048	10	115	0	1806
350	400	373	-14	1049	1164	10	87	0	597
351	287	225	20	3001	3083	10	0	508	2992
352	66	144	-18	591	651	10	290	0	201
353	19	61	-18	4606	4734	10	727	0	4479
354	389	171	-23	0	6550	10	633	0	6348
355	377	29	-5	3006	3087	10	208	0	2808
356	6	20	27	0	6477	10	0	313	2025
357	68	215	-8	0	6609	10	172	0	6403
358	177	55	17	0	6595	10	0	706	6304
359	118	122	-5	0	6628	10	437	0	2435
360	43	121	12	0	6566	10	0	133	6360
361	13	322	-12	1478	1583	10	491	0	866
362	193	390	-19	4137	4259	10	247	0	3842
363	369	211	20	0	6572	10	0	96	3464
364	92	73	8	1361	1458	10	0	501	1291
365	163	270	14	2153	2324	10	0	672	2244
366	349	249	-28	0	6585	10	343	0	6390
367	133	375	21	0	6554	10	0	767	6353
368	266	234	-17	3675	3748	10	541	0	2207
369	353	3	20	1043	1121	10	0	116	871
370	18	102	-15	915	1062	10	11	0	578
371	236	260	-13	0	6672	10	458	0	4007
372	142	262	41	2036	2181	10	0	793	2096
373	314	257	13	0	6614	10	0	377	6393
374	161	124	17	2607	2794	10	0	703	2708
375	170	114	-26	0	6650	10	17	0	2897
376	85	256	15	3997	4152	10	0	631	4024
377	243	140	-13	0	6668	10	373	0	6393
378	41	183	25	0	6582	10	0	735	6375
379	359	157	-9	3245	3353	10	732	0	2192
380	146	301	34	0	6627	0	0	802	6512
381	184	233	19	112	182	10	0	210	145
382	194	121	-14	5099	5199	10	635	0	4956
383	277	163	-17	0	6656	10	497	0	430
384	125	182	-28	0	6664	10	722	0	6509
385	51	205	-33	0	6592	10	118	0	6430
386	260	352	13	0	6578	10	0	266	4082
387	55	115	8	0	6573	10	0	206	6225
388	102	324	23	0	6583	10	0	124	6342
389	238	124	26	2278	2458	10	0	219	2373
390	54	108	-12	0	6569	10	317	0	6385
391	108	75	24	0	6586	10	0	411	6420
392	359	42	10	0	6517	10	0	6	6274
393	248	286	-12	399	470	10	273	0	361
394	98	375	-21	0	6539	10	440	0	6325
395	340	276	-15	3453	3608	10	23	0	3433
396	85	128	-21	5158	5265	10	599	0	1655
397	277	143	-25	2567	2702	10	422	0	2329
398	6	62	-29	0	6503	10	487	0	2488
399	143	159	16	237	324	10	0	159	253
400	159	164	-18	5354	5456	10	773	0	1818
401	343	322	21	0	6554	10	0	436	4466
402	223	41	19	2185	2342	10	0	800	2181
403	155	159	15	248	323	10	0	748	262
404	73	4	20	5609	5759	10	0	474	5525
405	175	304	24	384	472	10	0	77	365
406	40	31	-16	0	6509	10	431	0	3700
407	110	241	-19	0	6643	10	718	0	6362
408	399	179	-15	0	6541	10	779	0	2879
409	196	77	4	0	6618	10	0	659	6463
410	8	363	39	3518	3637	10	0	554	3385
411	126	90	-24	0	6609	10	391	0	6420
412	136	373	33	2462	2573	10	0	614	2388
413	339	69	-16	0	6550	10	711	0	1539
414	234	73	8	0	6610	10	0	439	6304
415	65	335	-29	1332	1423	10	712	0	1174
416	35	238	32	781	865	10	0	211	695
417	201	242	-18	0	6699	10	546	0	6327
418	279	262	19	340	464	10	0	36	363
419	111	286	21	521	664	10	0	226	540
420	350	207	-41	0	6591	10	425	0	6181
421	305	257	-7	0	6622	10	344	0	198
422	320	166	25	2353	2454	10	0	397	2329
423	285	287	22	0	6620	10	0	573	6349
424	228	96	37	0	6634	10	0	538	6199
425	296	388	41	0	6530	10	0	420	6181
426	38	366	18	0	6510	10	0	262	1116
427	26	275	-7	0	6552	10	173	0	6304
428	49	187	20	0	6590	10	0	127	6425
429	291	304	-21	0	6603	10	35	0	6437
430	81	156	-5	1768	1834	10	649	0	1360
431	3	2	16	3792	3980	10	0	406	3700
432	354	199	-30	5108	5253	10	150	0	1382
433	361	194	-18	0	6580	10	90	0	3178
434	267	321	26	2555	2631	10	0	239	2492
435	378	30	-24	0	6495	10	52	0	1123
436	217	211	-21	4731	4832	10	401	0	4466
437	246	152	5	2429	2502	10	0	359	2435
438	336	386	21	0	6511	10	0	468	4093
439	348	102	-8	0	6564	10	414	0	6304
440	162	251	21	0	6678	10	0	394	6325
441	70	81	-11	3504	3634	10	75	0	3410
442	231	320	4	0	6618	10	0	587	6398
443	374	163	-28	0	6564	10	798	0	6353
444	367	300	-20	1799	1916	10	136	0	1706
445	45	85	-21	0	6548	10	552	0	496
446	330	76	-8	0	6562	10	563	0	2247
447	371	386	23	0	6489	10	0	74	4380
448	253	316	21	1685	1800	10	0	240	1672
449	264	69	15	2648	2795	10	0	734	2649
450	330	353	9	0	6541	10	0	745	6256
451	169	235	35	132	243	10	0	27	196
452	186	179	29	0	6716	10	0	109	1941
453	13	220	-2	4279	4361	10	730	0	4040
454	323	218	-15	0	6617	10	652	0	6425
455	300	319	14	0	6586	10	0	296	4267
456	356	315	-24	1689	1796	10	784	0	1586
457	193	18	-9	0	6559	10	495	0	2167
458	228	341	13	4026	4151	10	0	371	4007
459	324	184	25	469	615	10	0	751	489
460	344	72	-20	0	6549	10	212	0	4474
461	376	19	11	0	6489	10	0	558	6186
462	74	351	-3	0	6545	10	650	0	583
463	262	30	-12	0	6561	10	728	0	6225
464	256	145	12	4566	4705	10	0	47	4626
465	361	287	-11	0	6558	10	314	0	3340
466	188	67	14	0	6608	10	0	670	1543
467	26	70	3	3708	3782	10	0	713	3564
468	381	375	-21	4312	4380	10	438	0	4093
469	220	71	22	2695	2835	10	0	503	2704
470	371	349	-9	0	6515	10	772	0	869
471	26	260	16	0	6557	10	0	31	4541
472	339	3	-26	0	6500	10	789	0	6244
473	308	314	23	2520	2719	10	0	244	2561
474	113	80	-20	0	6593	10	404	0	5525
475	78	261	32	0	6605	10	0	504	6271
476	85	333	19	2309	2422	10	0	774	2246
477	192	151	-24	0	6692	10	570	0	6413
478	382	169	23	2653	2732	10	0	286	2547
479	52	301	-9	3692	3826	10	140	0	3616
480	51	64	14	3184	3299	10	0	667	3097
481	273	182	18	3363	3561	10	0	223	3485
482	163	264	26	257	334	10	0	733	260
483	213	305	24	1967	2073	10	0	105	1967
484	96	162	-10	0	6631	10	291	0	388
485	209	208	-21	0	6729	10	126	0	6432
486	100	15	21	1278	1367	10	0	529	1156
487	8	68	29	2625	2721	10	0	398	2488
488	256	385	5	0	6548	10	0	542	1983
489	178	103	10	0	6642	10	0	113	4765
490	285	107	-11	2007	2116	10	775	0	1966
491	1	335	12	1012	1107	10	0	361	866
492	274	7	-4	0	6535	10	16	0	294
493	213	216	9	20	157	10	0	618	136
494	190	27	-19	0	6568	10	213	0	6281
495	73	124	9	2224	2316	10	0	457	2167
496	321	144	-9	4255	4380	10	656	0	4082
497	296	156	17	409	536	10	0	383	430
498	348	189	17	0	6593	10	0	57	6432
499	117	395	13	1599	1732	10	0	141	1520
500	2	52	-29	2740	2793	10	688	0	2533
501	186	145	-8	0	6685	10	364	0	1291
502	381	290	-3	0	6539	10	340	0	1119
503	244	50	-22	3804	3948	10	469	0	2704
504	11	328	-32	0	6513	10	475	0	6271
505	317	183	29	488	579	10	0	597	460
506	196	51	19	2131	2227	10	0	637	2077
507	212	197	-11	0	6729	10	166	0	6350
508	299	227	-20	0	6639	10	351	0	2992
509	395	340	-24	0	6501	10	629	0	6238
510	259	4	-27	0	6537	10	777	0	1054
511	292	392	18	2661	2747	10	0	310	2534
512	211	153	14	218	353	10	0	220	304
513	370	57	10	0	6519	0	0	801	6296
514	119	286	18	0	6623	10	0	263	3056
515	213	332	21	0	6609	10	0	695	6306
516	328	39	11	3040	3130	10	0	180	2924
517	312	247	-33	0	6620	10	218	0	351
518	248	126	-20	2597	2737	10	778	0	2538
519	208	20	-22	0	6561	10	662	0	6346
520	201	195	12	5	110	10	0	198	104
521	146	174	23	0	6682	10	0	664	2209
522	341	33	27	1114	1239	10	0	683	1020
523	86	112	-6	0	6597	10	5	0	6427
524	140	40	27	4079	4161	10	0	103	3990
525	310	340	-17	0	6563	10	724	0	6293
526	176	154	15	129	287	10	0	258	235
527	131	89	-24	0	6611	10	255	0	6357
528	74	231	11	1889	2019	10	0	15	1889
529	93	31	-21	0	6541	10	486	0	1156
530	349	324	-24	2147	2279	10	276	0	1936
531	5	344	-21	5070	5124	10	176	0	4832
532	159	79	-11	0	6614	10	225	0	6476
533	137	68	-3	0	6595	10	22	0	6299
534	103	95	-23	2384	2503	10	315	0	2315
535	315	237	33	0	6621	10	0	786	1939
536	294	118	13	417	580	10	0	95	455
537	75	89	-11	3280	3448	10	574	0	3153
538	369	6	-37	0	6484	10	424	0	6199
539	63	166	4	0	6600	10	0	572	6322
540	59	89	24	3073	3202	10	0	264	3022
541	138	326	17	2258	2348	10	0	368	2207
542	304	395	-5	2113	2236	10	488	0	1983
543	59	49	36	1633	1757	10	0	617	1550
544	170	176	-20	0	6703	10	50	0	6545
545	384	47	31	0	6502	10	0	311	6250
546	117	381	18	0	6542	10	0	417	6327
547	72	315	11	0	6569	10	0	196	6241
548	326	156	15	1147	1304	10	0	224	1170
549	41	340	-11	0	6530	10	780	0	6223
550	94	165	-21	0	6630	10	33	0	1436
551	229	371	-2	4032	4189	10	227	0	3982
552	107	98	21	549	635	10	0	445	496
553	262	233	-10	0	6671	10	620	0	6536
554	41	337	-39	0	6532	10	410	0	3385
555	243	275	-17	3688	3789	10	636	0	2832
556	384	307	-9	0	6529	10	189	0	1543
557	365	303	-23	0	6547	10	308	0	2782
558	397	73	-11	0	6507	10	461	0	6186
559	234	214	20	0	6705	10	0	111	1226
560	3	15	20	0	6471	10	0	162	3028
561	244	135	-35	2680	2814	10	67	0	338
562	303	112	21	0	6606	10	0	79	6238
563	325	45	8	2386	2447	10	0	446	2247
564	343	134	-33	4037	4153	10	304	0	3893
565	307	396	28	3088	3208	10	0	81	2984
566	278	289	19	0	6623	10	0	181	1709
567	203	40	-12	3222	3231	10	62	0	3027
568	238	119	-9	0	6652	10	607	0	3814
569	166	357	-7	4834	4992	10	38	0	4146
570	290	82	24	0	6593	10	0	477	6413
571	177	139	-8	0	6676	10	657	0	3238
572	2	200	-4	0	6543	10	539	0	6322
573	348	319	-22	0	6552	10	423	0	6349
574	36	203	11	0	6577	10	0	537	3153
575	125	122	15	458	551	10	0	679	442
576	184	69	-12	0	6610	10	236	0	398
577	368	278	20	0	6556	10	0	729	6339
578	374	175	-31	0	6566	10	28	0	2021
579	126	208	26	0	6667	10	0	185	6392
580	184	235	-32	0	6703	10	214	0	3405
581	153	315	16	0	6617	10	0	626	3813
582	48	278	-33	638	809	10	248	0	241
583	286	308	3	0	6603	10	0	625	1367
584	197	200	15	0	6738	10	0	175	6486
585	196	138	18	0	6679	10	0	622	1696
586	226	52	17	1949	2132	10	0	135	1981
587	256	356	-4	0	6576	10	442	0	6398
588	108	399	23	0	6522	10	0	757	6293
589	124	221	-26	4008	4137	10	174	0	2780
590	240	201	13	0	6701	10	0	99	6328
591	122	105	7	0	6619	10	0	92	801
592	236	171	-2	0	6695	10	137	0	3804
593	348	371	23	0	6515	10	0	680	6232
594	183	71	14	0	6611	10	0	630	6396
595	26	326	-21	0	6527	10	616	0	391
596	338	315	9	3814	3923	10	0	60	3743
597	380	126	-29	777	961	10	505	0	460
598	74	283	-1	0	6591	10	274	0	6356
599	46	197	21	1697	1810	10	0	396	1655
600	30	39	8	1470	1594	10	0	738	1359
601	88	372	14	0	6536	10	0	333	773
602	60	319	29	0	6558	10	0	302	2532
603	174	326	-8	0	6613	10	112	0	6336
604	172	109	-20	0	6646	10	197	0	2949
605	157	378	22	0	6558	10	0	265	3109
606	219	49	23	0	6589	10	0	34	3096
607	316	112	9	3870	3960	10	0	568	3814
608	398	325	22	3510	3608	10	0	41	3373
609	230	234	-39	6240	6369	10	320	0	6069
610	97	387	37	2227	2382	10	0	32	2168
611	262	212	19	0	6678	0	0	805	6614
612	349	181	1	0	6591	10	0	624	6300
613	29	9	14	3316	3408	10	0	121	3142
614	201	255	-33	0	6686	10	412	0	2388
615	21	255	-15	3006	3199	10	235	0	2948
616	102	252	21	385	502	10	0	595	391
617	9	47	-36	3416	3526	10	543	0	1550
618	237	243	-9	156	298	10	493	0	136
619	330	313	27	0	6569	10	0	68	6379
620	282	252	10	0	6644	10	0	553	6536
621	16	114	26	0	6538	10	0	640	6243
622	236	38	-18	1705	1876	10	585	0	1696
623	247	212	-17	692	807	10	653	0	161
624	366	97	-1	0	6546	10	612	0	6300
625	284	311	-3	1395	1519	10	583	0	1367
626	308	217	-16	3926	4131	10	581	0	3813
627	343	184	-24	4536	4565	10	750	0	3329
628	55	346	-9	0	6536	10	195	0	6274
629	316	327	24	0	6569	10	0	509	6238
630	255	80	-14	0	6609	10	594	0	6396
631	102	118	-15	4656	4815	10	376	0	4024
632	73	126	-4	1695	1780	10	699	0	1253
633	369	171	23	0	6570	10	0	354	6348
634	350	214	-19	0	6591	10	18	0	6363
635	244	56	14	0	6591	10	0	382	4956
636	287	343	17	2882	3000	10	0	555	2832
637	220	38	-19	0	6578	10	506	0	2077
638	154	41	-5	5146	5261	10	701	0	5082
639	173	72	39	1084	1231	10	0	285	1100
640	206	106	-26	0	6647	10	621	0	6243
641	362	383	21	1014	1152	10	0	260	907
642	107	159	-24	0	6640	10	143	0	6527
643	319	160	26	649	813	10	0	25	687
644	88	121	15	2281	2383	10	0	696	2245
645	341	78	-22	3273	3483	10	241	0	3286
646	97	105	-25	3792	3876	10	256	0	2348
647	246	244	-21	2677	2873	10	20	0	2794
648	35	79	22	1677	1824	10	0	170	1619
649	37	106	5	1437	1549	10	0	430	1360
650	173	384	3	719	769	10	0	462	583
651	368	63	22	1675	1762	10	0	790	1545
652	300	272	15	0	6618	10	0	454	6425
653	237	200	17	98	198	10	0	623	161
654	286	44	-26	0	6563	10	246	0	6345
655	294	249	8	1869	2019	10	0	13	1912
656	388	106	9	0	6531	10	0	496	4082
657	148	71	8	3265	3378	10	0	571	3238
658	100	218	31	0	6640	10	0	768	1991
659	177	77	-4	0	6616	10	409	0	6463
660	148	94	-23	0	6623	10	183	0	3511
661	16	311	10	1183	1281	10	0	295	1066
662	158	85	22	0	6619	10	0	519	6346
663	105	254	12	0	6632	0	0	804	6522
664	66	118	-23	2259	2377	10	521	0	2209
665	13	96	19	0	6528	10	0	69	4478
666	348	41	16	2614	2767	10	0	753	2549
667	135	161	-14	5424	5500	10	480	0	3097
668	85	61	-1	0	6561	10	771	0	325
669	160	62	11	0	6598	0	0	806	6454
670	234	20	-14	1715	1753	10	466	0	1543
671	108	395	-16	0	6526	10	8	0	6294
672	230	139	-14	5196	5307	10	365	0	2244
673	45	291	-19	832	995	10	749	0	805
674	266	8	-20	2299	2461	10	280	0	2221
675	95	391	-26	0	6524	10	736	0	6293
676	156	32	34	3159	3284	10	0	716	3110
677	58	98	-31	0	6567	10	689	0	1523
678	79	344	16	823	1030	10	0	84	841
679	59	51	-15	813	955	10	575	0	442
680	380	339	-23	0	6514	10	593	0	6232
681	165	126	-6	0	6660	10	739	0	2442
682	43	67	-18	0	6536	10	752	0	769
683	377	72	-27	5228	5358	10	522	0	1020
684	209	167	17	83	190	10	0	705	155
685	57	381	22	927	1025	10	0	714	794
686	294	13	-9	0	6532	10	66	0	6295
687	87	147	-14	0	6617	10	755	0	358
688	4	60	29	0	6501	10	0	500	2533
689	26	247	31	1518	1704	10	0	677	1523
690	44	296	-14	1934	2055	10	339	0	1780
691	357	38	2	4387	4569	10	0	303	4343
692	56	156	19	0	6591	10	0	10	6325
693	52	194	-3	0	6593	10	698	0	6310
694	124	179	36	0	6663	10	0	145	4433
695	311	356	-21	0	6550	10	515	0	6306
696	140	131	-15	3510	3643	10	644	0	2245
697	364	213	-28	2332	2413	10	305	0	2224
698	102	84	3	0	6590	10	0	693	6310
699	7	143	4	1330	1455	10	0	632	1253
700	105	360	-23	0	6555	10	269	0	985
701	150	49	5	0	6582	10	0	638	5082
702	52	343	-12	0	6536	10	799	0	2916
703	218	134	-17	0	6673	10	374	0	2708
704	199	22	20	0	6563	10	0	230	4731
705	381	27	-17	1876	1948	10	684	0	155
706	75	76	-17	0	6565	10	358	0	6304
707	377	282	20	0	6546	10	0	205	6265
708	377	144	23	1873	1985	10	0	245	1799
709	59	285	16	4599	4694	10	0	215	4529
710	321	85	16	0	6575	10	0	272	5275
711	194	65	16	1534	1675	10	0	413	1539
712	213	280	29	0	6660	10	0	415	1174
713	41	93	-3	0	6550	10	467	0	3564
714	41	399	-22	1032	1179	10	685	0	794
715	334	92	-30	0	6569	10	91	0	3956
716	76	72	-34	4057	4139	10	676	0	3110
717	55	341	14	0	6539	10	0	792	6322
718	248	124	19	0	6652	10	0	407	6362
719	0	155	9	778	862	10	0	760	657
720	186	355	-43	586	659	10	192	0	354
721	102	42	-10	728	847	10	44	0	193
722	96	209	28	0	6637	10	0	384	6509
723	325	294	22	0	6585	10	0	71	6418
724	251	381	17	0	6553	10	0	525	6293
725	362	115	-18	4248	4364	10	104	0	4129
726	8	119	11	0	6533	10	0	770	2039
727	53	51	18	0	6532	10	0	353	4479
728	123	30	12	0	6555	10	0	463	6225
729	361	236	-20	0	6577	10	577	0	6339
730	76	90	2	0	6576	10	0	453	4040
731	77	319	-31	0	6570	10	348	0	6312
732	395	113	9	2354	2406	10	0	379	2192
733	110	290	-26	504	595	10	482	0	260
734	251	70	-15	0	6602	10	449	0	2649
735	26	199	-25	0	6567	10	378	0	6375
736	92	384	26	0	6528	10	0	675	6293
737	122	397	-16	2313	2419	10	347	0	2001
738	15	4	-8	0	6472	10	600	0	1359
739	168	15	6	2465	2630	10	0	681	2442
740	47	190	-13	0	6588	10	741	0	4035
741	35	160	13	4054	4205	10	0	740	4035
742	388	275	-5	3697	3839	10	147	0	3446
743	338	150	16	3039	3225	10	0	51	3078
744	186	75	-18	0	6616	10	324	0	4447
745	352	383	-9	0	6504	10	450	0	6256
746	50	315	4	2534	2613	10	0	331	2423
747	153	224	15	0	6689	10	0	328	5525
748	2	17	-15	1066	1209	10	403	0	262
749	168	223	19	0	6702	10	0	673	805
750	299	270	24	3333	3451	10	0	627	3329
751	397	133	-25	2965	3084	10	459	0	489
752	24	57	18	818	996	10	0	682	769
753	234	37	-16	0	6575	10	666	0	2549
754	381	12	-13	2335	2510	10	259	0	2217
755	117	148	14	327	456	10	0	687	358
756	325	130	19	4143	4284	10	0	178	4129
757	146	320	-23	0	6610	10	588	0	6293
758	8	285	24	1305	1402	10	0	336	1192
759	146	324	24	0	6606	10	0	191	3415
760	131	82	-9	3592	3695	10	719	0	657
761	266	13	-25	0	6543	10	40	0	739
762	348	343	-2	0	6536	10	98	0	6271
763	91	61	-14	5895	6032	10	46	0	5845
764	114	88	24	2689	2827	10	0	207	2685
765	36	286	-11	0	6556	10	795	0	2632
766	325	311	15	0	6574	0	0	803	6406
767	192	268	-21	0	6673	10	367	0	6353
768	37	119	-31	2111	2220	10	658	0	1991
769	291	398	16	0	6524	10	0	312	6272
770	201	6	-11	2320	2482	10	726	0	2039
771	162	121	1	289	413	10	0	668	325
772	302	345	9	907	1047	10	0	470	869
773	297	137	18	1850	1934	10	0	400	1818
774	34	371	-19	0	6503	10	476	0	2246
775	202	158	11	0	6699	10	0	490	1966
776	338	290	12	2561	2761	10	0	249	2596
777	100	10	27	1133	1269	10	0	510	1054
778	310	163	20	0	6625	10	0	518	2538
779	368	215	15	2884	3048	10	0	408	2879
780	142	379	11	0	6553	10	0	549	6223
781	326	79	29	0	6567	10	0	300	5154
782	5	266	-30	0	6536	10	48	0	6317
783	140	344	-36	5161	5263	10	117	0	732
784	267	221	24	0	6671	10	0	456	1586
785	18	235	-18	0	6556	10	292	0	6303
786	393	246	-33	2039	2149	10	535	0	1939
787	394	299	-16	0	6524	10	1	0	139
788	244	176	24	125	275	10	0	122	224
789	309	18	26	0	6529	10	0	472	6244
790	364	23	-22	0	6500	10	651	0	1545
791	75	238	-14	0	6611	10	93	0	2254
792	81	290	-14	0	6592	10	717	0	6322
793	209	283	-41	2461	2597	10	372	0	2096
794	353	357	20	877	1005	10	0	188	785
795	87	164	11	2663	2751	10	0	765	2632
796	400	109	-18	0	6522	10	289	0	981
797	319	115	16	0	6595	10	0	54	4640
798	349	135	28	0	6579	10	0	443	6353
799	12	368	12	3123	3169	10	0	702	2916
800	231	6	-19	0	6545	10	402	0	2181
801	370	57	-10	0	6519	10	513	0	6296
802	146	301	-34	0	6627	10	380	0	6512
803	325	311	-15	0	6574	10	766	0	6406
804	105	254	-12	0	6632	10	663	0	6522
805	262	212	-19	0	6678	10	611	0	6614
806	160	62	-11	0	6598	10	669	0	6454
807	271	371	-15	0	6556	10	114	0	6370
808	123	159	-30	0	6654	10	251	0	6566

