200	1000	1
0	200	200	0	0	6751	0	0	0
1	221	225	16	52	210	10	0	273	0
2	279	247	12	174	561	10	0	680	469
3	355	41	-9	3273	3560	10	656	0	0
4	93	283	13	1284	1486	10	0	692	1350
5	163	207	6	4376	4743	10	0	217	4393
6	364	55	-24	1362	1480	10	52	0	0
7	329	208	20	5089	5565	10	0	57	5420
8	102	377	-31	3871	4124	10	330	0	3301
9	356	299	31	3951	4574	10	0	627	4325
10	10	202	-42	981	1749	10	15	0	807
11	40	153	15	617	717	10	0	370	550
12	145	165	-10	65	480	10	44	0	377
13	278	265	-33	2529	2780	10	118	0	1861
14	338	14	-29	4662	5069	10	781	0	3434
15	13	167	42	605	997	10	0	10	807
16	179	125	-15	77	792	10	526	0	349
17	194	43	-11	2777	3139	10	567	0	2959
18	358	261	-20	2899	3219	10	707	0	1542
19	299	399	11	2921	3387	10	0	60	3164
20	246	247	-30	2558	2992	10	24	0	2163
21	343	359	26	1742	2027	10	0	593	1813
22	101	8	3	1348	1872	10	0	445	1655
23	302	274	15	1083	1374	10	0	535	1247
24	131	275	30	2085	2265	10	0	20	2163
25	191	167	-10	3696	4036	10	489	0	2502
26	332	124	22	1307	1484	10	0	408	1331
27	106	302	3	273	836	10	0	774	697
28	380	145	-26	1833	2469	10	439	0	1548
29	334	100	-11	4316	4903	10	725	0	4276
30	180	359	26	3592	4060	10	0	124	3899
31	142	238	-11	4614	4925	10	726	0	3541
32	138	306	-11	3420	3611	10	780	0	3257
33	16	294	-23	1273	1871	10	315	0	253
34	206	7	-12	2878	3592	10	728	0	2874
35	299	308	21	2150	2476	10	0	583	2329
36	343	335	18	3279	3665	10	0	750	3244
37	135	384	13	861	1211	10	0	325	1015
38	161	346	-21	4153	4418	10	515	0	2945
39	206	286	-19	1862	2148	10	381	0	718
40	156	4	25	652	1152	10	0	56	951
41	326	335	-39	3750	4218	10	320	0	1713
42	82	78	-14	4545	5061	10	679	0	915
43	37	21	-13	3502	3887	10	604	0	585
44	177	174	10	34	412	10	0	12	377
45	84	221	-16	4209	4735	10	53	0	4438
46	171	168	-4	5320	5626	10	539	0	4033
47	207	185	-12	4771	5111	10	663	0	1738
48	92	255	-33	1548	1964	10	248	0	547
49	220	337	23	985	1632	10	0	609	0
50	137	132	20	572	1278	10	0	589	1185
51	342	154	25	1601	1718	10	0	169	1568
52	353	65	24	1093	1473	10	0	6	0
53	70	231	16	4324	4572	10	0	45	4438
54	79	95	-14	4816	5110	10	480	0	3075
55	352	303	-9	4260	4437	10	596	0	3831
56	136	226	-25	3826	4274	10	40	0	951
57	243	209	-20	5507	5646	10	7	0	5420
58	145	301	8	177	743	10	0	117	627
59	254	0	4	2492	3009	10	0	638	2801
60	310	363	-11	4213	4380	10	19	0	3164
61	387	267	-7	3451	3804	10	344	0	0
62	236	44	12	2714	3597	10	0	223	3436
63	94	268	25	1288	1752	10	0	209	0
64	84	293	-32	2223	2346	10	782	0	1598
65	11	135	-14	757	1436	10	755	0	484
66	280	5	-35	3959	4289	10	67	0	540
67	265	127	35	144	638	10	0	66	540
68	259	285	14	180	647	10	0	78	543
69	52	94	-20	4453	4800	10	102	0	2480
70	278	221	27	3486	3851	10	0	611	3770
71	231	229	12	4625	5116	10	0	436	5014
72	168	100	-26	2568	2608	10	534	0	2389
73	14	53	-16	3137	3420	10	250	0	2350
74	237	259	-31	4678	4832	10	371	0	4721
75	69	82	11	3223	3897	10	0	427	3720
76	192	291	3	254	698	10	0	148	606
77	8	384	-7	3849	4355	10	479	0	0
78	367	361	-14	1807	2210	10	68	0	543
79	91	233	25	1747	2102	10	0	793	1988
80	125	175	-24	537	876	10	384	0	375
81	304	319	-14	3323	3687	10	365	0	2350
82	241	275	18	2631	3057	10	0	553	2971
83	193	29	-26	2793	3383	10	510	0	2390
84	80	392	-4	1973	2430	10	415	0	1255
85	300	64	-19	4547	4830	10	756	0	4173
86	327	11	22	2330	2514	10	0	744	2286
87	299	351	14	552	893	10	0	511	712
88	311	344	26	705	913	10	0	142	731
89	229	105	-15	3225	3737	10	754	0	2330
90	362	207	-12	3086	3400	10	123	0	0
91	344	154	30	4030	4076	10	0	178	3924
92	39	34	10	784	1274	10	0	404	1042
93	68	250	14	2062	2568	10	0	701	2426
94	268	223	20	80	495	10	0	105	0
95	116	195	-9	4159	4493	10	495	0	0
96	352	156	-5	3536	3765	10	151	0	0
97	313	64	-3	1523	1815	10	326	0	0
98	375	294	-26	2291	2653	10	338	0	2025
99	391	260	-3	2312	2639	10	340	0	0
100	334	186	1	540	826	10	0	456	691
101	84	206	22	2151	2589	10	0	228	2472
102	12	40	20	2312	2727	10	0	69	2480
103	195	148	-2	5139	5586	10	137	0	3944
104	381	144	18	1766	2270	10	0	732	2080
105	320	211	-20	162	803	10	94	0	0
106	308	178	4	1424	1883	10	0	351	1772
107	376	205	-15	1707	2033	10	548	0	1133
108	257	98	8	1152	1675	10	0	761	1558
109	111	4	12	1977	2227	10	0	500	2011
110	330	310	11	2617	2928	10	0	473	2570
111	305	255	-27	1097	1512	10	592	0	202
112	140	387	8	577	1090	10	0	541	893
113	164	80	-34	4532	5055	10	204	0	4098
114	271	371	15	2884	3250	10	0	227	3064
115	4	280	18	932	1093	10	0	785	881
116	347	59	-26	1665	2225	10	643	0	767
117	147	376	-8	609	1054	10	58	0	627
118	74	213	33	1609	1988	10	0	13	1861
119	54	341	-21	1148	1433	10	176	0	737
120	303	358	37	1138	1712	10	0	299	1523
121	21	82	-15	3263	3592	10	682	0	1735
122	379	126	8	3495	3557	10	0	321	3363
123	398	258	12	2073	2831	10	0	90	0
124	152	361	-26	3942	4408	10	30	0	3899
125	397	261	-35	2273	2525	10	153	0	1026
126	250	340	-43	675	964	10	192	0	0
127	166	185	17	37	366	10	0	211	328
128	294	184	-26	4112	4591	10	389	0	2459
129	303	258	-17	3748	4279	10	345	0	3550
130	87	378	25	1264	1795	10	0	675	1584
131	250	183	-24	3874	4422	10	784	0	2493
132	384	72	-8	3739	4328	10	563	0	2439
133	98	107	17	3677	3918	10	0	646	3779
134	56	97	19	3749	3903	0	0	801	3725
135	225	53	-32	4249	4529	10	637	0	2398
136	280	224	20	766	1168	10	0	669	1084
137	208	86	2	3723	4059	10	0	103	3944
138	395	167	24	3848	4112	10	0	286	3914
139	215	260	9	100	395	10	0	625	333
140	44	277	9	2043	2348	10	0	471	2174
141	174	329	30	2728	2991	10	0	458	2859
142	380	390	-26	920	1256	10	88	0	731
143	120	170	-16	1644	2135	10	399	0	340
144	273	118	34	240	724	10	0	576	0
145	103	154	-38	4241	4727	10	632	0	1739
146	180	15	7	3387	3731	10	0	285	3544
147	371	396	5	2207	2724	10	0	276	2463
148	169	352	-3	942	1170	10	76	0	606
149	78	85	-11	2910	3136	10	795	0	2862
150	226	378	30	1324	1668	10	0	766	1488
151	357	202	5	1701	2412	10	0	96	0
152	68	143	16	4893	5269	10	0	237	5125
153	384	248	35	677	1217	10	0	125	1026
154	391	42	-20	3700	4133	10	369	0	1052
155	267	295	20	2875	3096	10	0	240	2979
156	350	131	12	3036	3499	10	0	261	0
157	5	345	-2	4657	5147	10	333	0	838
158	199	45	-32	3093	3344	10	800	0	2700
159	166	115	-17	4874	5236	10	164	0	4611
160	103	361	-13	1724	2073	10	714	0	960
161	239	252	-7	5060	5719	10	551	0	4174
162	2	3	-29	3027	3447	10	452	0	244
163	335	202	23	3111	3643	10	0	377	3507
164	158	121	17	4262	4701	10	0	159	4611
165	320	24	-10	3851	4330	10	494	0	1917
166	166	19	11	4792	4921	10	0	382	4736
167	326	374	17	2270	2472	10	0	636	2257
168	317	240	-17	1044	1511	10	653	0	401
169	357	147	-25	2149	2218	10	51	0	1568
170	32	78	23	2622	2687	10	0	738	2479
171	40	336	-12	4793	4969	10	799	0	3115
172	52	251	8	565	829	10	0	476	672
173	40	314	-4	2731	3183	10	746	0	2464
174	233	100	-23	2550	3061	10	518	0	2688
175	78	194	-32	3575	4051	10	475	0	484
176	110	351	21	494	913	10	0	119	737
177	321	287	12	2255	2591	10	0	776	2441
178	369	118	-30	4158	4378	10	91	0	3924
179	101	99	-34	5243	5374	10	696	0	3705
180	232	127	13	79	695	10	0	414	615
181	390	376	2	1808	2016	10	0	565	1757
182	73	292	8	576	948	10	0	792	791
183	195	121	23	3486	3601	10	0	206	3521
184	175	192	13	3724	3787	10	0	580	3760
185	33	226	-24	4697	4963	10	540	0	3190
186	390	357	-11	4021	4430	10	468	0	4148
187	80	365	-26	1641	2075	10	736	0	1618
188	344	321	2	852	1297	10	0	478	1108
189	397	283	9	1436	1978	10	0	786	1764
190	66	5	-15	4387	4816	10	677	0	1023
191	160	313	-26	3263	3728	10	434	0	2680
192	210	294	43	286	470	10	0	126	0
193	320	373	-21	2051	2480	10	271	0	2039
194	231	182	18	35	346	10	0	623	310
195	30	349	-20	2595	2947	10	428	0	968
196	26	372	14	828	1130	10	0	601	885
197	154	68	-37	2866	3164	10	231	0	1153
198	338	106	-29	3636	4096	10	443	0	1344
199	49	222	-18	4427	4713	10	690	0	2074
200	17	99	-36	3737	4434	10	582	0	610
201	279	148	-16	5712	6025	10	710	0	1750
202	309	279	19	639	737	10	0	695	602
203	384	64	-10	4223	4424	10	392	0	3436
204	231	36	34	4101	4265	10	0	113	4098
205	279	337	-16	2127	2818	10	769	0	2165
206	187	23	-23	3687	4458	10	183	0	3521
207	32	163	-18	728	1145	10	290	0	398
208	214	119	-18	3838	4399	10	481	0	0
209	74	87	-25	5207	5751	10	63	0	0
210	134	320	-20	560	876	10	282	0	474
211	42	197	-17	1484	1586	10	127	0	328
212	350	18	-35	4427	4778	10	435	0	4417
213	92	68	-20	2811	3072	10	306	0	0
214	48	358	32	3362	3762	10	0	293	3542
215	160	222	18	5040	5432	10	0	328	5386
216	184	282	19	163	506	10	0	417	422
217	168	268	-6	4045	4502	10	5	0	4393
218	289	234	33	290	472	10	0	573	376
219	123	176	-7	4364	5114	10	224	0	3130
220	231	76	-17	3140	3510	10	358	0	3048
221	196	107	-7	5167	5587	10	229	0	4887
222	138	143	17	227	549	10	0	664	464
223	285	136	-12	4267	4564	10	62	0	3436
224	194	166	7	2459	3165	10	0	219	3130
225	162	94	11	300	600	10	0	256	487
226	165	335	3	2444	2856	10	0	277	2716
227	205	372	-15	3528	3706	10	114	0	3064
228	168	87	-22	3455	3998	10	101	0	2472
229	159	11	7	4546	5081	10	0	221	4887
230	143	20	-37	4714	5145	10	424	0	1617
231	297	240	37	942	1258	10	0	197	1153
232	17	348	-22	1653	1970	10	685	0	800
233	192	200	22	8	411	10	0	741	403
234	303	142	-10	4352	4388	10	446	0	3739
235	48	304	-18	616	1342	10	673	0	0
236	200	144	12	220	545	10	0	640	489
237	185	180	-16	6227	6716	10	152	0	5125
238	317	68	-20	4423	4979	10	363	0	1828
239	324	194	-25	4087	4560	10	459	0	760
240	274	247	-20	3699	3971	10	155	0	2979
241	337	81	22	2808	3020	10	0	257	2838
242	345	195	-19	3614	3961	10	718	0	2781
243	129	53	-10	2935	3195	10	519	0	2458
244	285	184	9	3857	4501	10	0	296	4414
245	378	118	12	2741	3196	10	0	472	3000
246	309	53	26	1231	1501	10	0	411	1317
247	246	298	-31	3731	4037	10	555	0	3768
248	153	222	33	51	599	10	0	48	547
249	306	361	-7	2754	3009	10	342	0	0
250	46	110	16	2093	2529	10	0	73	2350
251	123	159	-23	5204	5434	10	660	0	3493
252	234	7	10	4284	4766	10	0	466	4166
253	162	316	-21	2260	2631	10	440	0	506
254	309	274	23	1152	1692	10	0	454	0
255	57	124	-23	483	813	10	521	0	420
256	46	102	-11	2455	2493	10	225	0	487
257	382	49	-22	3276	3851	10	241	0	2838
258	96	22	-23	3149	3501	10	740	0	2564
259	292	33	-19	3632	4037	10	506	0	2251
260	359	389	-14	4218	4338	10	310	0	3388
261	392	14	-12	3968	4358	10	156	0	0
262	68	386	16	1159	1436	10	0	270	1207
263	163	364	-29	3053	3363	10	712	0	390
264	116	102	-24	3107	3523	10	764	0	2894
265	37	397	50	3238	3482	10	0	410	3226
266	264	341	-18	4207	4239	10	546	0	2621
267	269	203	30	1337	1782	10	0	507	1712
268	230	266	-15	3266	3640	10	747	0	3234
269	31	360	23	962	1377	10	0	549	1144
270	68	378	-16	2704	2869	10	262	0	1207
271	262	390	21	1692	2239	10	0	193	2039
272	236	119	-24	5332	5590	10	570	0	3737
273	220	238	-16	42	363	10	1	0	0
274	36	288	1	3597	4176	10	0	462	3794
275	276	298	10	368	625	10	0	455	500
276	362	399	-5	3417	3827	10	147	0	2463
277	244	285	-3	5013	5647	10	226	0	2716
278	32	229	-15	3974	4581	10	376	0	3994
279	179	175	2	32	324	10	0	591	291
280	200	48	-13	687	1191	10	536	0	655
281	13	59	-29	2045	2549	10	688	0	0
282	165	264	20	72	547	10	0	210	474
283	56	292	-10	1818	2352	10	661	0	1262
284	178	353	-10	3615	4167	10	700	0	3333
285	210	1	-7	3753	4364	10	146	0	3544
286	306	85	-24	4469	4807	10	138	0	3914
287	196	129	-29	2913	3336	10	383	0	2508
288	243	287	8	413	799	10	0	566	507
289	396	106	-23	1009	1272	10	633	0	0
290	151	188	18	50	449	10	0	207	398
291	151	231	10	325	430	10	0	702	372
292	11	274	18	2974	3548	10	0	453	0
293	92	238	-32	4797	5037	10	214	0	3542
294	108	48	-26	3088	3686	10	621	0	2818
295	38	291	-31	1959	2230	10	689	0	1598
296	232	131	-9	4442	4764	10	244	0	4414
297	217	98	-8	154	674	10	463	0	401
298	340	79	30	2653	2823	0	0	802	2637
299	308	327	-37	1369	1857	10	120	0	1523
300	279	91	-8	5058	5529	10	564	0	4119
301	384	294	-16	2280	2296	10	444	0	1914
302	90	311	12	2680	2788	10	0	717	2631
303	359	31	-10	4847	5300	10	513	0	4414
304	391	136	33	827	996	10	0	630	794
305	344	236	-22	3578	3616	10	469	0	0
306	202	6	20	2360	2844	10	0	213	0
307	2	29	-28	5416	5611	10	313	0	2314
308	366	340	-27	2800	3042	10	619	0	563
309	328	8	36	1770	1914	10	0	532	1683
310	316	383	14	3043	3605	10	0	260	3388
311	384	53	13	3602	4114	10	0	461	3878
312	302	300	-24	3165	3612	10	629	0	2985
313	29	86	28	2163	2520	10	0	307	2314
314	358	309	11	3288	3680	10	0	723	3488
315	147	210	23	124	307	10	0	33	253
316	287	279	-20	4649	5044	10	794	0	866
317	102	149	-21	1978	2199	10	552	0	686
318	115	51	-36	3345	3560	10	694	0	3171
319	393	256	13	1496	1734	10	0	697	1533
320	340	290	39	1847	1880	10	0	41	1713
321	271	116	-8	3561	3829	10	122	0	3363
322	332	216	-18	1718	1982	10	578	0	1501
323	319	113	26	4431	5027	10	0	460	0
324	246	47	18	4060	5026	10	0	571	4866
325	247	377	-13	4714	5130	10	37	0	1015
326	371	111	3	841	1273	10	0	97	0
327	397	362	-35	1036	1086	10	393	0	489
328	157	220	-18	5465	5665	10	215	0	5386
329	322	281	9	519	733	10	0	772	586
330	50	385	31	3164	3540	10	0	8	3301
331	193	216	-33	4869	5098	10	642	0	0
332	80	282	-29	1888	2402	10	602	0	1032
333	91	388	2	784	1056	10	0	157	838
334	351	199	-20	2946	3510	10	577	0	1027
335	327	115	15	1122	1425	10	0	422	0
336	23	317	-15	1847	1903	10	584	0	310
337	362	378	-24	1752	2147	10	509	0	903
338	337	248	26	1766	2171	10	0	98	2025
339	4	307	-18	4197	4542	10	426	0	1069
340	379	254	3	1095	1340	10	0	99	0
341	67	318	15	857	1229	10	0	758	1051
342	372	382	7	2478	2645	10	0	249	0
343	356	223	28	3715	4149	10	0	517	3711
344	243	215	7	83	282	10	0	61	0
345	336	201	17	2994	3687	10	0	129	3550
346	338	5	-24	3898	4355	10	751	0	3031
347	142	385	-21	1843	2494	10	448	0	1699
348	192	332	-24	1546	2080	10	405	0	640
349	18	294	45	1936	2082	10	0	360	0
350	400	373	-19	881	1332	10	418	0	0
351	287	225	-4	2869	3215	10	106	0	1772
352	66	144	29	356	886	10	0	620	740
353	19	61	-29	4337	5003	10	487	0	2503
354	389	171	3	1723	2009	10	0	379	1817
355	377	29	-16	2722	3371	10	666	0	2553
356	6	20	27	1029	1195	10	0	631	930
357	68	215	-17	3722	4169	10	523	0	0
358	177	55	17	2970	3195	10	0	220	3048
359	118	122	-4	3796	3928	10	409	0	3393
360	43	121	-45	3882	4117	10	349	0	0
361	13	322	19	1436	1624	10	0	388	1400
362	193	390	-22	4073	4323	10	605	0	3813
363	369	211	20	1824	1998	10	0	238	1828
364	92	73	-21	1172	1646	10	486	0	1221
365	163	270	14	2046	2430	10	0	81	2350
366	349	249	5	3329	3751	10	0	395	0
367	133	375	-34	2557	2765	10	380	0	1662
368	266	234	-15	3562	3862	10	652	0	2960
369	353	3	20	863	1302	10	0	154	1052
370	18	102	-15	925	1053	10	11	0	550
371	236	260	31	4279	4791	10	0	74	4721
372	142	262	41	2079	2137	10	0	401	0
373	314	257	13	189	830	10	0	437	702
374	161	124	-9	2501	2900	10	375	0	2621
375	170	114	9	2500	2713	10	0	374	2621
376	85	256	15	4028	4122	10	0	278	3994
377	243	140	-23	5096	5211	10	163	0	3507
378	41	183	25	4668	4870	10	0	396	4710
379	359	157	-3	2992	3607	10	354	0	1817
380	146	301	34	1168	1777	10	0	367	1662
381	184	233	19	36	755	10	0	39	718
382	194	121	-11	4885	5413	10	166	0	4736
383	277	163	29	2255	2594	10	0	287	2508
384	125	182	24	164	453	10	0	80	375
385	51	205	-5	4823	5025	10	598	0	4524
386	260	352	-16	1580	1698	10	614	0	416
387	55	115	8	2946	3436	10	0	687	3267
388	102	324	-19	1772	2274	10	361	0	1400
389	238	124	26	2191	2544	10	0	128	2459
390	54	108	17	992	1264	10	0	560	1091
391	108	75	24	544	698	10	0	648	0
392	359	42	10	3192	3661	10	0	203	3436
393	248	286	35	280	588	10	0	327	489
394	98	375	-16	751	869	10	678	0	634
395	340	276	-5	3398	3663	10	366	0	0
396	85	128	-25	5076	5346	10	378	0	4710
397	277	143	12	2451	2817	10	0	449	2601
398	6	62	-18	3493	3803	10	727	0	1019
399	143	159	16	151	411	10	0	143	340
400	159	164	-8	5360	5450	10	657	0	3356
401	343	322	-41	3170	3442	10	372	0	0
402	223	41	-20	1991	2536	10	704	0	1886
403	155	159	15	196	376	10	0	544	315
404	73	4	-10	5416	5953	10	92	0	1042
405	175	304	24	108	747	10	0	348	640
406	40	31	-1	2234	2491	10	771	0	0
407	110	241	9	153	638	10	0	665	539
408	399	179	-22	1647	2054	10	26	0	1331
409	196	77	4	3227	3517	10	0	359	3393
410	8	363	-50	3503	3652	10	265	0	3226
411	126	90	-26	3149	3896	10	246	0	1317
412	136	373	-3	2352	2683	10	650	0	0
413	339	69	-9	3852	3994	10	607	0	3789
414	234	73	-13	417	944	10	180	0	615
415	65	335	4	1309	1446	10	0	84	1255
416	35	238	-31	701	945	10	658	0	456
417	201	242	-19	2986	3297	10	216	0	422
418	279	262	19	201	603	10	0	350	0
419	111	286	-19	314	870	10	749	0	410
420	350	207	16	1254	1889	10	0	645	1738
421	305	257	-9	2306	2766	10	719	0	797
422	320	166	-15	2198	2610	10	335	0	0
423	285	287	-21	2912	3172	10	599	0	2001
424	228	96	37	973	1725	10	0	230	1617
425	296	388	41	1008	1205	10	0	783	993
426	38	366	18	885	1301	10	0	339	1069
427	26	275	-11	4297	4876	10	75	0	3720
428	49	187	20	530	1120	10	0	195	968
429	291	304	9	4190	4235	10	0	432	0
430	81	156	25	1754	1849	0	0	805	1722
431	3	2	-20	3684	4088	10	668	0	776
432	354	199	-9	4926	5436	10	429	0	0
433	361	194	-17	1538	1821	10	498	0	1273
434	267	321	26	2367	2819	10	0	191	2680
435	378	30	35	4252	4664	10	0	212	4417
436	217	211	-12	4473	5090	10	71	0	5014
437	246	152	-13	2308	2623	10	373	0	702
438	336	386	21	2858	3078	10	0	745	0
439	348	102	26	1527	1726	10	0	28	1548
440	162	251	21	63	570	10	0	253	506
441	70	81	-5	3348	3790	10	649	0	1397
442	231	320	4	475	927	10	0	488	803
443	374	163	29	1120	1522	10	0	198	1344
444	367	300	16	1606	2109	10	0	301	1914
445	45	85	-3	3465	3976	10	22	0	1655
446	330	76	10	3624	3919	10	0	234	3739
447	371	386	-9	1175	1545	10	618	0	369
448	253	316	21	1657	1827	10	0	347	1699
449	264	69	-12	2661	2782	10	397	0	2601
450	330	353	-8	4485	5126	10	485	0	335
451	169	235	35	46	393	10	0	757	346
452	186	179	29	25	270	10	0	162	244
453	13	220	-18	4122	4519	10	292	0	0
454	323	218	-23	3285	3393	10	254	0	0
455	300	319	-10	459	875	10	275	0	500
456	356	315	-1	1514	1971	10	100	0	691
457	193	18	-14	1697	1910	10	512	0	298
458	228	341	-30	3926	4251	10	141	0	2859
459	324	184	25	198	886	10	0	239	760
460	344	72	-26	4131	4509	10	323	0	0
461	376	19	-13	4830	5536	10	311	0	3878
462	74	351	-1	3733	4064	10	274	0	3794
463	262	30	8	536	912	10	0	297	401
464	256	145	-12	4400	4870	10	626	0	3967
465	361	287	13	858	1307	10	0	502	1123
466	188	67	-10	4067	4448	10	252	0	4166
467	26	70	3	3486	4003	10	0	763	3785
468	381	375	11	4179	4513	10	0	186	4148
469	220	71	22	2682	2849	10	0	305	0
470	371	349	-11	922	1299	10	525	0	711
471	26	260	-9	2446	2707	10	140	0	2174
472	339	3	-12	3159	3383	10	245	0	3000
473	308	314	-11	2465	2773	10	110	0	2570
474	113	80	-15	598	851	10	575	0	529
475	78	261	32	471	621	10	0	175	484
476	85	333	-8	2089	2643	10	172	0	672
477	192	151	-25	1951	2837	10	533	0	691
478	382	169	-2	2592	2792	10	188	0	1108
479	52	301	7	3504	4014	10	0	77	0
480	51	64	14	3206	3277	10	0	54	3075
481	273	182	18	3152	3771	10	0	208	0
482	163	264	26	179	413	10	0	737	339
483	213	305	24	1762	2277	10	0	671	2171
484	96	162	-18	3444	3973	10	537	0	3354
485	209	208	8	12	348	10	0	450	335
486	100	15	21	1212	1432	10	0	364	1221
487	8	68	29	2610	2736	10	0	353	2503
488	256	385	-4	2226	2660	10	442	0	803
489	178	103	10	2458	2602	10	0	25	2502
490	285	107	17	1791	2332	10	0	516	2206
491	1	335	-23	846	1272	10	588	0	918
492	274	7	21	1210	1545	10	0	538	1338
493	213	216	9	20	663	10	0	641	642
494	190	27	10	1361	2091	10	0	165	1917
495	73	124	9	1973	2567	10	0	95	0
496	321	144	-1	4097	4538	10	612	0	1208
497	296	156	-24	331	613	10	788	0	391
498	348	189	17	846	1422	10	0	433	1273
499	117	395	13	1518	1813	10	0	628	1601
500	2	52	-12	2510	3023	10	109	0	2011
501	186	145	-17	5938	6104	10	586	0	1972
502	381	290	-13	1825	2048	10	465	0	1123
503	244	50	-15	3663	4089	10	670	0	1636
504	11	328	12	2941	3317	10	0	765	3040
505	317	183	-25	428	639	10	508	0	478
506	196	51	19	1958	2401	10	0	259	2251
507	212	197	-30	3102	3848	10	267	0	1712
508	299	227	25	286	618	10	0	505	478
509	395	340	24	777	1144	10	0	337	903
510	259	4	26	2372	2595	10	0	83	2390
511	292	392	-14	2420	2989	10	87	0	712
512	211	153	14	223	347	10	0	457	298
513	370	57	10	4430	4637	10	0	303	4414
514	119	286	18	3241	3508	10	0	759	3389
515	213	332	21	2784	3078	10	0	38	2945
516	328	39	-17	2773	3398	10	490	0	2206
517	312	247	-28	3248	3929	10	343	0	3711
518	248	126	23	2558	2777	10	0	174	2688
519	208	20	10	2289	2639	10	0	243	2458
520	201	195	12	5	528	10	0	770	522
521	146	174	23	59	480	10	0	255	420
522	341	33	27	1091	1263	10	0	651	0
523	86	112	17	2754	3066	10	0	357	0
524	140	40	-22	3997	4243	10	662	0	3682
525	310	340	11	616	890	10	0	470	711
526	176	154	15	51	401	10	0	16	349
527	131	89	26	441	803	10	0	600	672
528	74	231	11	1769	2140	10	0	667	2010
529	93	31	-38	2481	2900	10	622	0	1677
530	349	324	-18	2027	2398	10	542	0	2034
531	5	344	7	4781	5412	10	0	731	4904
532	159	79	-36	3069	3386	10	309	0	1683
533	137	68	25	432	838	10	0	477	691
534	103	95	26	2207	2680	10	0	72	2389
535	315	237	-15	1920	2357	10	23	0	1247
536	294	118	13	218	780	10	0	280	655
537	75	89	18	3207	3522	10	0	484	3354
538	369	6	-21	2231	2269	10	492	0	1338
539	63	166	4	3914	4175	10	0	46	4033
540	59	89	24	2905	3370	10	0	185	3190
541	138	326	-8	2130	2476	10	112	0	893
542	304	395	18	2094	2255	10	0	530	2034
543	59	49	-17	1488	1902	10	721	0	714
544	170	176	-15	3954	4292	10	403	0	315
545	384	47	31	4149	4702	10	0	790	4060
546	117	381	18	2279	2821	10	0	266	2621
547	72	315	11	2493	3078	10	0	595	2607
548	326	156	15	1184	1267	10	0	107	1133
549	41	340	-23	3235	3785	10	269	0	1144
550	94	165	5	2285	3029	10	0	791	2917
551	229	371	7	3874	4348	10	0	161	4174
552	107	98	21	360	825	10	0	317	686
553	262	233	-18	4346	4651	10	82	0	2971
554	41	337	-28	2576	2895	10	722	0	694
555	243	275	31	3621	3855	10	0	247	3768
556	384	307	-20	1259	1899	10	559	0	672
557	365	303	-21	3604	3730	10	742	0	3481
558	397	73	15	822	1054	10	0	691	819
559	234	214	20	36	709	10	0	556	672
560	3	15	-17	4245	4687	10	390	0	1091
561	244	135	8	2528	2965	10	0	568	2886
562	303	112	-28	3352	3752	10	798	0	2104
563	325	45	8	2194	2639	10	0	132	2439
564	343	134	8	3913	4277	10	0	300	4119
565	307	396	-2	2895	3402	10	181	0	1757
566	278	289	-8	297	650	10	288	0	507
567	203	40	11	2995	3459	10	0	17	2959
568	238	119	-8	2433	3071	10	561	0	2886
569	166	357	-8	4659	5167	10	603	0	3842
570	290	82	24	3421	3886	10	0	272	3737
571	177	139	-18	5898	6676	10	324	0	4866
572	2	200	35	1141	1711	10	0	767	1513
573	348	319	-33	1266	1504	10	218	0	376
574	36	203	11	1372	1791	10	0	775	1626
575	125	122	15	370	638	10	0	474	529
576	184	69	-34	2027	2118	10	144	0	0
577	368	278	20	837	1213	10	0	334	1027
578	374	175	18	1195	1677	10	0	322	1501
579	126	208	26	5243	5833	0	0	803	5758
580	184	235	-13	4273	4838	10	184	0	3760
581	153	315	16	375	619	10	0	720	494
582	48	278	36	666	781	10	0	200	610
583	286	308	-21	2393	2746	10	35	0	2329
584	197	200	15	3	313	10	0	336	310
585	196	138	18	210	489	0	0	804	426
586	226	52	17	1959	2123	10	0	501	1972
587	256	356	19	626	799	10	0	724	633
588	108	399	23	540	1213	10	0	491	918
589	124	221	-20	3921	4223	10	50	0	1185
590	240	201	13	2904	3247	10	0	672	3206
591	122	105	-2	685	856	10	279	0	291
592	236	171	27	121	249	10	0	111	202
593	348	371	-26	2541	2796	10	21	0	1813
594	183	71	-13	2831	3406	10	659	0	3262
595	26	326	-11	2346	2837	10	547	0	2607
596	338	315	9	3726	4011	10	0	55	3831
597	380	126	31	847	891	10	0	683	696
598	74	283	5	4132	4675	10	0	385	4524
599	46	197	21	1351	2156	10	0	423	2001
600	30	39	-26	1392	1672	10	527	0	672
601	88	372	-14	1250	1705	10	196	0	885
602	60	319	29	945	1216	10	0	332	1032
603	174	326	8	3788	3971	10	0	569	3842
604	172	109	13	161	681	10	0	43	585
605	157	378	22	3454	3997	10	0	362	3813
606	219	49	23	1697	2111	10	0	739	1958
607	316	112	9	3719	4112	10	0	413	3789
608	398	325	-12	3389	3729	10	762	0	1360
609	230	234	-23	6128	6480	10	49	0	0
610	97	387	-3	2029	2580	10	733	0	0
611	262	212	-27	4382	4741	10	70	0	3770
612	349	181	1	1072	1359	10	0	496	1208
613	29	9	-11	3273	3451	10	748	0	998
614	201	255	16	55	472	10	0	386	416
615	21	255	29	2904	3301	10	0	735	3078
616	102	252	21	174	714	10	0	693	0
617	9	47	-15	3228	3714	10	768	0	2197
618	237	243	9	56	426	10	0	447	369
619	330	313	27	641	736	10	0	308	563
620	282	252	-29	3460	3601	10	352	0	740
621	16	114	26	2883	3022	10	0	294	2818
622	236	38	38	1739	1843	10	0	529	1677
623	247	212	-18	719	779	10	194	0	310
624	366	97	-18	3076	3221	10	773	0	1886
625	284	311	-9	1338	1576	10	139	0	333
626	308	217	12	3981	4077	10	0	464	3967
627	343	184	-31	4464	4636	10	9	0	4325
628	55	346	-13	1564	2097	10	499	0	1601
629	316	327	24	3070	3158	10	0	312	2985
630	255	80	-33	1925	2353	10	304	0	794
631	102	118	-27	4568	4903	10	356	0	930
632	73	126	38	1589	1886	10	0	145	1739
633	369	171	23	470	901	10	0	289	0
634	350	214	28	3146	3533	10	0	787	3274
635	244	56	-8	2696	2720	10	655	0	2035
636	287	343	-17	2607	3275	10	167	0	2257
637	220	38	32	2199	2562	10	0	135	2398
638	154	41	-4	5033	5373	10	59	0	2801
639	173	72	39	961	1354	10	0	676	1223
640	206	106	-12	967	1458	10	236	0	489
641	362	383	-9	1041	1124	10	493	0	642
642	107	159	33	4160	4213	10	0	331	0
643	319	160	26	570	893	10	0	116	767
644	88	121	-3	1991	2673	10	698	0	825
645	341	78	-16	3306	3450	10	420	0	1738
646	97	105	-17	3504	4164	10	133	0	3779
647	246	244	-4	2657	2892	10	699	0	1369
648	35	79	-24	1599	1901	10	391	0	0
649	37	106	5	1401	1586	10	0	441	1397
650	173	384	3	483	1005	10	0	412	0
651	368	63	-27	1604	1834	10	522	0	0
652	300	272	15	2580	3084	10	0	368	2960
653	237	200	17	37	438	10	0	168	401
654	286	44	-24	2161	2486	10	734	0	1987
655	294	249	8	1746	2142	10	0	635	2035
656	388	106	9	982	1247	10	0	3	0
657	148	71	8	3148	3496	10	0	400	3356
658	100	218	31	383	558	10	0	416	456
659	177	77	13	2979	3531	10	0	594	3262
660	148	94	23	3215	3612	10	0	251	3493
661	16	311	10	987	1477	10	0	283	1262
662	158	85	22	3779	3805	10	0	524	3682
663	105	254	12	1542	1848	10	0	47	1738
664	66	118	-17	2261	2375	10	222	0	464
665	13	96	-9	2813	3318	10	407	0	539
666	348	41	16	2610	2771	10	0	355	2553
667	135	161	-11	5274	5649	10	528	0	2010
668	85	61	20	487	957	10	0	431	776
669	160	62	-20	2856	2935	10	136	0	1084
670	234	20	15	1648	1820	10	0	503	1636
671	108	395	-24	2191	2510	10	483	0	2171
672	230	139	-13	5148	5354	10	590	0	3206
673	45	291	18	720	1108	10	0	235	0
674	266	8	-26	2331	2428	10	686	0	2180
675	95	391	-25	1935	1967	10	130	0	1584
676	156	32	-39	3113	3330	10	639	0	1223
677	58	98	15	1026	1198	10	0	190	1023
678	79	344	16	723	1131	10	0	394	634
679	59	51	14	647	1121	10	0	42	915
680	380	339	-12	2769	3282	10	2	0	469
681	165	126	-17	4956	5103	10	684	0	248
682	43	67	15	1442	1941	10	0	121	1735
683	377	72	-31	5193	5393	10	597	0	696
684	209	167	17	34	283	10	0	681	248
685	57	381	22	920	1031	10	0	232	800
686	294	13	26	2109	2705	10	0	674	2180
687	87	147	-8	3314	3801	10	387	0	3267
688	4	60	29	815	1226	10	0	281	0
689	26	247	31	1443	1779	10	0	295	1598
690	44	296	18	1731	2258	10	0	199	2074
691	357	38	-15	4345	4610	10	558	0	819
692	56	156	-13	2614	2970	10	4	0	1350
693	52	194	-21	1992	2518	10	616	0	0
694	124	179	36	2617	3250	10	0	318	3171
695	311	356	-19	502	1029	10	202	0	602
696	140	131	34	3356	3797	10	0	179	3705
697	364	213	-13	2193	2552	10	319	0	1533
698	102	84	3	467	977	10	0	644	825
699	7	143	4	1214	1571	10	0	647	1369
700	105	360	10	2884	3520	10	0	284	3333
701	150	49	-14	3384	3517	10	93	0	2426
702	52	343	-10	1480	2055	10	291	0	372
703	218	134	24	4964	5355	0	0	806	5286
704	199	22	20	1680	2065	10	0	402	1886
705	381	27	-26	1794	2030	10	789	0	1496
706	75	76	-27	1186	1564	10	777	0	1164
707	377	282	20	1487	1738	10	0	18	1542
708	377	144	23	1825	2034	10	0	778	1848
709	59	285	-2	4423	4870	10	730	0	3324
710	321	85	16	1672	1917	10	0	201	1750
711	194	65	16	1426	1784	10	0	753	1648
712	213	280	29	176	472	10	0	263	390
713	41	93	-18	3614	4455	10	752	0	834
714	41	399	13	996	1215	10	0	160	960
715	334	92	29	1553	2116	10	0	796	1943
716	76	72	-15	3974	4223	10	760	0	3763
717	55	341	-12	2632	2891	10	302	0	2631
718	248	124	19	2563	2871	10	0	242	2781
719	0	155	9	639	1002	10	0	421	797
720	186	355	-16	329	917	10	581	0	494
721	102	42	17	674	900	10	0	543	714
722	96	209	28	305	799	10	0	554	694
723	325	294	-11	4373	4912	10	314	0	3488
724	251	381	-19	805	1457	10	587	0	633
725	362	115	11	4152	4459	10	0	29	4276
726	8	119	11	3079	3750	10	0	31	3541
727	53	51	18	767	1229	10	0	398	1019
728	123	30	12	2641	3061	10	0	34	2874
729	361	236	13	587	832	10	0	779	0
730	76	90	2	2604	3490	10	0	709	3324
731	77	319	-7	4799	5233	10	531	0	4904
732	395	113	-18	2150	2610	10	104	0	2080
733	110	290	3	276	824	10	0	610	0
734	251	70	24	1655	2127	10	0	654	1987
735	26	199	-29	3249	3332	10	615	0	3078
736	92	384	26	1512	1832	10	0	187	1618
737	122	397	-26	2201	2530	10	482	0	339
738	15	4	-23	2625	3090	10	170	0	2479
739	168	15	-23	2418	2677	10	606	0	1958
740	47	190	23	2451	2718	10	0	258	2564
741	35	160	-22	3894	4366	10	233	0	403
742	388	275	21	3495	4041	10	0	557	3481
743	338	150	16	2786	3478	10	0	797	0
744	186	75	-22	2950	3407	10	86	0	2286
745	352	383	-21	3037	3465	10	438	0	0
746	50	315	4	2492	2654	10	0	173	2464
747	153	224	15	3110	3287	10	0	268	3234
748	2	17	11	1007	1268	10	0	613	998
749	168	223	19	39	450	10	0	419	410
750	299	270	-18	3253	3530	10	36	0	3244
751	397	133	24	2808	3240	10	0	346	3031
752	24	57	18	754	1061	10	0	713	834
753	234	37	-16	1993	2225	10	711	0	1648
754	381	12	15	2254	2591	10	0	89	2330
755	117	148	14	202	582	10	0	65	484
756	325	130	19	4109	4317	10	0	85	4173
757	146	320	-35	1878	2216	10	451	0	346
758	8	285	-15	1165	1541	10	341	0	1051
759	146	324	-18	5582	5830	10	514	0	3389
760	131	82	15	3386	3900	10	0	716	3763
761	266	13	-8	2629	2923	10	108	0	1558
762	348	343	12	1272	1566	10	0	608	1360
763	91	61	-3	5618	6310	10	467	0	3785
764	114	88	24	2479	3036	10	0	264	2894
765	36	286	-12	2892	3328	10	504	0	3040
766	325	311	-30	2294	2726	10	150	0	1488
767	192	268	-35	1816	2495	10	572	0	1513
768	37	119	15	1950	2380	10	0	617	2197
769	291	398	16	1986	2383	10	0	205	2165
770	201	6	-12	2307	2495	10	520	0	522
771	162	121	1	131	571	10	0	406	0
772	302	345	-9	802	1152	10	329	0	586
773	297	137	18	1783	2002	10	0	624	1886
774	34	371	-3	1278	1881	10	27	0	697
775	202	158	-11	4415	4971	10	574	0	1626
776	338	290	-12	2407	2914	10	177	0	2441
777	100	10	27	1023	1379	10	0	706	1164
778	310	163	-23	2659	2999	10	708	0	1848
779	368	215	-13	2785	3148	10	729	0	0
780	142	379	11	2916	3446	10	0	32	3257
781	326	79	29	2962	3609	10	0	14	3434
782	5	266	32	1259	1804	10	0	64	1598
783	140	344	-41	5084	5340	10	425	0	993
784	267	221	24	2250	2564	10	0	131	2493
785	18	235	-18	702	1162	10	115	0	881
786	393	246	-9	1828	2359	10	189	0	1764
787	394	299	-28	2940	3531	10	634	0	3274
788	244	176	24	50	442	10	0	497	391
789	309	18	26	1583	1709	10	0	705	1496
790	364	23	-31	4299	4341	10	545	0	4060
791	75	238	-5	3764	4400	10	550	0	2917
792	81	290	-8	1393	1932	10	182	0	791
793	209	283	-25	2347	2710	10	79	0	1988
794	353	357	20	796	1086	10	0	316	866
795	87	164	11	2433	2981	10	0	149	2862
796	400	109	-29	3230	3669	10	715	0	1943
797	319	115	-16	2518	2922	10	743	0	0
798	349	135	28	2236	2267	10	0	562	2104
799	12	368	12	2923	3368	10	0	171	3115
800	231	6	32	2830	2897	10	0	158	2700
801	56	97	-19	3749	3903	10	134	0	3725
802	340	79	-30	2653	2823	10	298	0	2637
803	126	208	-26	5243	5833	10	579	0	5758
804	196	138	-18	210	489	10	585	0	426
805	81	156	-25	1754	1849	10	430	0	1722
806	218	134	-24	4964	5355	10	703	0	5286

