200	200	1
0	200	200	0	0	1573	0	0	0
1	244	56	-12	0	1413	10	242	0	607
2	245	106	20	0	1459	10	0	534	672
3	233	214	-10	0	1528	10	690	0	739
4	395	340	24	0	1323	10	0	467	533
5	229	371	7	0	1390	0	0	811	608
6	384	248	35	0	1373	10	0	588	584
7	277	163	-10	0	1478	10	708	0	27
8	52	94	-10	0	1381	10	166	0	584
9	89	152	20	0	1443	10	0	600	653
10	218	284	-20	0	1478	10	149	0	689
11	340	276	43	0	1404	10	0	57	609
12	206	106	-10	0	1469	10	452	0	665
13	375	247	-20	181	211	10	466	0	9
14	113	179	10	196	226	10	0	443	68
15	348	280	10	217	247	10	0	43	39
16	223	372	-28	0	1390	10	150	0	530
17	361	287	13	0	1380	10	0	630	578
18	6	62	-18	0	1325	10	649	0	534
19	37	397	-22	825	855	10	318	0	294
20	364	27	-30	0	1325	10	47	0	14
21	14	201	-20	216	246	10	78	0	17
22	325	294	22	0	1407	10	0	357	553
23	41	382	20	0	1322	10	0	190	534
24	325	130	-10	1038	1068	10	120	0	37
25	384	47	31	0	1324	10	0	178	368
26	116	181	-10	221	251	10	529	0	74
27	346	155	20	237	267	10	0	83	57
28	359	30	-20	0	1331	10	100	0	23
29	222	284	10	0	1477	10	0	553	672
30	91	150	-7	0	1444	10	687	0	652
31	140	387	-10	0	1367	10	81	0	563
32	176	154	-13	0	1512	10	365	0	718
33	352	383	16	0	1326	10	0	321	517
34	213	332	21	718	748	10	0	133	307
35	133	68	20	175	205	10	0	604	28
36	151	188	18	0	1513	0	0	828	731
37	105	250	-30	0	1456	10	358	0	668
38	94	70	30	0	1396	10	0	449	607
39	287	307	10	225	255	10	0	675	58
40	267	321	-35	0	1425	10	161	0	638
41	220	71	22	0	1433	10	0	735	626
42	244	106	-10	0	1460	10	432	0	14
43	338	290	-10	0	1399	10	15	0	39
44	5	345	14	0	1320	10	0	792	60
45	145	301	8	115	145	10	0	169	14
46	393	301	-20	0	1346	10	447	0	30
47	359	23	30	237	267	10	0	20	14
48	196	107	-20	1329	1359	10	235	0	64
49	348	41	16	0	1346	10	0	107	36
50	59	51	14	206	236	0	0	809	15
51	126	91	-4	0	1432	10	216	0	643
52	234	214	-30	110	140	10	73	0	14
53	108	395	12	0	1348	10	0	626	556
54	186	306	-10	0	1457	10	548	0	669
55	125	122	-22	0	1455	10	609	0	646
56	12	368	12	0	1311	0	0	804	529
57	348	279	-43	0	1396	10	11	0	609
58	26	247	-9	0	1383	10	421	0	15
59	393	306	-10	240	270	10	397	0	19
60	268	114	30	0	1454	10	0	271	11
61	2	17	11	269	299	10	0	180	14
62	62	258	-16	0	1414	10	624	0	587
63	186	145	-20	0	1507	10	714	0	684
64	338	315	9	0	1384	10	0	566	562
65	66	118	-23	0	1406	10	680	0	588
66	68	378	10	682	712	10	0	642	245
67	294	136	-50	0	1450	10	509	0	649
68	73	126	38	0	1417	10	0	176	392
69	68	263	10	195	225	10	0	756	39
70	302	136	-20	165	195	10	717	0	14
71	234	203	10	0	1529	10	0	573	668
72	127	94	10	216	246	10	0	359	58
73	233	208	30	33	63	10	0	52	14
74	210	1	11	0	1364	10	0	510	536
75	102	252	-24	0	1453	10	382	0	566
76	152	237	10	71	101	10	0	773	20
77	2	3	-20	0	1284	10	378	0	430
78	92	162	20	0	1449	10	0	21	17
79	177	55	17	0	1417	10	0	342	629
80	193	29	16	0	1392	10	0	372	166
81	105	360	10	0	1377	10	0	31	563
82	193	216	-24	0	1546	10	745	0	557
83	338	150	-20	768	798	10	27	0	57
84	68	143	-10	0	1420	10	211	0	65
85	180	15	-26	0	1377	10	98	0	332
86	182	378	-20	0	1385	10	473	0	14
87	39	384	-30	0	1319	10	508	0	14
88	43	386	10	295	325	10	0	158	40
89	291	301	-30	0	1428	10	325	0	37
90	32	251	20	0	1388	10	0	681	34
91	246	298	19	956	986	10	0	384	438
92	32	229	-25	1054	1084	10	108	0	433
93	116	252	20	0	1465	10	0	521	13
94	198	295	20	0	1468	10	0	513	680
95	63	262	20	179	209	10	0	253	29
96	119	179	-20	0	1480	10	575	0	653
97	174	375	30	0	1387	10	0	124	595
98	199	45	26	790	820	10	0	85	332
99	150	236	20	61	91	10	0	479	14
100	363	24	20	257	287	10	0	28	23
101	393	307	-30	0	1343	10	232	0	552
102	331	251	-15	0	1423	10	586	0	97
103	293	306	-10	0	1422	10	424	0	52
104	18	102	-20	0	1357	10	220	0	568
105	196	293	-20	0	1470	10	441	0	681
106	299	141	-30	0	1448	10	512	0	658
107	364	25	-16	293	323	10	49	0	36
108	41	183	25	0	1404	10	0	92	433
109	342	385	10	356	386	10	0	228	76
110	302	203	30	0	1461	10	0	428	31
111	212	197	-20	854	884	10	742	0	70
112	384	294	20	0	1357	10	0	113	569
113	381	290	-20	0	1361	10	112	0	569
114	110	254	20	0	1459	10	0	790	668
115	196	51	19	530	560	0	0	824	205
116	264	341	-10	1041	1071	10	694	0	366
117	23	98	-10	0	1359	10	308	0	565
118	278	265	-19	649	679	10	385	0	282
119	23	97	-10	0	1359	10	580	0	67
120	281	155	10	137	167	10	0	24	37
121	352	162	-18	0	1407	10	787	0	615
122	209	85	10	0	1448	10	0	407	656
123	15	4	18	0	1294	10	0	285	498
124	177	379	-30	0	1383	10	97	0	595
125	18	208	20	259	289	10	0	712	53
126	343	322	-29	0	1376	10	768	0	585
127	369	107	20	0	1371	10	0	754	582
128	31	360	-20	0	1331	10	606	0	543
129	263	110	10	138	168	10	0	249	29
130	240	246	20	0	1503	10	0	495	693
131	380	339	10	741	771	10	0	172	271
132	111	286	21	133	163	10	0	596	19
133	213	271	-21	0	1491	10	34	0	307
134	251	381	17	0	1375	10	0	260	577
135	322	242	10	233	263	10	0	234	66
136	390	52	10	0	1323	0	0	814	541
137	26	70	3	0	1346	10	0	726	558
138	300	132	-10	0	1443	10	281	0	655
139	342	384	-11	0	1331	10	270	0	544
140	357	160	20	180	210	10	0	326	23
141	204	87	30	0	1450	10	0	431	662
142	197	293	30	0	1470	10	0	645	683
143	98	107	-20	0	1425	10	159	0	600
144	400	109	-18	0	1344	10	189	0	555
145	231	243	-30	0	1510	10	229	0	713
146	84	221	-20	0	1446	10	661	0	647
147	230	290	-20	0	1469	10	503	0	681
148	397	261	16	585	615	10	0	283	204
149	222	283	20	0	1478	10	0	10	689
150	247	377	28	1215	1245	10	0	16	530
151	60	319	29	255	285	10	0	256	50
152	79	154	-9	0	1434	10	619	0	215
153	256	385	-5	0	1370	10	377	0	237
154	140	40	27	1015	1045	10	0	351	437
155	8	119	-10	0	1355	10	490	0	555
156	208	274	-20	0	1489	10	379	0	701
157	84	293	11	556	586	0	0	813	218
158	74	351	-10	0	1367	10	88	0	40
159	95	64	20	0	1392	10	0	143	600
160	329	236	10	0	1430	10	0	734	628
161	248	286	35	0	1465	10	0	40	638
162	234	243	-10	0	1509	10	507	0	62
163	244	109	-30	0	1462	10	440	0	659
164	340	388	10	0	1329	10	0	597	541
165	161	233	30	117	147	10	0	412	47
166	125	95	10	0	1434	10	0	8	584
167	351	199	-5	792	822	10	290	0	185
168	61	333	-4	0	1371	10	595	0	582
169	146	324	-8	0	1428	10	45	0	14
170	372	104	20	0	1367	10	0	747	579
171	381	144	-3	0	1374	10	282	0	568
172	394	299	-10	0	1346	10	131	0	271
173	363	30	-13	0	1328	10	422	0	540
174	358	23	-8	0	1326	10	244	0	525
175	220	238	12	0	1521	10	0	278	681
176	97	105	-38	944	974	10	68	0	392
177	186	355	-20	0	1408	10	716	0	596
178	391	42	-31	964	994	10	25	0	368
179	48	326	20	0	1366	10	0	613	577
180	74	87	-11	0	1394	10	61	0	14
181	264	69	15	0	1418	10	0	193	630
182	341	394	-20	0	1324	10	665	0	536
183	128	95	-31	0	1436	10	388	0	644
184	362	383	21	0	1319	10	0	741	389
185	41	340	26	0	1352	10	0	753	553
186	13	220	15	1065	1095	10	0	413	453
187	85	61	20	180	210	10	0	634	14
188	340	290	-20	0	1397	10	724	0	606
189	396	106	18	0	1346	10	0	144	555
190	79	344	-20	0	1375	10	23	0	534
191	201	195	12	0	1558	10	0	709	669
192	90	311	-10	669	699	10	493	0	224
193	207	185	-15	0	1547	10	181	0	630
194	92	255	30	0	1442	10	0	212	635
195	385	56	10	254	284	10	0	196	24
196	396	59	-10	0	1322	10	195	0	24
197	51	326	10	0	1368	10	0	703	581
198	169	352	-21	0	1408	10	226	0	615
199	230	139	14	0	1496	0	0	831	714
200	286	44	18	0	1385	0	0	802	603
201	286	308	-21	0	1425	10	297	0	626
202	339	69	-29	0	1372	10	376	0	583
203	206	296	-9	190	220	10	368	0	55
204	142	385	16	0	1370	10	0	794	582
205	370	57	10	0	1341	10	0	612	553
206	35	79	-16	0	1359	10	531	0	548
207	17	209	20	248	278	10	0	511	47
208	128	68	-10	210	240	10	311	0	35
209	145	165	13	0	1498	10	0	367	709
210	237	259	11	0	1494	0	0	832	712
211	89	154	10	222	252	10	0	84	65
212	72	257	-30	0	1423	10	194	0	635
213	158	121	-30	0	1474	10	577	0	14
214	323	243	-20	0	1433	10	499	0	602
215	367	361	-23	487	517	10	517	0	129
216	165	126	4	0	1482	10	0	51	643
217	45	85	10	0	1370	10	0	296	400
218	137	68	25	0	1417	10	0	620	626
219	310	143	20	0	1440	10	0	483	129
220	18	100	20	0	1356	10	0	104	568
221	201	6	25	0	1369	10	0	469	566
222	297	135	-35	0	1447	10	411	0	653
223	86	154	30	0	1441	10	0	332	651
224	374	175	18	0	1388	10	0	491	600
225	91	70	-10	0	1394	10	571	0	600
226	166	357	21	0	1403	10	0	198	615
227	113	183	-10	170	200	10	774	0	45
228	347	395	-10	0	1319	10	109	0	76
229	243	244	30	0	1502	10	0	145	713
230	243	140	15	0	1490	10	0	532	666
231	14	100	-10	0	1352	10	403	0	563
232	393	312	30	0	1340	10	0	101	552
233	92	384	26	0	1350	10	0	555	554
234	294	249	-10	471	501	10	135	0	66
235	195	91	20	208	238	10	0	48	64
236	235	212	-20	0	1526	10	349	0	737
237	350	271	-20	0	1398	10	302	0	111
238	353	164	20	0	1406	10	0	535	612
239	262	233	16	1110	1140	10	0	436	534
240	200	48	20	0	1411	10	0	769	308
241	214	119	5	0	1481	10	0	444	627
242	234	37	12	0	1397	10	0	1	607
243	93	62	-30	201	231	10	487	0	15
244	234	73	8	0	1432	10	0	174	525
245	157	378	-20	0	1380	10	538	0	60
246	194	43	26	0	1406	10	0	330	570
247	268	223	-15	0	1492	10	331	0	704
248	355	156	20	0	1402	10	0	430	607
249	248	124	-10	0	1474	10	129	0	29
250	364	213	11	0	1399	10	0	678	608
251	371	253	-20	0	1384	10	760	0	594
252	31	353	-30	227	257	10	544	0	9
253	41	337	-20	0	1354	10	95	0	29
254	209	167	-20	0	1529	10	386	0	52
255	352	303	8	0	1380	10	0	414	562
256	53	326	-29	0	1370	10	151	0	50
257	388	106	9	264	294	10	0	514	41
258	21	104	30	0	1360	0	0	807	578
259	381	12	-20	591	621	10	294	0	166
260	221	379	-17	0	1383	10	134	0	577
261	46	380	-10	0	1327	10	617	0	534
262	192	332	31	0	1431	0	0	812	649
263	343	359	26	0	1350	10	0	451	551
264	320	211	6	0	1443	10	0	660	654
265	34	355	30	0	1336	10	0	705	545
266	338	106	8	0	1397	10	0	455	543
267	397	283	-20	0	1350	10	608	0	554
268	267	161	10	0	1486	10	0	523	699
269	124	221	-10	0	1485	10	704	0	14
270	310	340	11	0	1385	10	0	139	544
271	270	106	-30	120	150	10	60	0	11
272	243	104	20	166	196	10	0	480	45
273	68	250	-20	564	594	10	628	0	213
274	213	305	-10	0	1458	10	572	0	665
275	214	378	20	0	1385	10	0	689	579
276	287	279	-8	0	1446	10	743	0	549
277	313	64	-26	0	1387	10	721	0	590
278	244	285	-12	0	1468	10	175	0	681
279	154	68	20	0	1424	0	0	818	642
280	14	53	-10	0	1326	10	338	0	526
281	298	137	10	0	1447	10	0	138	655
282	371	111	3	0	1371	10	0	171	568
283	393	246	-16	0	1365	10	148	0	204
284	118	122	-17	0	1450	10	623	0	299
285	9	47	-18	0	1319	10	123	0	498
286	171	168	-15	0	1520	10	305	0	698
287	321	212	-20	0	1442	10	485	0	86
288	115	185	10	94	124	10	0	720	18
289	336	387	10	0	1332	10	0	607	545
290	357	202	5	499	529	10	0	167	185
291	374	104	-30	232	262	10	465	0	24
292	271	371	-13	752	782	10	797	0	293
293	291	398	16	0	1346	0	0	803	564
294	353	3	20	0	1314	10	0	259	166
295	74	213	-21	0	1437	10	406	0	620
296	17	99	-10	1006	1036	10	217	0	400
297	253	316	21	0	1436	10	0	201	626
298	369	118	12	1052	1082	0	0	810	447
299	11	328	12	0	1335	10	0	415	548
300	126	70	-10	0	1414	10	504	0	625
301	165	264	20	0	1491	10	0	641	651
302	377	282	20	388	418	10	0	237	111
303	73	292	-10	0	1407	10	394	0	24
304	174	326	-21	0	1435	10	369	0	608
305	135	161	15	0	1488	10	0	286	698
306	85	155	-28	0	1440	10	481	0	635
307	360	23	20	0	1325	0	0	801	543
308	20	91	10	0	1353	10	0	117	565
309	72	253	20	0	1425	10	0	494	24
310	87	155	10	210	240	10	0	564	59
311	134	63	10	0	1411	10	0	208	35
312	349	275	10	0	1397	10	0	785	607
313	325	45	-27	0	1364	10	433	0	557
314	182	300	10	0	1462	0	0	830	680
315	328	239	-7	0	1430	10	731	0	641
316	138	143	-10	84	114	10	528	0	9
317	372	256	20	0	1383	10	0	530	596
318	57	381	22	0	1333	10	0	19	294
319	162	251	-10	0	1500	10	592	0	581
320	183	301	20	0	1461	10	0	563	671
321	381	375	-16	0	1312	10	33	0	517
322	389	171	-8	0	1372	10	750	0	351
323	179	305	-19	189	219	10	360	0	14
324	14	210	10	0	1377	10	0	558	571
325	290	311	30	187	217	10	0	89	37
326	345	158	-20	0	1413	10	140	0	23
327	200	83	10	0	1446	10	0	498	641
328	342	154	25	0	1414	0	0	825	632
329	18	294	-7	0	1359	10	627	0	567
330	156	4	-26	0	1363	10	246	0	570
331	247	212	15	0	1515	10	0	247	704
332	93	149	-30	0	1445	10	223	0	651
333	299	399	-40	774	804	10	347	0	259
334	369	171	23	0	1392	0	0	817	610
335	246	247	-33	679	709	10	392	0	316
336	356	223	-16	968	998	10	639	0	410
337	266	116	10	0	1457	10	0	522	666
338	39	34	10	0	1332	10	0	280	526
339	51	205	-20	1216	1246	10	732	0	34
340	180	387	10	0	1375	10	0	400	588
341	203	88	-10	0	1451	10	471	0	661
342	173	72	-17	0	1433	10	79	0	629
343	129	85	20	0	1428	10	0	585	640
344	45	291	18	213	243	10	0	625	31
345	294	311	10	163	193	10	0	682	23
346	305	198	-20	0	1458	10	584	0	669
347	338	391	40	0	1328	10	0	333	259
348	349	135	28	548	578	10	0	611	207
349	237	213	20	0	1524	10	0	236	737
350	82	360	10	0	1365	10	0	425	568
351	102	84	-27	0	1412	10	154	0	437
352	300	144	10	242	272	10	0	542	78
353	236	38	-19	0	1398	10	725	0	610
354	278	159	-20	0	1475	10	728	0	14
355	344	280	20	0	1399	10	0	640	612
356	149	234	10	61	91	10	0	477	14
357	320	373	-22	0	1353	10	22	0	553
358	109	252	30	0	1459	10	0	37	668
359	218	134	-10	0	1495	10	72	0	58
360	184	282	19	83	113	10	0	323	14
361	32	78	23	649	679	10	0	789	235
362	395	310	10	276	306	10	0	695	41
363	19	206	20	271	301	10	0	602	59
364	243	275	-18	0	1477	10	486	0	320
365	175	192	13	0	1537	10	0	32	718
366	299	227	25	0	1461	10	0	779	654
367	159	164	-13	0	1509	10	209	0	709
368	215	260	9	0	1502	10	0	203	55
369	163	364	21	0	1395	10	0	304	608
370	208	20	10	0	1383	10	0	659	557
371	97	387	37	0	1350	10	0	605	559
372	294	13	-16	587	617	10	80	0	166
373	108	250	-1	0	1459	10	629	0	590
374	389	306	-15	331	361	10	456	0	66
375	262	30	8	0	1383	10	0	667	505
376	334	92	29	0	1391	10	0	202	583
377	279	337	5	603	633	10	0	153	237
378	3	15	20	1102	1132	10	0	77	430
379	210	271	20	0	1492	10	0	156	701
380	256	145	12	1144	1174	0	0	835	547
381	387	267	11	0	1365	10	0	729	567
382	8	285	24	0	1354	10	0	75	566
383	83	357	-20	0	1368	10	533	0	579
384	267	295	-19	0	1447	10	91	0	438
385	279	262	19	0	1463	10	0	118	282
386	238	101	20	182	212	10	0	254	52
387	219	377	-30	0	1385	10	739	0	591
388	126	90	31	0	1431	10	0	183	644
389	129	67	-11	199	229	10	547	0	14
390	166	115	-10	0	1472	10	616	0	14
391	238	250	-10	0	1501	10	784	0	711
392	246	244	33	679	709	10	0	335	316
393	131	95	-21	0	1438	10	758	0	14
394	115	257	10	121	151	10	0	303	24
395	243	106	10	0	1460	10	0	398	672
396	202	158	11	0	1521	10	0	674	13
397	389	307	10	0	1346	10	0	59	19
398	237	109	-10	0	1465	10	395	0	672
399	117	148	14	0	1466	10	0	778	678
400	180	375	-10	0	1387	10	340	0	588
401	276	157	-20	0	1476	10	710	0	19
402	303	358	-15	0	1375	10	676	0	572
403	17	96	10	0	1353	10	0	231	563
404	173	381	10	0	1380	10	0	788	587
405	70	81	9	0	1387	10	0	560	512
406	46	197	21	0	1409	10	0	295	620
407	206	81	-10	0	1444	10	122	0	656
408	348	343	12	340	370	10	0	684	82
409	95	63	-24	189	219	10	574	0	18
410	324	216	-12	0	1438	10	578	0	136
411	265	127	35	0	1466	10	0	222	653
412	196	138	-30	0	1501	10	165	0	47
413	26	260	-15	0	1379	10	186	0	453
414	384	307	-8	0	1351	10	255	0	562
415	23	317	-12	0	1351	10	299	0	548
416	204	292	10	0	1471	10	0	671	680
417	321	287	12	0	1414	10	0	470	7
418	56	97	-20	0	1386	10	458	0	14
419	70	264	30	207	237	10	0	793	46
420	152	240	30	0	1501	10	0	446	713
421	0	155	9	205	235	10	0	58	15
422	317	68	13	0	1387	10	0	173	540
423	395	167	24	0	1366	10	0	643	571
424	289	306	10	213	243	10	0	103	52
425	75	367	-10	0	1355	10	350	0	568
426	353	276	-20	0	1393	10	505	0	14
427	183	71	14	0	1433	10	0	636	340
428	312	200	-30	156	186	10	110	0	31
429	49	222	-30	0	1411	10	515	0	602
430	297	137	-20	0	1448	10	248	0	607
431	200	89	-30	0	1452	10	141	0	662
432	242	113	10	96	126	10	0	42	14
433	341	33	27	0	1345	10	0	313	557
434	55	341	14	675	705	10	0	545	251
435	99	67	-7	0	1396	10	488	0	555
436	236	243	-16	0	1507	10	239	0	534
437	229	209	20	0	1533	10	0	766	739
438	93	59	20	0	1386	10	0	783	598
439	143	159	16	70	100	10	0	583	14
440	267	112	30	0	1453	10	0	163	659
441	196	295	20	0	1468	10	0	105	681
442	334	100	21	0	1396	10	0	489	584
443	122	183	-10	0	1484	10	14	0	68
444	225	53	-5	0	1414	10	241	0	627
445	28	353	20	0	1333	10	0	461	528
446	158	239	-30	0	1506	10	420	0	713
447	392	307	20	251	281	10	0	46	30
448	13	59	-18	0	1329	10	527	0	534
449	127	90	-30	0	1431	10	38	0	607
450	221	281	20	83	113	10	0	744	14
451	326	374	-26	0	1349	10	263	0	551
452	178	103	10	0	1464	10	0	12	665
453	376	251	20	0	1380	10	0	798	593
454	293	310	30	0	1419	10	0	670	216
455	386	60	-8	0	1331	10	266	0	543
456	300	272	15	0	1440	10	0	374	66
457	243	209	11	0	1520	10	0	692	705
458	102	67	20	165	195	10	0	418	14
459	285	107	-16	0	1438	10	654	0	519
460	82	365	30	0	1361	10	0	800	572
461	5	344	-20	0	1321	10	445	0	528
462	366	97	23	0	1368	0	0	806	586
463	220	283	10	0	1478	10	0	598	59
464	79	95	22	1226	1256	0	0	808	547
465	369	100	30	0	1367	10	0	291	24
466	371	244	20	0	1387	10	0	13	9
467	366	340	-24	0	1346	10	4	0	533
468	85	128	-12	0	1428	10	795	0	419
469	231	6	-25	0	1367	10	221	0	566
470	330	313	-12	172	202	10	417	0	7
471	202	85	10	0	1448	10	0	341	661
472	236	204	-20	0	1527	10	662	0	657
473	220	381	20	182	212	10	0	86	14
474	206	286	19	0	1477	10	0	764	690
475	274	7	-26	0	1357	10	550	0	563
476	369	211	20	0	1394	10	0	516	606
477	126	208	-10	1370	1400	10	356	0	14
478	134	62	20	0	1411	10	0	719	54
479	67	318	-20	246	276	10	99	0	14
480	232	127	-20	0	1484	10	272	0	45
481	96	209	28	0	1459	10	0	306	635
482	146	301	34	0	1449	10	0	736	652
483	308	178	-20	398	428	10	219	0	129
484	294	118	-40	0	1439	10	749	0	543
485	280	224	20	227	257	10	0	287	86
486	241	275	18	696	726	10	0	364	320
487	82	65	30	0	1384	10	0	243	15
488	159	11	7	0	1370	10	0	435	555
489	300	64	-21	0	1395	10	442	0	584
490	22	96	10	0	1357	10	0	155	555
491	334	186	-18	0	1429	10	224	0	600
492	310	200	-30	0	1453	10	591	0	665
493	52	331	10	0	1366	10	0	192	224
494	25	256	-20	215	245	10	309	0	24
495	210	268	-20	0	1495	10	130	0	693
496	310	196	20	0	1453	0	0	834	671
497	183	375	-23	0	1388	10	723	0	593
498	194	65	-10	0	1428	10	327	0	641
499	366	251	20	0	1390	10	0	214	602
500	285	184	-10	0	1477	10	656	0	650
501	160	313	-22	0	1444	10	653	0	643
502	349	324	33	0	1370	10	0	554	567
503	225	288	20	0	1472	10	0	147	681
504	124	69	10	0	1412	10	0	300	625
505	349	272	20	165	195	10	0	426	14
506	87	365	20	199	229	10	0	539	14
507	240	210	10	137	167	10	0	162	62
508	40	380	30	240	270	10	0	87	14
509	276	116	50	0	1450	10	0	67	649
510	280	5	-11	0	1353	10	74	0	536
511	20	204	-20	0	1383	10	207	0	47
512	301	139	30	0	1446	10	0	106	658
513	195	294	-20	0	1469	10	94	0	680
514	377	144	-9	0	1378	10	257	0	41
515	34	242	30	0	1392	10	0	429	602
516	324	217	-20	0	1438	10	476	0	606
517	348	371	23	0	1337	10	0	215	129
518	70	256	-6	0	1422	10	568	0	617
519	48	304	-39	0	1379	10	698	0	522
520	41	378	-31	0	1325	10	621	0	532
521	114	254	-20	108	138	10	93	0	13
522	264	112	-10	0	1455	10	337	0	666
523	244	176	-10	0	1513	10	268	0	699
524	349	181	-23	289	319	10	780	0	74
525	346	163	30	0	1413	10	0	666	33
526	52	334	-11	0	1364	10	603	0	577
527	53	51	18	0	1354	10	0	448	534
528	177	174	10	34	64	10	0	316	9
529	114	178	10	207	237	10	0	26	74
530	367	255	-20	0	1388	10	317	0	596
531	19	61	16	0	1335	10	0	206	548
532	273	118	-15	0	1454	10	230	0	666
533	84	359	20	0	1367	10	0	383	579
534	244	114	-20	0	1467	10	2	0	672
535	321	144	-20	0	1430	10	238	0	612
536	384	53	13	950	980	10	0	587	372
537	29	250	-20	0	1385	10	759	0	17
538	172	383	20	276	306	10	0	245	60
539	84	360	-20	0	1366	10	506	0	14
540	28	246	-35	0	1385	10	581	0	562
541	107	159	-20	0	1462	10	733	0	74
542	319	160	-10	0	1438	10	352	0	78
543	230	241	10	0	1513	0	0	821	731
544	32	352	30	0	1337	10	0	252	9
545	32	357	-14	0	1334	10	434	0	251
546	237	108	-20	199	229	10	701	0	40
547	162	94	11	112	142	10	0	389	14
548	185	299	10	0	1463	10	0	54	669
549	110	188	-30	110	140	10	713	0	19
550	259	4	26	0	1359	10	0	475	563
551	34	385	-10	0	1315	10	650	0	24
552	156	32	-2	0	1390	10	679	0	595
553	201	297	-10	0	1466	10	29	0	672
554	311	344	-33	0	1382	10	502	0	567
555	174	329	-26	0	1432	10	233	0	554
556	119	286	18	829	859	10	0	569	370
557	179	383	-2	0	1379	10	657	0	584
558	26	250	-10	0	1382	10	324	0	571
559	84	363	20	0	1363	10	0	757	66
560	6	20	-9	0	1299	10	405	0	512
561	373	253	-3	0	1383	10	711	0	589
562	184	233	19	0	1527	0	0	823	745
563	177	300	-20	0	1461	10	320	0	671
564	88	121	-10	0	1426	10	310	0	59
565	22	205	-20	0	1385	10	576	0	595
566	306	361	-9	0	1371	10	64	0	562
567	87	164	-10	0	1445	10	590	0	657
568	123	176	6	0	1483	10	0	518	617
569	131	275	-18	0	1462	10	556	0	370
570	315	237	33	0	1443	10	0	776	94
571	85	67	10	0	1388	10	0	225	600
572	197	300	10	0	1463	10	0	274	665
573	308	196	-10	0	1455	10	71	0	668
574	114	88	24	0	1422	10	0	409	18
575	87	153	20	0	1441	10	0	96	653
576	21	201	20	0	1384	10	0	565	595
577	137	64	30	149	179	10	0	213	14
578	361	194	12	405	435	10	0	410	136
579	115	51	-15	0	1392	10	615	0	575
580	24	96	10	310	340	10	0	119	67
581	2	200	35	0	1365	10	0	540	562
582	211	274	20	93	123	10	0	631	24
583	102	149	-16	0	1453	10	439	0	14
584	307	196	20	0	1456	10	0	346	669
585	127	87	-20	0	1429	10	343	0	640
586	302	274	15	292	322	10	0	102	97
587	383	53	-13	0	1329	10	536	0	372
588	376	254	-35	0	1379	10	6	0	584
589	15	100	-20	0	1353	10	715	0	564
590	111	179	10	0	1472	10	0	567	657
591	308	204	30	0	1455	10	0	492	665
592	85	358	10	0	1368	10	0	319	581
593	391	54	-20	0	1323	10	594	0	535
594	385	55	20	0	1328	10	0	593	535
595	65	335	4	0	1373	10	0	168	582
596	46	378	-21	0	1328	10	132	0	19
597	310	363	-10	0	1367	10	164	0	541
598	217	286	-10	188	218	10	463	0	59
599	33	247	-29	0	1390	10	740	0	589
600	88	150	-20	0	1441	10	9	0	653
601	397	73	-30	0	1329	10	688	0	529
602	70	231	-20	0	1430	10	363	0	59
603	72	315	11	0	1391	10	0	526	577
604	131	67	-20	187	217	10	35	0	28
605	117	381	-37	0	1364	10	371	0	559
606	31	357	20	0	1333	10	0	128	543
607	299	351	-10	0	1383	10	289	0	545
608	393	297	20	0	1347	10	0	267	554
609	102	118	22	0	1436	10	0	55	646
610	273	160	-10	0	1480	10	755	0	14
611	350	131	-28	802	832	10	348	0	207
612	364	55	-10	0	1345	10	205	0	553
613	47	328	-20	0	1364	10	179	0	577
614	109	186	10	0	1471	10	0	746	684
615	143	20	15	0	1375	10	0	579	575
616	134	98	10	121	151	10	0	390	14
617	42	384	10	0	1321	10	0	261	534
618	255	80	-18	520	550	10	638	0	173
619	52	194	9	549	579	10	0	152	215
620	128	93	-25	0	1435	10	218	0	626
621	50	385	31	0	1325	10	0	520	532
622	386	57	-19	0	1329	10	799	0	541
623	86	112	17	713	743	10	0	284	299
624	26	275	16	0	1374	10	0	62	587
625	40	336	-18	0	1354	10	344	0	31
626	135	384	-12	0	1368	10	53	0	556
627	52	301	7	0	1384	10	0	329	567
628	68	261	20	0	1418	10	0	273	213
629	36	288	1	0	1377	10	0	373	590
630	375	294	-13	0	1365	10	17	0	578
631	220	288	-20	0	1473	10	582	0	24
632	186	304	10	0	1459	10	0	727	59
633	369	106	-15	268	298	10	770	0	46
634	96	69	-20	0	1396	10	187	0	14
635	321	217	20	0	1441	10	0	637	654
636	177	77	-14	799	829	10	427	0	340
637	320	216	-20	0	1442	10	635	0	654
638	246	47	18	0	1404	10	0	618	173
639	350	207	16	0	1413	10	0	336	410
640	279	247	-20	0	1472	10	355	0	612
641	153	315	-20	0	1439	10	301	0	651
642	68	386	-10	0	1335	10	66	0	245
643	399	179	-24	0	1363	10	423	0	571
644	297	240	37	0	1459	10	0	751	642
645	199	290	-30	0	1473	10	142	0	683
646	21	204	-26	0	1384	10	775	0	331
647	362	28	10	0	1327	10	0	696	539
648	353	65	24	0	1359	0	0	816	577
649	24	57	18	0	1337	10	0	18	534
650	75	368	10	229	259	10	0	551	24
651	393	305	20	0	1344	0	0	805	562
652	239	254	10	0	1497	10	0	737	709
653	146	320	22	0	1432	10	0	501	643
654	369	6	16	0	1306	10	0	459	519
655	277	154	20	0	1474	10	0	763	63
656	304	141	10	0	1444	10	0	500	650
657	205	372	2	0	1391	10	0	557	584
658	339	3	8	0	1322	10	0	693	515
659	254	0	-10	0	1356	10	370	0	557
660	321	209	-6	0	1442	10	264	0	654
661	114	250	20	0	1464	10	0	146	647
662	318	219	20	0	1444	10	0	472	657
663	209	283	24	0	1480	0	0	833	698
664	48	358	-30	0	1344	10	718	0	540
665	339	384	20	0	1333	10	0	182	536
666	351	153	-30	209	239	10	525	0	33
667	377	29	-8	0	1317	10	375	0	505
668	317	183	29	118	148	10	0	767	14
669	183	303	20	132	162	10	0	752	28
670	299	308	-30	563	593	10	454	0	216
671	197	292	-10	0	1471	10	416	0	680
672	370	98	20	214	244	10	0	777	22
673	188	67	14	0	1430	10	0	738	641
674	207	87	-11	121	151	10	396	0	13
675	295	307	-10	0	1420	10	39	0	58
676	325	311	15	0	1396	10	0	402	572
677	228	96	-10	0	1456	10	685	0	612
678	368	215	-11	0	1395	10	250	0	608
679	208	86	2	0	1449	10	0	552	595
680	75	76	23	0	1387	10	0	65	588
681	27	251	-20	230	260	10	90	0	34
682	308	314	-10	0	1406	10	345	0	23
683	217	289	-13	0	1473	10	761	0	446
684	337	388	-12	0	1331	10	408	0	82
685	133	94	10	0	1438	10	0	677	612
686	91	388	-16	217	247	10	706	0	9
687	87	147	7	0	1439	10	0	30	652
688	389	54	30	0	1325	10	0	601	529
689	185	386	-20	0	1377	10	275	0	579
690	234	212	10	0	1527	10	0	3	739
691	53	330	30	0	1367	10	0	771	579
692	237	247	-11	0	1504	10	457	0	705
693	369	19	-8	0	1316	10	658	0	515
694	346	385	10	0	1328	10	0	116	366
695	397	313	-10	290	320	10	362	0	41
696	355	41	-10	0	1341	10	647	0	539
697	211	266	10	0	1497	0	0	827	715
698	8	363	39	0	1312	10	0	519	522
699	59	89	-20	769	799	10	782	0	296
700	344	391	-20	0	1324	10	722	0	535
701	242	105	20	155	185	10	0	546	40
702	327	242	40	0	1430	0	0	820	648
703	55	324	-10	0	1373	10	197	0	581
704	114	252	10	100	130	10	0	269	14
705	29	355	-30	0	1333	10	265	0	545
706	102	377	16	0	1361	10	0	686	9
707	345	382	20	232	262	10	0	765	14
708	313	194	10	139	169	10	0	7	27
709	285	136	-12	0	1457	10	191	0	669
710	272	154	20	95	125	10	0	401	19
711	379	254	3	0	1377	10	0	561	589
712	22	210	-20	0	1385	10	125	0	53
713	117	187	30	0	1479	10	0	549	19
714	157	220	20	0	1516	10	0	63	684
715	21	96	20	0	1356	10	0	589	564
716	182	379	20	0	1384	10	0	177	596
717	298	138	20	115	145	10	0	70	14
718	28	356	30	0	1331	10	0	664	540
719	130	70	-20	251	281	10	478	0	54
720	111	184	-10	0	1473	10	288	0	18
721	319	113	26	0	1416	10	0	277	590
722	347	385	20	0	1327	10	0	700	535
723	220	337	23	0	1425	10	0	497	593
724	344	283	20	0	1397	10	0	188	606
725	217	98	19	0	1460	10	0	353	610
726	76	90	-3	0	1398	10	137	0	558
727	175	299	-10	217	247	10	632	0	59
728	270	151	20	85	115	10	0	354	14
729	398	258	-11	0	1357	10	381	0	567
730	344	321	2	254	284	10	0	786	47
731	266	234	7	0	1489	10	0	315	641
732	49	187	20	191	221	10	0	339	34
733	92	155	20	236	266	10	0	541	74
734	344	236	-10	0	1415	10	160	0	628
735	226	52	-22	0	1413	10	41	0	626
736	183	294	-34	0	1468	10	482	0	652
737	237	243	-10	0	1507	10	652	0	709
738	184	69	-14	0	1432	10	673	0	641
739	222	383	30	0	1379	10	0	387	591
740	21	255	29	0	1376	10	0	599	589
741	390	357	-21	1041	1071	10	184	0	389
742	272	161	20	192	222	10	0	111	70
743	371	349	8	0	1337	10	0	276	549
744	220	296	-20	144	174	10	450	0	14
745	184	235	24	1124	1154	10	0	82	557
746	113	184	-10	0	1475	10	614	0	684
747	370	104	-20	0	1368	10	170	0	579
748	273	182	18	0	1488	0	0	826	706
749	382	54	40	0	1330	10	0	484	543
750	379	126	8	866	896	10	0	322	351
751	327	241	-37	0	1430	10	644	0	642
752	189	306	-20	159	189	10	669	0	28
753	26	326	-26	0	1349	10	185	0	553
754	367	104	-20	0	1371	10	127	0	582
755	271	154	10	84	114	10	0	610	14
756	67	258	-10	234	264	10	69	0	39
757	86	357	-20	319	349	10	559	0	66
758	107	98	21	138	168	10	0	393	14
759	66	254	20	150	180	10	0	537	17
760	374	253	20	0	1382	10	0	251	594
761	228	341	13	1007	1037	10	0	683	446
762	60	328	10	0	1374	0	0	836	592
763	268	160	-20	207	237	10	655	0	63
764	201	255	-19	0	1508	10	474	0	690
765	397	362	-20	0	1308	10	707	0	14
766	236	210	-20	0	1526	10	437	0	739
767	349	157	-29	0	1408	10	668	0	14
768	348	319	29	0	1374	10	0	126	585
769	186	75	-20	780	810	10	240	0	308
770	327	115	15	0	1411	10	0	633	46
771	77	319	-30	0	1392	10	691	0	579
772	147	210	23	0	1510	0	0	829	728
773	195	148	-10	1326	1356	10	76	0	20
774	108	186	10	0	1470	10	0	227	45
775	26	199	26	808	838	10	0	646	331
776	305	255	-33	311	341	10	570	0	94
777	368	102	-20	0	1369	10	672	0	22
778	146	174	-14	0	1504	10	399	0	678
779	319	217	-25	0	1443	10	366	0	654
780	335	202	23	0	1428	10	0	524	74
781	128	94	10	0	1435	0	0	822	653
782	82	78	20	0	1394	10	0	699	296
783	92	68	-20	0	1393	10	438	0	598
784	231	219	10	0	1527	10	0	391	711
785	309	274	-10	0	1432	10	312	0	607
786	336	386	-2	727	757	10	730	0	47
787	324	194	18	0	1439	10	0	121	615
788	174	387	-10	0	1375	10	404	0	587
789	24	93	-23	0	1358	10	361	0	235
790	107	247	-20	0	1459	10	114	0	668
791	291	308	30	0	1422	0	0	815	640
792	13	322	-14	368	398	10	44	0	60
793	68	254	-30	0	1421	10	419	0	46
794	142	379	-16	0	1375	10	204	0	582
795	43	121	12	985	1015	10	0	468	419
796	329	241	20	156	186	0	0	819	25
797	260	352	13	0	1400	10	0	292	293
798	328	243	-20	0	1428	10	453	0	593
799	384	64	19	0	1335	10	0	622	541
800	80	365	-30	0	1359	10	460	0	572
801	360	23	-20	0	1325	10	307	0	543
802	286	44	-18	0	1385	10	200	0	603
803	291	398	-16	0	1346	10	293	0	564
804	12	368	-12	0	1311	10	56	0	529
805	393	305	-20	0	1344	10	651	0	562
806	366	97	-23	0	1368	10	462	0	586
807	21	104	-30	0	1360	10	258	0	578
808	79	95	-22	1226	1256	10	464	0	547
809	59	51	-14	206	236	10	50	0	15
810	369	118	-12	1052	1082	10	298	0	447
811	229	371	-7	0	1390	10	5	0	608
812	192	332	-31	0	1431	10	262	0	649
813	84	293	-11	556	586	10	157	0	218
814	390	52	-10	0	1323	10	136	0	541
815	291	308	-30	0	1422	10	791	0	640
816	353	65	-24	0	1359	10	648	0	577
817	369	171	-23	0	1392	10	334	0	610
818	154	68	-20	0	1424	10	279	0	642
819	329	241	-20	156	186	10	796	0	25
820	327	242	-40	0	1430	10	702	0	648
821	230	241	-10	0	1513	10	543	0	731
822	128	94	-10	0	1435	10	781	0	653
823	184	233	-19	0	1527	10	562	0	745
824	196	51	-19	530	560	10	115	0	205
825	342	154	-25	0	1414	10	328	0	632
826	273	182	-18	0	1488	10	748	0	706
827	211	266	-10	0	1497	10	697	0	715
828	151	188	-18	0	1513	10	36	0	731
829	147	210	-23	0	1510	10	772	0	728
830	182	300	-10	0	1462	10	314	0	680
831	230	139	-14	0	1496	10	199	0	714
832	237	259	-11	0	1494	10	210	0	712
833	209	283	-24	0	1480	10	663	0	698
834	310	196	-20	0	1453	10	496	0	671
835	256	145	-12	1144	1174	10	380	0	547
836	60	328	-10	0	1374	10	762	0	592

