200	200	1
0	200	200	0	0	1573	0	0	0
1	244	56	-29	602	751	10	376	0	266
2	245	106	20	104	220	10	0	272	86
3	233	214	10	35	207	10	0	396	128
4	395	340	-10	240	374	10	397	0	84
5	229	371	7	961	1095	0	0	833	691
6	384	248	35	190	352	10	0	336	121
7	277	163	-24	113	250	10	523	0	115
8	52	94	-20	1104	1210	10	220	0	70
9	89	152	-20	120	228	10	306	0	67
10	218	284	20	166	264	10	0	474	133
11	340	276	43	798	967	10	0	731	561
12	206	106	33	236	371	10	0	241	207
13	375	247	-20	181	297	10	466	0	58
14	113	179	10	141	281	10	0	26	143
15	348	280	10	174	290	10	0	64	91
16	223	372	30	190	312	10	0	150	103
17	361	287	13	189	353	10	0	765	81
18	6	62	-10	863	961	10	308	0	100
19	37	397	-22	800	881	10	318	0	90
20	364	27	20	271	369	10	0	612	97
21	14	201	-10	186	300	10	30	0	58
22	325	294	-21	1094	1227	10	126	0	514
23	41	382	-30	241	319	10	508	0	49
24	325	130	19	998	1108	10	0	422	723
25	384	47	-20	1044	1169	10	196	0	114
26	116	181	-10	155	318	10	14	0	143
27	346	155	-1	202	303	10	524	0	87
28	359	30	20	296	422	10	0	647	92
29	222	284	-20	86	197	10	149	0	75
30	91	150	10	119	224	10	0	21	58
31	140	387	-10	196	326	10	400	0	61
32	176	154	15	51	182	10	0	412	10
33	352	383	-23	750	875	10	517	0	382
34	213	332	-30	685	781	10	260	0	116
35	133	68	20	148	280	10	0	242	98
36	151	188	18	50	185	10	0	269	100
37	105	250	-30	151	239	10	358	0	89
38	94	70	-20	253	337	10	585	0	73
39	287	307	-10	203	278	10	201	0	96
40	267	321	26	617	679	10	0	384	405
41	220	71	22	649	734	0	0	843	452
42	244	106	-10	103	221	10	534	0	79
43	338	290	-20	626	705	10	355	0	114
44	5	345	-10	1186	1266	10	596	0	139
45	145	301	8	115	246	10	0	569	98
46	393	301	-10	217	366	10	101	0	85
47	359	23	-20	237	345	10	174	0	56
48	196	107	-10	1269	1419	10	52	0	92
49	348	41	16	606	739	10	0	266	391
50	59	51	14	205	315	10	0	649	64
51	126	91	30	139	271	10	0	604	60
52	234	214	10	89	160	10	0	48	92
53	108	395	-2	513	663	10	686	0	107
54	186	306	-20	136	238	10	669	0	89
55	125	122	15	108	186	10	0	623	58
56	12	368	-20	734	839	10	551	0	82
57	348	279	-10	167	323	10	784	0	108
58	26	247	10	180	275	10	0	681	71
59	393	306	-20	220	356	10	447	0	85
60	268	114	30	125	256	10	0	440	83
61	2	17	-3	269	432	10	351	0	66
62	62	258	20	149	288	10	0	603	103
63	186	145	-10	1406	1507	10	507	0	146
64	338	315	-10	928	1007	10	15	0	91
65	66	118	27	497	663	10	0	564	339
66	68	378	10	632	762	10	0	461	405
67	294	136	10	113	236	10	0	70	91
68	73	126	-21	376	492	10	758	0	120
69	68	263	10	146	286	10	0	756	104
70	302	136	-10	120	264	10	67	0	91
71	234	203	-10	138	226	10	472	0	133
72	127	94	10	173	290	10	0	449	96
73	233	208	30	33	156	10	0	773	91
74	210	1	-18	945	1085	10	200	0	356
75	102	252	10	115	248	10	0	518	102
76	152	237	10	60	168	10	0	521	67
77	2	3	-18	746	873	10	123	0	395
78	92	162	-20	202	334	10	733	0	133
79	177	55	-20	698	844	10	546	0	136
80	193	29	-19	709	835	10	115	0	343
81	105	360	-26	736	865	10	233	0	226
82	193	216	-19	1183	1309	10	360	0	85
83	338	150	-5	722	845	10	290	0	299
84	68	143	-18	1210	1331	10	468	0	871
85	180	15	-34	816	963	10	552	0	495
86	182	378	10	178	369	10	0	653	142
87	39	384	-10	244	336	10	261	0	60
88	43	386	-10	243	391	10	617	0	102
89	291	301	20	135	215	10	0	454	59
90	32	251	20	188	353	10	0	413	133
91	246	298	-20	923	1020	10	631	0	115
92	32	229	-10	1025	1113	10	599	0	143
93	116	252	20	98	201	10	0	704	76
94	198	295	20	108	211	10	0	134	86
95	63	262	20	150	322	10	0	519	72
96	119	179	-20	189	311	10	443	0	81
97	174	375	-20	282	382	10	538	0	121
98	199	45	26	750	860	0	0	804	528
99	150	236	20	61	219	10	0	661	118
100	363	24	-10	239	355	10	173	0	77
101	393	307	10	220	335	10	0	46	85
102	331	251	20	140	235	10	0	505	70
103	293	306	20	141	239	10	0	345	66
104	18	102	18	206	313	10	0	795	79
105	196	293	-30	93	206	10	495	0	67
106	299	141	10	190	297	10	0	721	136
107	364	25	-27	263	354	10	433	0	75
108	41	183	-10	1117	1268	10	600	0	80
109	342	385	-20	306	437	10	707	0	89
110	302	203	30	152	274	10	0	500	128
111	212	197	-20	798	940	10	763	0	146
112	384	294	-36	524	621	10	113	0	240
113	381	290	36	446	523	10	0	112	240
114	110	254	-10	113	191	10	356	0	56
115	196	51	19	483	607	10	0	80	343
116	264	341	-14	993	1119	10	607	0	85
117	23	98	-20	282	413	10	119	0	141
118	278	265	-15	589	739	10	331	0	155
119	23	97	20	279	393	10	0	117	141
120	281	155	10	94	210	10	0	742	88
121	352	162	10	156	236	10	0	224	59
122	209	85	10	115	221	10	0	341	74
123	15	4	18	631	797	10	0	77	395
124	177	379	10	267	367	10	0	369	139
125	18	208	20	221	327	10	0	324	80
126	343	322	21	779	874	10	0	22	514
127	369	107	-20	247	341	10	754	0	85
128	31	360	-10	251	334	10	705	0	65
129	263	110	-35	109	208	10	411	0	62
130	240	246	-30	60	179	10	229	0	77
131	380	339	10	704	808	0	0	810	435
132	111	286	21	123	238	10	0	533	85
133	213	271	-10	72	215	10	697	0	90
134	251	381	-20	225	340	10	94	0	86
135	322	242	10	192	305	10	0	639	131
136	390	52	-30	252	361	10	688	0	82
137	26	70	-5	882	990	10	285	0	500
138	300	132	10	120	246	10	0	512	86
139	342	384	10	303	462	10	0	451	172
140	357	160	20	162	292	10	0	476	97
141	204	87	30	113	205	10	0	431	68
142	197	293	30	93	224	0	0	828	98
143	98	107	-20	883	1015	10	284	0	650
144	400	109	20	834	890	10	0	750	502
145	231	243	10	95	225	10	0	255	128
146	84	221	-11	1036	1200	10	429	0	751
147	230	290	-9	94	215	10	368	0	69
148	397	261	-10	529	670	10	237	0	73
149	222	283	20	85	241	10	0	29	75
150	247	377	-30	1182	1278	10	16	0	103
151	60	319	-20	220	321	10	759	0	75
152	79	154	10	146	226	10	0	286	72
153	256	385	-23	576	645	10	723	0	195
154	140	40	-20	968	1093	10	458	0	59
155	8	119	11	797	910	10	0	217	526
156	208	274	30	74	177	10	0	671	76
157	84	293	-10	508	634	10	168	0	127
158	74	351	-10	893	1057	10	757	0	156
159	95	64	20	171	262	10	0	213	67
160	329	236	10	133	275	0	0	805	105
161	248	286	35	98	172	10	0	675	55
162	234	243	20	65	229	0	0	829	130
163	244	109	20	101	248	10	0	709	110
164	340	388	10	319	397	10	0	566	121
165	161	233	30	83	181	10	0	420	83
166	125	95	10	163	276	10	0	781	110
167	351	199	-11	749	865	10	250	0	364
168	61	333	10	238	363	10	0	157	127
169	146	324	-16	1281	1428	10	764	0	98
170	372	104	20	197	320	0	0	813	92
171	381	144	-25	468	542	10	328	0	234
172	394	299	-12	745	873	10	729	0	345
173	363	30	10	289	400	10	0	100	77
174	358	23	20	237	313	10	0	47	56
175	220	238	12	42	158	10	0	670	86
176	97	105	-16	912	1005	10	439	0	98
177	186	355	25	155	277	10	0	626	57
178	391	42	44	909	1050	10	0	205	601
179	48	326	-10	197	322	10	197	0	70
180	74	87	9	1297	1394	10	0	464	849
181	264	69	-29	610	750	10	277	0	234
182	341	394	20	239	391	10	0	289	91
183	128	95	10	204	325	10	0	620	132
184	362	383	-10	244	339	10	694	0	57
185	41	340	-30	816	939	10	526	0	103
186	13	220	-30	1017	1144	10	537	0	106
187	85	61	20	180	272	10	0	225	68
188	340	290	-20	393	539	10	724	0	81
189	396	106	18	217	355	10	0	372	103
190	79	344	16	188	320	10	0	383	98
191	201	195	12	5	148	10	0	222	106
192	90	311	12	596	771	10	0	556	461
193	207	185	-14	1184	1287	10	199	0	868
194	92	255	-28	378	500	10	481	0	89
195	385	56	10	234	307	10	0	536	54
196	396	59	20	277	394	10	0	25	114
197	51	326	10	195	289	10	0	179	70
198	169	352	7	205	322	10	0	226	125
199	230	139	14	1225	1401	10	0	193	868
200	286	44	18	508	653	10	0	74	356
201	286	308	10	196	307	10	0	39	96
202	339	69	-4	901	1061	10	659	0	425
203	206	296	-10	160	249	10	543	0	96
204	142	385	16	467	617	10	0	501	317
205	370	57	-44	1054	1213	10	178	0	601
206	35	79	22	387	488	0	0	811	212
207	17	209	-20	210	315	10	565	0	88
208	128	68	-10	177	274	10	300	0	83
209	145	165	-23	65	235	10	778	0	117
210	237	259	-31	1104	1274	10	364	0	695
211	89	154	10	165	310	10	0	575	90
212	72	257	10	225	324	10	0	273	137
213	158	121	-20	1057	1184	10	159	0	67
214	323	243	20	158	316	10	0	302	139
215	367	361	-26	446	558	10	263	0	232
216	165	126	4	1215	1299	0	0	822	912
217	45	85	-11	868	992	10	155	0	526
218	137	68	25	146	317	10	0	679	128
219	310	143	-10	176	225	10	352	0	67
220	18	100	20	207	302	10	0	8	70
221	201	6	25	551	650	10	0	469	341
222	297	135	-12	116	270	10	191	0	106
223	86	154	30	139	288	10	0	541	123
224	374	175	-10	253	465	10	121	0	59
225	91	70	-20	216	348	10	187	0	68
226	166	357	-7	1147	1310	10	198	0	125
227	113	183	-10	129	241	10	288	0	50
228	347	395	10	244	391	10	0	347	65
229	243	244	30	61	181	10	0	130	77
230	243	140	-20	1204	1372	10	522	0	119
231	14	100	30	211	328	10	0	405	87
232	393	312	-10	293	344	10	312	0	66
233	92	384	26	320	516	10	0	81	226
234	294	249	-33	429	544	10	570	0	291
235	195	91	20	189	257	10	0	738	110
236	235	212	-20	37	143	10	437	0	71
237	350	271	10	165	264	10	0	148	73
238	353	164	20	157	293	10	0	767	94
239	262	233	-37	1070	1179	10	644	0	176
240	200	48	20	173	297	10	0	498	108
241	214	119	-33	980	1080	10	12	0	207
242	234	37	-20	444	610	10	35	0	98
243	93	62	20	185	248	10	0	699	55
244	234	73	8	131	249	10	0	370	88
245	157	378	22	885	977	10	0	761	595
246	194	43	-10	696	784	10	327	0	100
247	268	223	20	71	205	10	0	392	99
248	355	156	-30	161	262	10	666	0	66
249	248	124	19	627	731	0	0	835	480
250	364	213	11	535	651	10	0	167	364
251	371	253	30	195	313	0	0	830	100
252	31	353	-30	227	352	10	544	0	66
253	41	337	9	599	768	0	0	824	418
254	209	167	17	34	163	0	0	839	96
255	352	303	-10	1020	1155	10	145	0	128
256	53	326	-10	193	368	10	394	0	106
257	388	106	9	229	329	10	0	313	89
258	21	104	30	203	333	10	0	715	80
259	381	12	-16	545	667	10	654	0	287
260	221	379	30	180	335	10	0	34	116
261	46	380	10	258	418	10	0	87	60
262	192	332	31	390	516	10	0	274	280
263	343	359	26	414	529	10	0	215	232
264	320	211	6	120	218	10	0	423	73
265	34	355	-10	271	352	10	762	0	86
266	338	106	-16	930	1003	10	49	0	391
267	397	283	-20	351	503	10	651	0	85
268	267	161	-10	166	299	10	610	0	132
269	124	221	-18	962	1075	10	36	0	100
270	310	340	11	178	255	10	0	402	57
271	270	106	-10	117	232	10	337	0	78
272	243	104	-20	128	235	10	2	0	86
273	68	250	-10	521	637	10	212	0	137
274	213	305	-31	460	550	10	262	0	280
275	214	378	20	178	252	10	0	555	55
276	287	279	-20	1158	1266	10	722	0	84
277	313	64	29	345	489	10	0	181	234
278	244	285	-20	1242	1423	10	503	0	115
279	154	68	20	683	825	10	0	574	414
280	14	53	-23	765	875	10	361	0	384
281	298	137	10	116	217	10	0	717	75
282	371	111	3	192	340	10	0	291	93
283	393	246	-20	479	568	10	672	0	95
284	118	122	20	939	992	10	0	143	650
285	9	47	5	823	912	10	0	137	500
286	171	168	-10	1344	1393	10	152	0	72
287	321	212	-30	121	228	10	591	0	70
288	115	185	10	86	154	10	0	227	50
289	336	387	-20	306	380	10	182	0	91
290	357	202	5	471	557	10	0	83	299
291	374	104	-3	198	335	10	282	0	93
292	271	371	15	705	828	0	0	821	482
293	291	398	-29	510	583	10	768	0	170
294	353	3	20	249	447	10	0	696	148
295	74	213	33	397	503	0	0	809	282
296	17	99	1	947	1096	10	0	531	665
297	253	316	21	361	511	10	0	377	287
298	369	118	-34	1034	1100	10	532	0	83
299	11	328	12	732	833	0	0	803	453
300	126	70	10	189	314	10	0	208	83
301	165	264	20	72	214	10	0	641	55
302	377	282	-20	374	433	10	214	0	139
303	73	292	8	156	299	10	0	434	106
304	174	326	8	910	1029	0	0	840	675
305	135	161	-17	1290	1441	10	316	0	97
306	85	155	20	136	269	10	0	9	67
307	360	23	20	238	378	0	0	832	104
308	20	91	10	252	344	10	0	18	100
309	72	253	20	138	265	10	0	344	94
310	87	155	10	165	286	10	0	583	123
311	134	63	10	152	271	10	0	478	89
312	349	275	10	166	255	10	0	232	66
313	325	45	-9	543	665	10	257	0	89
314	182	300	10	101	256	10	0	320	35
315	328	239	-20	133	270	10	798	0	71
316	138	143	17	84	214	10	0	305	97
317	372	256	20	192	343	10	0	588	69
318	57	381	22	230	351	10	0	19	90
319	162	251	21	63	151	10	0	800	65
320	183	301	-10	110	161	10	314	0	35
321	381	375	-13	1009	1163	10	741	0	657
322	389	171	3	378	555	0	0	820	272
323	179	305	-10	152	257	10	548	0	91
324	14	210	-20	195	304	10	125	0	80
325	290	311	30	149	256	10	0	333	84
326	345	158	-30	187	344	10	525	0	83
327	200	83	10	117	251	10	0	246	100
328	342	154	25	367	462	10	0	171	234
329	18	294	-30	449	555	10	515	0	90
330	156	4	-30	200	281	10	577	0	43
331	247	212	15	118	256	10	0	118	155
332	93	149	-14	118	224	10	399	0	69
333	299	399	-30	721	856	10	325	0	84
334	369	171	23	171	285	10	0	643	85
335	246	247	-20	628	759	10	485	0	148
336	356	223	-35	919	1047	10	6	0	121
337	266	116	10	142	264	10	0	271	78
338	39	34	10	231	321	10	0	378	67
339	51	205	-21	1180	1281	10	406	0	264
340	180	387	10	199	322	10	0	657	100
341	203	88	-10	112	231	10	122	0	74
342	173	72	39	229	349	0	0	819	163
343	129	85	-10	135	220	10	616	0	55
344	45	291	-20	179	340	10	309	0	94
345	294	311	-20	145	245	10	103	0	66
346	305	198	20	105	239	10	0	668	58
347	338	391	-10	286	352	10	228	0	65
348	349	135	-20	515	611	10	760	0	104
349	237	213	-10	63	213	10	690	0	88
350	82	360	-19	226	323	10	562	0	66
351	102	84	3	151	241	10	0	61	66
352	300	144	10	190	324	10	0	219	67
353	236	38	38	370	525	10	0	735	269
354	278	159	10	126	207	0	0	837	89
355	344	280	20	203	317	10	0	43	114
356	149	234	10	61	179	10	0	114	56
357	320	373	22	537	595	0	0	806	288
358	109	252	30	104	228	10	0	37	89
359	218	134	-30	1209	1370	10	766	0	69
360	184	282	19	83	197	10	0	82	85
361	32	78	23	608	720	10	0	280	384
362	395	310	10	223	383	0	0	812	119
363	19	206	-30	221	352	10	646	0	120
364	243	275	31	855	1014	10	0	210	695
365	175	192	13	865	1012	0	0	842	739
366	299	227	25	102	186	10	0	457	62
367	159	164	-11	1274	1428	10	567	0	474
368	215	260	9	61	155	10	0	147	69
369	163	364	-10	736	869	10	124	0	139
370	208	20	-8	570	663	10	244	0	88
371	97	387	37	536	616	10	0	706	301
372	294	13	-18	530	673	10	189	0	103
373	108	250	10	140	303	0	0	838	148
374	389	306	30	265	427	10	0	414	157
375	262	30	8	180	231	10	0	475	37
376	334	92	29	391	527	10	0	1	266
377	279	337	-21	577	659	10	297	0	287
378	3	15	-10	1095	1139	10	338	0	67
379	210	271	20	71	211	10	0	645	74
380	256	145	-9	1090	1227	10	510	0	648
381	387	267	-23	843	970	10	514	0	287
382	8	285	24	284	392	10	0	629	136
383	83	357	-16	268	352	10	190	0	98
384	267	295	-26	688	805	10	40	0	405
385	279	262	19	100	253	10	0	682	114
386	238	101	-10	165	230	10	395	0	72
387	219	377	-20	195	276	10	744	0	65
388	126	90	31	808	953	10	0	782	615
389	129	67	30	150	288	10	0	719	102
390	166	115	-35	1216	1312	10	769	0	543
391	238	250	20	66	149	10	0	486	64
392	246	244	-20	630	758	10	247	0	99
393	131	95	20	125	275	10	0	452	112
394	115	257	10	102	244	10	0	256	106
395	243	106	10	117	200	10	0	386	72
396	202	158	-10	1133	1213	10	3	0	128
397	389	307	10	253	417	10	0	4	84
398	237	109	-13	180	271	10	480	0	74
399	117	148	14	97	250	10	0	332	69
400	180	375	10	176	258	10	0	31	61
401	276	157	20	87	212	10	0	655	88
402	303	358	-11	305	407	10	270	0	57
403	17	96	10	210	323	10	0	418	84
404	173	381	10	244	361	10	0	689	86
405	70	81	-30	821	963	10	231	0	87
406	46	197	21	369	507	10	0	339	264
407	206	81	-20	119	248	10	674	0	89
408	348	343	12	279	431	10	0	467	168
409	95	63	10	172	247	10	0	438	55
410	324	216	20	125	177	0	0	815	38
411	265	127	35	97	216	10	0	129	62
412	196	138	-15	73	102	10	32	0	10
413	26	260	-20	559	730	10	90	0	133
414	384	307	-30	301	489	10	374	0	157
415	23	317	-50	397	541	10	613	0	85
416	204	292	10	157	282	10	0	663	142
417	321	287	-12	552	660	10	640	0	75
418	56	97	-10	872	1041	10	403	0	84
419	70	264	30	156	287	10	0	477	106
420	152	240	-30	62	184	10	165	0	83
421	0	155	9	205	315	10	0	789	41
422	317	68	-19	1114	1236	10	24	0	723
423	395	167	-6	937	1053	10	264	0	73
424	289	306	10	168	289	10	0	791	92
425	75	367	10	208	330	10	0	650	67
426	353	276	10	170	279	10	0	630	81
427	183	71	14	715	844	10	0	636	535
428	312	200	-30	112	241	10	492	0	89
429	49	222	11	1072	1212	10	0	146	751
430	297	137	-20	417	530	10	728	0	115
431	200	89	-30	149	266	10	141	0	68
432	242	113	10	96	194	10	0	509	72
433	341	33	27	236	353	10	0	107	75
434	55	341	-8	630	750	10	303	0	106
435	99	67	10	167	319	10	0	579	113
436	236	243	20	56	213	10	0	692	107
437	229	209	20	30	183	10	0	236	71
438	93	59	-10	177	313	10	409	0	55
439	143	159	16	70	201	10	0	176	98
440	267	112	-30	124	233	10	60	0	83
441	196	295	-10	95	235	10	513	0	97
442	334	100	-16	1090	1214	10	535	0	753
443	122	183	20	79	188	10	0	96	81
444	225	53	23	1030	1165	0	0	826	761
445	28	353	20	230	343	10	0	595	84
446	158	239	20	57	187	10	0	592	97
447	392	307	20	219	334	10	0	59	85
448	13	59	-27	538	611	10	560	0	110
449	127	90	-10	132	272	10	72	0	96
450	221	281	20	83	203	10	0	683	89
451	326	374	-10	537	648	10	139	0	172
452	178	103	-20	544	720	10	393	0	112
453	376	251	20	183	292	10	0	499	81
454	293	310	-20	144	283	10	89	0	59
455	386	60	-20	285	426	10	593	0	100
456	300	272	-11	684	731	10	776	0	188
457	243	209	-25	1337	1451	10	366	0	62
458	102	67	20	165	244	10	0	154	59
459	285	107	17	465	566	10	0	611	330
460	82	365	-20	202	299	10	506	0	63
461	5	344	-10	1240	1309	10	66	0	405
462	366	97	-1	722	853	10	491	0	107
463	220	283	10	186	270	10	0	598	136
464	79	95	-9	1160	1321	10	180	0	849
465	369	100	30	196	287	10	0	747	67
466	371	244	20	176	254	10	0	13	58
467	366	340	-12	660	801	10	408	0	168
468	85	128	18	1269	1336	10	0	84	871
469	231	6	-25	664	767	10	221	0	341
470	330	313	27	172	261	10	0	676	66
471	202	85	10	140	247	10	0	673	98
472	236	204	10	111	228	10	0	71	133
473	220	381	-30	182	294	10	739	0	72
474	206	286	-20	453	549	10	10	0	133
475	274	7	-8	299	389	10	375	0	37
476	369	211	-20	407	549	10	140	0	97
477	126	208	-30	1318	1452	10	419	0	106
478	134	62	-10	152	286	10	311	0	89
479	67	318	15	198	324	0	0	823	109
480	232	127	13	79	179	10	0	398	74
481	96	209	28	104	224	10	0	194	89
482	146	301	-20	306	431	10	727	0	138
483	308	178	-20	354	473	10	584	0	79
484	294	118	13	124	210	10	0	770	63
485	280	224	20	202	282	10	0	335	148
486	241	275	-20	629	794	10	391	0	64
487	82	65	30	179	337	10	0	527	112
488	159	11	-10	1144	1263	10	634	0	146
489	300	64	35	1140	1205	0	0	825	777
490	22	96	10	259	305	0	0	802	74
491	334	186	1	134	278	10	0	462	107
492	310	200	30	110	264	10	0	428	89
493	52	331	-10	211	327	10	703	0	77
494	25	256	-30	192	268	10	558	0	53
495	210	268	30	68	159	10	0	105	67
496	310	196	20	110	215	10	0	542	60
497	183	375	30	175	276	10	0	716	75
498	194	65	-20	317	485	10	240	0	108
499	366	251	-20	247	345	10	453	0	81
500	285	184	-30	968	1122	10	110	0	128
501	160	313	-16	819	928	10	204	0	317
502	349	324	33	478	628	0	0	834	325
503	225	288	20	91	246	10	0	278	115
504	124	69	10	174	305	10	0	571	97
505	349	272	-20	165	276	10	102	0	70
506	87	365	20	199	286	10	0	460	63
507	240	210	10	69	236	10	0	63	146
508	40	380	30	240	354	10	0	23	49
509	276	116	-10	113	237	10	432	0	72
510	280	5	9	943	1119	10	0	380	648
511	20	204	20	180	264	10	0	775	62
512	301	139	-10	209	253	10	138	0	86
513	195	294	10	94	250	10	0	441	97
514	377	144	23	395	569	10	0	381	287
515	34	242	30	171	292	10	0	329	90
516	324	217	30	125	229	10	0	561	77
517	348	371	23	599	736	10	0	33	382
518	70	256	-10	189	335	10	75	0	102
519	48	304	-20	187	302	10	95	0	72
520	41	378	20	238	334	10	0	624	71
521	114	254	-10	101	202	10	76	0	67
522	264	112	20	108	268	10	0	230	119
523	244	176	24	50	222	10	0	7	115
524	349	181	1	228	380	10	0	27	87
525	346	163	30	150	262	10	0	326	83
526	52	334	30	226	337	10	0	185	103
527	53	51	-30	209	372	10	487	0	112
528	177	174	10	34	129	10	0	609	70
529	114	178	-10	165	279	10	590	0	123
530	367	255	20	233	331	10	0	711	116
531	19	61	-1	1103	1231	10	296	0	665
532	273	118	34	109	221	10	0	298	83
533	84	359	-21	233	363	10	132	0	85
534	244	114	10	96	206	10	0	42	79
535	321	144	16	1020	1138	10	0	442	753
536	384	53	-10	922	1007	10	195	0	54
537	29	250	30	195	320	10	0	186	106
538	172	383	20	235	347	10	0	97	121
539	84	360	40	232	342	10	0	605	108
540	28	246	20	178	291	0	0	816	84
541	107	159	-30	978	1116	10	223	0	123
542	319	160	-20	127	238	10	496	0	60
543	230	241	10	110	233	10	0	203	96
544	32	352	30	226	315	10	0	252	66
545	32	357	-30	232	366	10	718	0	77
546	237	108	20	147	281	10	0	79	136
547	162	94	11	112	219	10	0	783	79
548	185	299	10	100	222	10	0	323	91
549	110	188	10	90	238	10	0	614	89
550	259	4	-19	548	694	10	725	0	67
551	34	385	20	248	358	10	0	56	82
552	156	32	34	776	834	10	0	85	495
553	201	297	-20	145	235	10	582	0	93
554	311	344	26	181	306	10	0	730	66
555	174	329	-20	656	773	10	275	0	55
556	119	286	-12	785	902	10	192	0	461
557	179	383	-20	184	314	10	788	0	81
558	26	250	30	181	295	10	0	494	53
559	84	363	20	200	347	0	0	844	110
560	6	20	27	264	412	10	0	448	110
561	373	253	-30	180	320	10	516	0	77
562	184	233	19	36	126	10	0	350	66
563	177	300	-20	200	239	10	736	0	93
564	88	121	-27	524	642	10	65	0	339
565	22	205	20	178	296	10	0	207	88
566	306	361	-10	671	769	10	164	0	121
567	87	164	11	603	751	10	0	367	474
568	123	176	6	1116	1253	0	0	807	879
569	131	275	-8	476	612	10	45	0	98
570	315	237	33	488	582	10	0	234	291
571	85	67	-10	202	330	10	504	0	97
572	197	300	10	110	240	10	0	797	104
573	308	196	10	108	185	10	0	708	57
574	114	88	-20	631	747	10	279	0	414
575	87	153	-10	122	253	10	211	0	90
576	21	201	20	179	288	10	0	581	81
577	137	64	30	149	248	10	0	330	43
578	361	194	-40	340	499	10	702	0	123
579	115	51	-10	790	936	10	435	0	113
580	24	96	10	250	399	10	0	589	89
581	2	200	-20	319	394	10	576	0	81
582	211	274	20	74	211	10	0	553	93
583	102	149	-10	462	582	10	310	0	123
584	307	196	20	107	213	10	0	483	79
585	127	87	20	134	233	10	0	38	73
586	302	274	15	225	389	10	0	785	197
587	383	53	10	234	385	10	0	693	93
588	376	254	-20	184	288	10	317	0	69
589	15	100	-10	210	344	10	580	0	89
590	111	179	10	143	256	10	0	529	123
591	308	204	30	130	265	10	0	287	70
592	85	358	-20	277	367	10	446	0	97
593	391	54	20	264	374	10	0	455	100
594	385	55	-40	235	393	10	749	0	74
595	65	335	-20	259	429	10	445	0	84
596	46	378	10	278	422	10	0	44	139
597	310	363	-21	1043	1106	10	786	0	433
598	217	286	-10	124	282	10	463	0	136
599	33	247	10	204	365	10	0	92	143
600	88	150	10	122	230	10	0	108	80
601	397	73	15	234	357	10	0	648	46
602	70	231	-23	1046	1178	10	772	0	82
603	72	315	-20	619	774	10	62	0	103
604	131	67	-30	157	247	10	51	0	60
605	117	381	-40	581	694	10	539	0	108
606	31	357	20	231	344	0	0	808	84
607	299	351	14	180	294	10	0	116	85
608	393	297	20	216	301	10	0	695	63
609	102	118	-10	1138	1230	10	528	0	70
610	273	160	10	132	260	10	0	268	132
611	350	131	-17	740	893	10	459	0	330
612	364	55	-20	274	436	10	20	0	97
613	47	328	50	199	314	10	0	415	85
614	109	186	-10	92	223	10	549	0	89
615	143	20	-10	1172	1292	10	685	0	91
616	134	98	10	121	228	10	0	343	55
617	42	384	10	262	383	10	0	88	102
618	255	80	11	497	573	10	0	638	330
619	52	194	-20	475	653	10	712	0	149
620	128	93	-10	170	316	10	183	0	132
621	50	385	31	758	918	0	0	841	509
622	386	57	10	234	349	10	0	799	85
623	86	112	-15	672	784	10	55	0	58
624	26	275	-20	1118	1175	10	520	0	71
625	40	336	9	1168	1272	10	0	771	789
626	135	384	-25	216	301	10	177	0	57
627	52	301	7	864	1016	0	0	814	627
628	68	261	20	174	297	10	0	793	83
629	36	288	-24	904	1040	10	382	0	136
630	375	294	-10	553	683	10	426	0	81
631	220	288	20	109	244	10	0	91	115
632	186	304	10	104	224	10	0	752	85
633	369	106	-20	196	369	10	777	0	118
634	96	69	10	253	363	10	0	488	146
635	321	217	-20	122	283	10	637	0	77
636	177	77	-14	753	875	10	427	0	535
637	320	216	20	146	224	10	0	635	77
638	246	47	-11	1075	1197	10	618	0	330
639	350	207	-10	320	466	10	135	0	131
640	279	247	12	91	193	10	0	417	75
641	153	315	-20	124	210	10	301	0	55
642	68	386	16	270	379	10	0	698	113
643	399	179	-23	428	497	10	334	0	85
644	297	240	37	210	340	10	0	239	176
645	199	290	-20	90	203	10	379	0	74
646	21	204	30	179	348	10	0	363	120
647	362	28	-20	294	370	10	28	0	92
648	353	65	-15	290	351	10	601	0	46
649	24	57	-14	226	337	10	50	0	64
650	75	368	-10	209	310	10	425	0	67
651	393	305	20	219	334	10	0	267	85
652	239	254	-9	66	215	10	737	0	102
653	146	320	-10	448	576	10	86	0	142
654	369	6	16	485	640	10	0	259	287
655	277	154	-20	89	218	10	401	0	88
656	304	141	10	172	262	10	0	748	106
657	205	372	-10	846	962	10	340	0	100
658	339	3	8	731	904	10	0	667	398
659	254	0	4	602	774	10	0	202	425
660	321	209	30	121	240	0	0	817	88
661	114	250	-20	160	314	10	99	0	118
662	318	219	-10	132	284	10	779	0	98
663	209	283	-10	559	706	10	416	0	142
664	48	358	-30	833	948	10	691	0	106
665	339	384	-8	329	462	10	743	0	78
666	351	153	30	183	265	10	0	248	66
667	377	29	-8	695	829	10	658	0	398
668	317	183	-20	118	212	10	346	0	58
669	183	303	20	104	241	10	0	54	89
670	299	308	-12	522	635	10	175	0	86
671	197	292	-30	92	237	10	156	0	76
672	370	98	20	198	325	10	0	283	95
673	188	67	-10	983	1145	10	471	0	98
674	207	87	20	113	254	10	0	407	89
675	295	307	-35	143	311	10	161	0	55
676	325	311	-27	563	692	10	470	0	66
677	228	96	-20	294	381	10	701	0	101
678	368	215	15	720	763	10	0	734	445
679	208	86	-25	908	1038	10	218	0	128
680	75	76	23	260	428	10	0	726	188
681	27	251	-10	194	296	10	58	0	71
682	308	314	-19	616	694	10	385	0	114
683	217	289	-20	120	261	10	450	0	89
684	337	388	-10	268	397	10	700	0	95
685	133	94	10	125	247	10	0	615	91
686	91	388	2	217	360	10	0	53	107
687	87	147	7	824	955	0	0	827	622
688	389	54	30	238	358	10	0	136	82
689	185	386	-10	186	321	10	404	0	86
690	234	212	10	36	154	10	0	349	88
691	53	330	30	196	338	10	0	664	106
692	237	247	-20	59	214	10	436	0	107
693	369	19	-10	247	406	10	587	0	93
694	346	385	10	235	327	10	0	184	57
695	397	313	-20	252	358	10	608	0	63
696	355	41	-20	776	932	10	294	0	148
697	211	266	10	87	187	10	0	133	90
698	8	363	-16	815	973	10	642	0	113
699	59	89	-20	706	862	10	243	0	55
700	344	391	10	239	367	10	0	684	95
701	242	105	20	103	239	10	0	677	101
702	327	242	40	146	299	10	0	578	123
703	55	324	10	190	294	10	0	493	77
704	114	252	-20	100	215	10	93	0	76
705	29	355	10	230	381	10	0	128	65
706	102	377	-37	961	1037	10	371	0	301
707	345	382	20	232	352	10	0	109	89
708	313	194	-10	113	269	10	573	0	57
709	285	136	-20	1044	1164	10	163	0	110
710	272	154	-10	85	228	10	755	0	48
711	379	254	-20	253	356	10	530	0	116
712	22	210	20	226	377	10	0	619	149
713	117	187	30	84	206	10	0	774	91
714	157	220	-20	1343	1440	10	790	0	127
715	21	96	-30	214	329	10	258	0	80
716	182	379	-30	179	295	10	497	0	75
717	298	138	-10	115	228	10	281	0	75
718	28	356	30	232	335	10	0	545	77
719	130	70	-30	195	337	10	389	0	102
720	111	184	-10	90	266	10	746	0	114
721	319	113	-10	1107	1257	10	106	0	136
722	347	385	20	236	349	10	0	276	84
723	220	337	23	255	399	10	0	153	195
724	344	283	20	218	275	10	0	188	81
725	217	98	19	103	194	10	0	550	67
726	76	90	-23	736	787	10	680	0	188
727	175	299	20	177	287	10	0	482	138
728	270	151	20	85	239	10	0	430	115
729	398	258	12	558	667	10	0	172	345
730	344	321	-26	216	321	10	554	0	66
731	266	234	-43	853	1003	10	11	0	561
732	49	187	20	151	306	0	0	818	115
733	92	155	20	207	295	10	0	78	133
734	344	236	-15	822	976	10	678	0	445
735	226	52	-38	454	567	10	353	0	269
736	183	294	20	95	257	10	0	563	93
737	237	243	9	56	210	10	0	652	102
738	184	69	-20	488	548	10	235	0	110
739	222	383	30	184	297	10	0	473	72
740	21	255	29	699	852	0	0	801	498
741	390	357	13	989	1123	10	0	321	657
742	272	161	-10	131	284	10	120	0	88
743	371	349	8	226	332	10	0	665	78
744	220	296	20	98	234	10	0	387	65
745	184	235	24	1102	1175	0	0	836	852
746	113	184	10	107	241	10	0	720	114
747	370	104	-30	217	324	10	465	0	67
748	273	182	-10	793	938	10	656	0	106
749	382	54	40	233	333	10	0	594	74
750	379	126	-20	818	944	10	144	0	502
751	327	241	20	154	270	10	0	796	102
752	189	306	-10	117	232	10	632	0	85
753	26	326	-19	624	671	10	792	0	174
754	367	104	20	192	307	10	0	127	85
755	271	154	10	84	149	10	0	710	48
756	67	258	-10	187	310	10	69	0	104
757	86	357	10	264	403	10	0	158	156
758	107	98	21	138	299	10	0	68	120
759	66	254	20	144	308	10	0	151	75
760	374	253	20	181	321	10	0	348	104
761	228	341	-22	957	1087	10	245	0	595
762	60	328	10	241	390	10	0	265	86
763	268	160	20	170	274	10	0	111	146
764	201	255	16	55	187	10	0	169	98
765	397	362	-13	255	385	10	17	0	81
766	236	210	30	37	130	10	0	359	69
767	349	157	-20	176	301	10	238	0	94
768	348	319	29	276	417	10	0	293	170
769	186	75	35	738	851	10	0	390	543
770	327	115	-13	228	409	10	484	0	63
771	77	319	-9	1194	1313	10	625	0	789
772	147	210	23	53	164	10	0	602	82
773	195	148	-30	1277	1405	10	73	0	91
774	108	186	-30	93	241	10	713	0	91
775	26	199	-20	761	885	10	511	0	62
776	305	255	11	283	370	10	0	456	188
777	368	102	20	194	353	10	0	633	118
778	146	174	23	59	226	10	0	209	117
779	319	217	10	141	251	10	0	662	98
780	335	202	23	763	925	10	0	787	592
781	128	94	-10	205	302	10	166	0	110
782	82	78	-31	1126	1276	10	388	0	615
783	92	68	-11	714	757	10	547	0	79
784	231	219	10	36	190	10	0	57	108
785	309	274	-15	295	416	10	586	0	197
786	336	386	21	675	809	10	0	597	433
787	324	194	-23	1003	1158	10	780	0	592
788	174	387	20	198	355	10	0	557	81
789	24	93	-9	287	337	10	421	0	41
790	107	247	20	142	274	10	0	714	127
791	291	308	-10	156	274	10	424	0	92
792	13	322	19	309	456	10	0	753	174
793	68	254	-20	142	274	10	628	0	83
794	142	379	11	730	860	0	0	831	503
795	43	121	-18	935	1064	10	104	0	79
796	329	241	-20	135	282	10	751	0	102
797	260	352	-10	360	459	10	572	0	104
798	328	243	20	135	231	10	0	315	71
799	384	64	-10	1029	1133	10	622	0	85
800	80	365	-21	423	506	10	319	0	65
801	21	255	-29	699	852	10	740	0	498
802	22	96	-10	259	305	10	490	0	74
803	11	328	-12	732	833	10	299	0	453
804	199	45	-26	750	860	10	98	0	528
805	329	236	-10	133	275	10	160	0	105
806	320	373	-22	537	595	10	357	0	288
807	123	176	-6	1116	1253	10	568	0	879
808	31	357	-20	231	344	10	606	0	84
809	74	213	-33	397	503	10	295	0	282
810	380	339	-10	704	808	10	131	0	435
811	35	79	-22	387	488	10	206	0	212
812	395	310	-10	223	383	10	362	0	119
813	372	104	-20	197	320	10	170	0	92
814	52	301	-7	864	1016	10	627	0	627
815	324	216	-20	125	177	10	410	0	38
816	28	246	-20	178	291	10	540	0	84
817	321	209	-30	121	240	10	660	0	88
818	49	187	-20	151	306	10	732	0	115
819	173	72	-39	229	349	10	342	0	163
820	389	171	-3	378	555	10	322	0	272
821	271	371	-15	705	828	10	292	0	482
822	165	126	-4	1215	1299	10	216	0	912
823	67	318	-15	198	324	10	479	0	109
824	41	337	-9	599	768	10	253	0	418
825	300	64	-35	1140	1205	10	489	0	777
826	225	53	-23	1030	1165	10	444	0	761
827	87	147	-7	824	955	10	687	0	622
828	197	293	-30	93	224	10	142	0	98
829	234	243	-20	65	229	10	162	0	130
830	371	253	-30	195	313	10	251	0	100
831	142	379	-11	730	860	10	794	0	503
832	360	23	-20	238	378	10	307	0	104
833	229	371	-7	961	1095	10	5	0	691
834	349	324	-33	478	628	10	502	0	325
835	248	124	-19	627	731	10	249	0	480
836	184	235	-24	1102	1175	10	745	0	852
837	278	159	-10	126	207	10	354	0	89
838	108	250	-10	140	303	10	373	0	148
839	209	167	-17	34	163	10	254	0	96
840	174	326	-8	910	1029	10	304	0	675
841	50	385	-31	758	918	10	621	0	509
842	175	192	-13	865	1012	10	365	0	739
843	220	71	-22	649	734	10	41	0	452
844	84	363	-20	200	347	10	559	0	110

