200	200	1
0	200	200	0	0	1573	0	0	0
1	244	56	14	616	738	10	0	638	293
2	245	106	20	104	233	10	0	395	35
3	233	214	-12	66	121	10	191	0	34
4	395	340	-21	240	378	10	184	0	30
5	229	371	7	998	1058	10	0	169	442
6	384	248	35	203	271	10	0	423	40
7	277	163	-20	148	215	10	655	0	27
8	52	94	-23	1120	1193	10	361	0	250
9	89	152	20	120	195	10	0	732	35
10	218	284	20	149	281	10	0	210	97
11	340	276	43	836	930	10	0	239	385
12	206	106	33	236	371	10	0	390	138
13	375	247	10	181	297	10	0	453	33
14	113	179	10	164	258	10	0	590	69
15	348	280	-12	200	263	10	640	0	42
16	223	372	-20	213	290	10	473	0	30
17	361	287	13	231	310	10	0	267	63
18	6	62	-10	875	948	10	490	0	66
19	37	397	-2	773	907	10	686	0	31
20	364	27	-40	275	365	10	107	0	56
21	14	201	10	198	263	10	0	207	38
22	325	294	-15	1098	1223	10	586	0	116
23	41	382	-30	241	368	10	508	0	54
24	325	130	-23	1019	1088	10	514	0	170
25	384	47	-10	1050	1162	10	136	0	51
26	116	181	-10	193	279	10	76	0	39
27	346	155	20	196	308	10	0	83	77
28	359	30	-30	308	410	10	47	0	15
29	222	284	-20	86	163	10	149	0	33
30	91	150	-20	119	187	10	443	0	25
31	140	387	8	196	248	10	0	794	25
32	176	154	15	51	113	10	0	547	30
33	352	383	-10	763	863	10	131	0	266
34	213	332	21	695	770	10	0	761	318
35	133	68	20	148	283	10	0	330	34
36	151	188	18	50	83	10	0	746	16
37	105	250	-10	172	218	10	521	0	22
38	94	70	-21	251	340	10	758	0	40
39	287	307	-30	199	282	10	229	0	36
40	267	321	26	615	682	10	0	384	271
41	220	71	-18	649	734	10	200	0	228
42	244	106	-20	103	253	10	163	0	69
43	338	290	-15	639	691	10	765	0	55
44	5	345	-26	1205	1246	10	185	0	347
45	145	301	8	115	244	10	0	371	64
46	393	301	-10	217	269	10	426	0	20
47	359	23	30	237	268	10	0	28	15
48	196	107	-15	1304	1384	10	615	0	538
49	348	41	-20	621	724	10	777	0	59
50	59	51	14	205	310	10	0	280	52
51	126	91	-10	191	219	10	166	0	37
52	234	214	10	70	180	10	0	349	55
53	108	395	-13	539	637	10	626	0	68
54	186	306	10	150	224	10	0	474	58
55	125	122	15	108	215	0	0	813	53
56	12	368	12	749	824	10	0	698	285
57	348	279	10	213	229	10	0	188	30
58	26	247	-30	180	241	10	515	0	25
59	393	306	20	220	294	10	0	447	36
60	268	114	30	154	227	0	0	819	58
61	2	17	-20	269	341	10	187	0	28
62	62	258	20	149	217	10	0	613	33
63	186	145	-10	1388	1507	10	534	0	44
64	338	315	-2	956	979	10	730	0	49
65	66	118	-10	554	606	10	774	0	28
66	68	378	10	636	758	10	0	664	268
67	294	136	10	113	190	10	0	656	38
68	73	126	38	402	466	10	0	609	159
69	68	263	-20	168	251	10	793	0	42
70	302	136	20	136	225	10	0	219	52
71	234	203	-10	123	241	10	472	0	95
72	127	94	10	169	293	10	0	781	82
73	233	208	30	33	196	10	0	111	81
74	210	1	-8	947	1083	10	244	0	43
75	102	252	10	161	201	10	0	603	45
76	152	237	10	60	139	10	0	26	39
77	2	3	14	758	861	0	0	801	290
78	92	162	-23	236	300	10	778	0	56
79	177	55	-10	705	836	10	452	0	280
80	193	29	-32	739	805	10	469	0	274
81	105	360	10	777	824	10	0	625	318
82	193	216	1	1218	1273	0	0	826	627
83	338	150	-20	750	816	10	27	0	77
84	68	143	-17	1200	1340	10	316	0	47
85	180	15	-26	845	935	10	246	0	319
86	182	378	10	178	257	10	0	557	27
87	39	384	-20	244	353	10	520	0	45
88	43	386	10	285	335	10	0	706	45
89	291	301	20	135	246	10	0	417	55
90	32	251	20	233	309	10	0	599	66
91	246	298	-9	910	1032	10	368	0	50
92	32	229	-20	1029	1109	10	363	0	73
93	116	252	-10	98	158	10	356	0	18
94	198	295	-10	122	197	10	513	0	37
95	63	262	20	167	222	10	0	415	35
96	119	179	10	239	260	10	0	568	88
97	174	375	-20	271	394	10	736	0	63
98	199	45	-20	765	845	10	235	0	99
99	150	236	-30	61	143	10	420	0	33
100	363	24	20	241	304	10	0	277	32
101	393	307	10	242	312	10	0	302	45
102	331	251	-20	140	243	10	796	0	35
103	293	306	20	141	211	10	0	278	34
104	18	102	-9	206	343	10	421	0	36
105	196	293	-30	93	183	10	142	0	39
106	299	141	10	208	280	10	0	352	82
107	364	25	40	239	390	10	0	20	56
108	41	183	-30	1144	1240	10	419	0	62
109	342	385	-10	340	403	10	139	0	79
110	302	203	30	170	256	10	0	457	76
111	212	197	-30	828	910	10	73	0	81
112	384	294	-30	510	635	10	374	0	85
113	381	290	36	428	540	10	0	630	168
114	110	254	20	104	200	10	0	556	47
115	196	51	19	513	577	10	0	673	213
116	264	341	-5	1026	1085	10	153	0	229
117	23	98	10	308	387	10	0	155	91
118	278	265	-20	612	715	10	147	0	43
119	23	97	-10	295	377	10	580	0	75
120	281	155	10	120	183	10	0	610	45
121	352	162	10	156	241	10	0	500	42
122	209	85	10	115	261	10	0	407	61
123	15	4	18	658	771	10	0	296	250
124	177	379	10	304	331	10	0	569	75
125	18	208	-30	238	311	10	646	0	47
126	343	322	-10	801	851	10	784	0	40
127	369	107	20	256	332	10	0	298	69
128	31	360	-20	254	331	10	545	0	43
129	263	110	-35	132	174	10	411	0	24
130	240	246	20	60	162	10	0	785	50
131	380	339	10	753	760	10	0	33	266
132	111	286	21	123	222	10	0	533	49
133	213	271	-20	112	132	10	379	0	23
134	251	381	17	233	332	10	0	797	71
135	322	242	10	183	313	10	0	570	91
136	390	52	10	270	343	10	0	25	51
137	26	70	-5	883	990	10	285	0	351
138	300	132	10	127	205	10	0	442	42
139	342	384	10	328	436	10	0	109	79
140	357	160	20	162	235	10	0	787	36
141	204	87	-30	113	227	10	431	0	50
142	197	293	30	93	173	10	0	105	39
143	98	107	17	916	983	10	0	284	410
144	400	109	-30	811	914	10	666	0	62
145	231	243	10	111	208	10	0	436	48
146	84	221	-15	1071	1165	10	186	0	447
147	230	290	20	94	181	10	0	118	43
148	397	261	-6	568	632	10	264	0	25
149	222	283	20	85	200	10	0	29	33
150	247	377	-11	1198	1263	10	333	0	295
151	60	319	29	216	324	10	0	350	35
152	79	154	10	141	232	0	0	816	51
153	256	385	5	568	653	10	0	116	229
154	140	40	-18	978	1082	10	579	0	364
155	8	119	-10	832	876	10	117	0	91
156	208	274	30	74	196	10	0	683	60
157	84	293	-20	521	622	10	790	0	88
158	74	351	-20	917	1032	10	506	0	23
159	95	64	20	171	280	10	0	527	54
160	329	236	-20	144	229	10	637	0	38
161	248	286	-20	98	211	10	503	0	43
162	234	243	20	95	199	10	0	485	72
163	244	109	20	101	240	10	0	42	69
164	340	388	-20	328	388	10	722	0	51
165	161	233	-20	88	175	10	446	0	50
166	125	95	10	199	240	10	0	51	37
167	351	199	4	773	842	0	0	817	345
168	61	333	10	261	341	10	0	753	74
169	146	324	-7	1335	1428	10	5	0	442
170	372	104	20	218	300	10	0	601	20
171	381	144	18	437	572	10	0	721	191
172	394	299	-12	743	874	10	729	0	226
173	363	30	10	302	388	0	0	829	76
174	358	23	20	237	372	10	0	654	67
175	220	238	12	42	91	10	0	391	24
176	97	105	33	932	986	0	0	820	422
177	186	355	25	155	237	10	0	689	40
178	391	42	44	944	1014	10	0	799	383
179	48	326	-15	197	302	10	519	0	42
180	74	87	9	1293	1394	0	0	821	612
181	264	69	-11	628	732	10	618	0	225
182	341	394	-10	247	363	10	694	0	33
183	128	95	10	193	337	10	0	574	104
184	362	383	21	244	305	10	0	4	30
185	41	340	26	848	907	10	0	44	347
186	13	220	15	1045	1115	10	0	146	447
187	85	61	20	180	279	10	0	61	28
188	340	290	-10	433	498	10	57	0	30
189	396	106	18	247	324	10	0	282	33
190	79	344	16	188	310	10	0	559	40
191	201	195	12	5	108	10	0	3	34
192	90	311	-30	649	719	10	358	0	51
193	207	185	-21	1199	1271	10	475	0	99
194	92	255	-28	385	493	10	481	0	37
195	385	56	10	234	322	0	0	815	43
196	396	59	20	299	373	10	0	205	65
197	51	326	-8	195	303	10	303	0	23
198	169	352	7	216	312	10	0	788	62
199	230	139	-11	1294	1331	10	709	0	511
200	286	44	18	526	635	10	0	41	228
201	286	308	10	208	296	10	0	325	51
202	339	69	-27	927	1034	10	433	0	57
203	206	296	30	171	239	10	0	416	71
204	142	385	-10	487	597	10	340	0	68
205	370	57	-20	1086	1181	10	196	0	65
206	35	79	22	420	456	10	0	418	125
207	17	209	-10	227	298	10	21	0	38
208	128	68	10	164	286	10	0	636	67
209	145	165	13	65	164	10	0	677	49
210	237	259	-20	1162	1215	10	10	0	97
211	89	154	-20	171	303	10	306	0	60
212	72	257	10	223	325	10	0	273	92
213	158	121	-10	1086	1155	10	398	0	85
214	323	243	-20	178	296	10	662	0	61
215	367	361	-27	454	551	10	470	0	42
216	165	126	-20	1217	1298	10	701	0	52
217	45	85	-10	880	981	10	403	0	61
218	137	68	25	146	238	10	0	577	45
219	310	143	-20	146	256	10	70	0	52
220	18	100	20	207	258	10	0	789	25
221	201	6	-12	568	633	10	242	0	183
222	297	135	30	116	213	10	0	483	48
223	86	154	30	190	238	0	0	825	57
224	374	175	18	296	421	10	0	524	80
225	91	70	-10	248	317	10	528	0	53
226	166	357	-20	1192	1265	10	744	0	39
227	113	183	-19	140	230	10	562	0	34
228	347	395	10	244	354	10	0	684	52
229	243	244	30	61	135	10	0	39	36
230	243	140	-12	1254	1323	10	380	0	564
231	14	100	30	211	336	10	0	649	21
232	393	312	-20	274	364	10	695	0	60
233	92	384	-18	398	437	10	800	0	100
234	294	249	8	446	527	0	0	822	210
235	195	91	20	138	308	10	0	98	99
236	235	212	-10	37	134	10	690	0	43
237	350	271	10	165	260	10	0	414	47
238	353	164	-1	157	234	10	491	0	30
239	262	233	-43	1079	1170	10	11	0	385
240	200	48	20	181	288	10	0	679	68
241	214	119	5	988	1072	10	0	396	494
242	234	37	12	520	534	10	0	221	183
243	93	62	-10	177	255	10	409	0	22
244	234	73	8	131	219	10	0	74	43
245	157	378	-16	879	984	10	641	0	33
246	194	43	26	682	797	10	0	85	319
247	268	223	20	71	155	10	0	312	41
248	355	156	-10	176	242	10	708	0	31
249	248	124	19	635	723	10	0	359	316
250	364	213	-30	522	664	10	287	0	56
251	371	253	-20	216	291	10	466	0	21
252	31	353	20	227	346	10	0	705	50
253	41	337	-14	625	743	10	434	0	258
254	209	167	17	34	117	10	0	386	41
255	352	303	-3	1039	1136	10	711	0	80
256	53	326	20	193	232	10	0	703	19
257	388	106	9	243	314	10	0	462	51
258	21	104	30	203	300	10	0	715	48
259	381	12	15	575	637	10	0	667	188
260	221	379	-20	180	272	10	275	0	38
261	46	380	10	268	408	0	0	803	85
262	192	332	-21	389	517	10	319	0	19
263	343	359	-20	431	511	10	665	0	98
264	320	211	6	120	171	10	0	148	25
265	34	355	-10	298	325	10	650	0	31
266	338	106	8	925	1008	0	0	805	420
267	397	283	-13	377	476	10	17	0	63
268	267	161	-20	206	259	10	763	0	84
269	124	221	-33	990	1047	10	295	0	187
270	310	340	11	178	302	10	0	276	61
271	270	106	30	117	159	10	0	459	20
272	243	104	-20	138	225	10	546	0	54
273	68	250	-10	523	635	10	212	0	92
274	213	305	-10	457	553	10	572	0	63
275	214	378	20	178	264	10	0	260	38
276	287	279	-11	1158	1266	10	270	0	61
277	313	64	-20	374	461	10	100	0	32
278	244	285	-20	1298	1368	10	103	0	34
279	154	68	20	724	783	10	0	427	311
280	14	53	-14	780	859	10	50	0	52
281	298	137	10	116	219	10	0	717	31
282	371	111	-18	209	319	10	189	0	33
283	393	246	14	483	563	0	0	811	182
284	118	122	-17	936	995	10	143	0	410
285	9	47	5	789	947	10	0	137	351
286	171	168	-15	1363	1373	10	305	0	625
287	321	212	30	121	234	10	0	250	56
288	115	185	10	86	178	10	0	720	45
289	336	387	10	298	389	10	0	357	78
290	357	202	5	466	563	10	0	780	202
291	374	104	-20	198	297	10	754	0	43
292	271	371	-16	727	807	10	293	0	190
293	291	398	16	494	598	10	0	292	190
294	353	3	-10	249	322	10	693	0	20
295	74	213	33	397	502	10	0	269	187
296	17	99	-18	969	1074	10	123	0	250
297	253	316	21	392	479	10	0	335	175
298	369	118	-20	1033	1101	10	127	0	69
299	11	328	-19	735	829	10	792	0	116
300	126	70	-20	187	316	10	585	0	41
301	165	264	20	72	165	10	0	563	46
302	377	282	-10	387	420	10	101	0	45
303	73	292	8	176	204	10	0	197	23
304	174	326	-18	915	1024	10	605	0	236
305	135	161	15	1314	1417	10	0	286	625
306	85	155	20	160	244	10	0	211	60
307	360	23	-13	238	290	10	484	0	19
308	20	91	-10	254	342	10	589	0	36
309	72	253	20	138	243	10	0	756	52
310	87	155	-20	159	292	10	332	0	73
311	134	63	10	152	286	10	0	478	53
312	349	275	-20	166	273	10	247	0	41
313	325	45	8	564	645	10	0	659	219
314	182	300	10	101	230	10	0	538	64
315	328	239	-20	158	242	10	635	0	43
316	138	143	17	84	179	10	0	84	47
317	372	256	-20	240	294	10	530	0	51
318	57	381	22	230	303	10	0	771	36
319	162	251	21	63	102	10	0	262	19
320	183	301	-19	102	242	10	360	0	39
321	381	375	-23	1030	1143	10	517	0	236
322	389	171	-15	431	501	10	770	0	107
323	179	305	-20	160	249	10	727	0	64
324	14	210	-20	221	278	10	565	0	35
325	290	311	-10	148	257	10	201	0	51
326	345	158	-29	220	311	10	668	0	30
327	200	83	10	138	223	10	0	353	53
328	342	154	-20	344	486	10	496	0	31
329	18	294	45	471	533	10	0	629	164
330	156	4	-20	200	295	10	35	0	34
331	247	212	-10	147	228	10	507	0	74
332	93	149	20	118	266	10	0	310	73
333	299	399	11	765	813	10	0	150	295
334	369	171	-20	171	253	10	584	0	34
335	246	247	-21	660	728	10	297	0	175
336	356	223	-16	929	1037	10	639	0	157
337	266	116	10	130	277	10	0	509	57
338	39	34	10	234	280	10	0	795	24
339	51	205	-10	1216	1246	10	518	0	86
340	180	387	10	196	325	10	0	204	68
341	203	88	30	112	198	10	0	738	42
342	173	72	-30	205	373	10	604	0	42
343	129	85	-10	135	238	10	685	0	22
344	45	291	18	195	262	0	0	812	41
345	294	311	10	145	240	10	0	454	47
346	305	198	20	105	217	10	0	591	55
347	338	391	-10	271	366	10	700	0	44
348	349	135	28	490	636	10	0	611	236
349	237	213	-10	115	161	10	52	0	55
350	82	360	-29	238	312	10	151	0	35
351	102	84	-20	151	292	10	449	0	61
352	300	144	-10	197	317	10	106	0	82
353	236	38	-10	398	498	10	327	0	53
354	278	159	-20	104	229	10	401	0	58
355	344	280	20	207	313	10	0	724	48
356	149	234	10	61	98	10	0	93	18
357	320	373	-10	512	621	10	289	0	78
358	109	252	30	120	208	10	0	192	51
359	218	134	-19	1248	1331	10	249	0	316
360	184	282	19	83	163	10	0	320	39
361	32	78	23	619	709	10	0	8	250
362	395	310	-20	240	342	10	651	0	37
363	19	206	20	243	329	10	0	92	73
364	243	275	31	885	984	0	0	818	448
365	175	192	-10	886	992	10	704	0	24
366	299	227	25	102	242	10	0	776	69
367	159	164	-13	1293	1409	10	480	0	65
368	215	260	9	61	163	10	0	91	50
369	163	364	21	751	853	10	0	657	342
370	208	20	-26	576	657	10	550	0	194
371	97	387	-8	528	625	10	45	0	64
372	294	13	-8	541	662	10	375	0	35
373	108	250	-20	169	274	10	661	0	79
374	389	306	30	306	387	10	0	112	85
375	262	30	8	180	252	10	0	372	35
376	334	92	-20	431	486	10	594	0	42
377	279	337	-37	602	635	10	402	0	109
378	3	15	20	1064	1170	10	0	531	443
379	210	271	20	71	165	10	0	133	23
380	256	145	12	1109	1208	10	0	230	564
381	387	267	-29	874	940	10	768	0	97
382	8	285	24	294	382	10	0	624	86
383	83	357	10	266	354	10	0	501	79
384	267	295	-26	706	786	10	40	0	271
385	279	262	19	100	182	10	0	456	40
386	238	101	-17	140	254	10	254	0	41
387	219	377	20	190	280	0	0	808	50
388	126	90	-16	840	922	10	439	0	27
389	129	67	30	170	258	10	0	719	53
390	166	115	-33	1216	1312	10	12	0	138
391	238	250	-12	62	159	10	175	0	24
392	246	244	-9	626	761	10	737	0	58
393	131	95	20	125	169	10	0	680	21
394	115	257	10	102	184	10	0	493	40
395	243	106	-20	128	188	10	2	0	35
396	202	158	-5	1129	1218	10	241	0	494
397	389	307	-20	283	388	10	608	0	26
398	237	109	10	181	269	10	0	213	85
399	117	148	14	97	215	10	0	733	58
400	180	375	10	176	283	10	0	716	31
401	276	157	20	87	205	10	0	354	58
402	303	358	37	304	408	10	0	377	109
403	17	96	10	210	333	10	0	217	61
404	173	381	10	218	388	10	0	555	102
405	70	81	-19	851	934	10	783	0	310
406	46	197	-20	366	510	10	712	0	82
407	206	81	-10	119	254	10	122	0	61
408	348	343	12	310	399	10	0	734	96
409	95	63	10	192	217	10	0	243	22
410	324	216	-30	125	220	10	660	0	40
411	265	127	35	97	193	10	0	129	24
412	196	138	18	62	153	10	0	552	45
413	26	260	16	625	663	10	0	740	239
414	384	307	-10	334	456	10	237	0	47
415	23	317	-20	437	501	10	95	0	35
416	204	292	-30	185	254	10	203	0	71
417	321	287	-20	558	654	10	89	0	55
418	56	97	-22	917	995	10	206	0	125
419	70	264	30	174	270	10	0	108	62
420	152	240	30	62	180	10	0	99	33
421	0	155	9	205	279	10	0	104	36
422	317	68	-23	1128	1223	10	444	0	485
423	395	167	-35	957	1034	10	6	0	40
424	289	306	10	187	270	10	0	791	53
425	75	367	-30	208	302	10	460	0	40
426	353	276	10	170	230	10	0	46	20
427	183	71	-20	757	802	10	279	0	311
428	312	200	-30	127	214	10	492	0	46
429	49	222	-16	1104	1180	10	602	0	506
430	297	137	-34	439	508	10	532	0	54
431	200	89	30	181	235	10	0	141	50
432	242	113	-24	96	210	10	523	0	43
433	341	33	27	254	334	10	0	202	57
434	55	341	14	614	766	10	0	253	258
435	99	67	-20	167	255	10	458	0	29
436	236	243	-10	103	166	10	145	0	48
437	229	209	20	30	130	10	0	766	49
438	93	59	20	178	280	10	0	571	49
439	143	159	16	70	126	10	0	388	27
440	267	112	-20	130	227	10	522	0	52
441	196	295	20	95	261	10	0	745	82
442	334	100	-10	1094	1210	10	138	0	42
443	122	183	20	79	177	10	0	30	25
444	225	53	23	1050	1145	10	0	422	485
445	28	353	20	230	306	10	0	596	37
446	158	239	20	61	168	10	0	165	50
447	392	307	-20	219	341	10	59	0	36
448	13	59	-27	540	609	10	560	0	60
449	127	90	20	133	255	10	0	351	61
450	221	281	-10	83	218	10	463	0	60
451	326	374	17	548	638	0	0	804	211
452	178	103	10	604	660	10	0	79	280
453	376	251	-10	183	262	10	13	0	33
454	293	310	-10	144	288	10	345	0	47
455	386	60	-40	303	409	10	749	0	64
456	300	272	-19	635	781	10	385	0	40
457	243	209	-30	1352	1437	10	110	0	76
458	102	67	20	165	225	10	0	435	29
459	285	107	-30	498	533	10	271	0	20
460	82	365	30	202	293	10	0	425	40
461	5	344	7	1252	1296	0	0	823	526
462	366	97	-9	747	827	10	257	0	51
463	220	283	10	171	284	10	0	450	60
464	79	95	-20	1191	1291	10	782	0	543
465	369	100	30	196	300	10	0	696	51
466	371	244	20	176	219	10	0	251	21
467	366	340	-26	676	784	10	554	0	41
468	85	128	-10	1241	1365	10	620	0	78
469	231	6	32	685	746	10	0	80	274
470	330	313	27	172	258	10	0	215	42
471	202	85	-20	156	231	10	674	0	40
472	236	204	10	111	227	10	0	71	95
473	220	381	20	182	244	10	0	16	30
474	206	286	-10	468	535	10	54	0	58
475	274	7	21	283	406	10	0	193	99
476	369	211	-30	443	513	10	516	0	31
477	126	208	-23	1317	1452	10	772	0	59
478	134	62	-10	152	271	10	311	0	53
479	67	318	15	227	294	10	0	653	58
480	232	127	13	79	210	10	0	367	65
481	96	209	28	104	179	10	0	194	37
482	146	301	-30	296	441	10	497	0	60
483	308	178	-30	361	466	10	222	0	48
484	294	118	13	124	247	10	0	307	19
485	280	224	-20	189	294	10	162	0	72
486	241	275	-10	647	775	10	598	0	75
487	82	65	30	201	302	10	0	634	61
488	159	11	-35	1144	1263	10	769	0	350
489	300	64	-19	1106	1238	10	725	0	42
490	22	96	10	225	339	10	0	18	66
491	334	186	1	134	254	10	0	238	30
492	310	200	30	157	209	10	0	428	46
493	52	331	-10	226	311	10	394	0	40
494	25	256	-20	183	279	10	540	0	28
495	210	268	30	68	164	10	0	582	47
496	310	196	20	110	173	10	0	328	31
497	183	375	30	175	297	10	0	482	60
498	194	65	16	341	462	10	0	735	163
499	366	251	20	247	345	10	0	588	57
500	285	184	-10	1017	1072	10	121	0	42
501	160	313	-10	818	929	10	383	0	79
502	349	324	-8	498	608	10	743	0	57
503	225	288	20	91	227	10	0	161	43
504	124	69	-10	203	276	10	616	0	50
505	349	272	-20	165	270	10	798	0	44
506	87	365	20	199	247	10	0	158	23
507	240	210	10	115	190	10	0	331	74
508	40	380	30	240	350	10	0	23	54
509	276	116	-10	113	241	10	337	0	57
510	280	5	-10	1005	1058	10	647	0	75
511	20	204	20	180	256	10	0	775	37
512	301	139	30	176	285	10	0	748	83
513	195	294	10	104	169	10	0	94	37
514	377	144	23	437	527	10	0	24	170
515	34	242	30	171	231	10	0	58	25
516	324	217	30	131	189	10	0	476	31
517	348	371	23	635	699	10	0	321	236
518	70	256	10	210	315	10	0	339	86
519	48	304	15	185	305	10	0	179	42
520	41	378	20	238	329	10	0	87	45
521	114	254	10	101	146	10	0	37	22
522	264	112	20	117	214	10	0	440	52
523	244	176	24	50	160	10	0	432	43
524	349	181	-18	235	372	10	224	0	80
525	346	163	30	150	238	10	0	578	43
526	52	334	-30	263	300	10	691	0	44
527	53	51	-20	209	359	10	159	0	54
528	177	174	10	34	142	10	0	225	53
529	114	178	-30	170	274	10	713	0	49
530	367	255	20	260	305	10	0	317	51
531	19	61	-20	1120	1215	10	378	0	443
532	273	118	34	109	218	10	0	430	54
533	84	359	-21	258	338	10	132	0	49
534	244	114	10	96	186	10	0	63	44
535	321	144	-26	1039	1119	10	542	0	52
536	384	53	-20	932	997	10	593	0	61
537	29	250	-30	224	291	10	558	0	37
538	172	383	-10	246	335	10	314	0	64
539	84	360	40	259	314	10	0	592	58
540	28	246	20	178	235	10	0	494	28
541	107	159	-12	1000	1094	10	583	0	223
542	319	160	26	136	230	10	0	535	52
543	230	241	-30	110	233	10	692	0	49
544	32	352	30	226	322	10	0	595	47
545	32	357	20	259	338	10	0	128	43
546	237	108	20	158	270	10	0	272	54
547	162	94	-15	112	189	10	32	0	30
548	185	299	10	100	162	10	0	553	30
549	110	188	10	91	159	10	0	714	34
550	259	4	26	591	650	10	0	370	194
551	34	385	20	248	341	10	0	617	42
552	156	32	-18	743	868	10	412	0	45
553	201	297	-10	139	240	10	548	0	30
554	311	344	26	181	265	10	0	467	41
555	174	329	-10	648	781	10	404	0	102
556	119	286	-20	807	881	10	114	0	47
557	179	383	-10	208	249	10	86	0	27
558	26	250	30	181	256	10	0	537	37
559	84	363	-16	200	299	10	190	0	40
560	6	20	27	264	385	10	0	448	60
561	373	253	10	187	296	10	0	760	48
562	184	233	19	36	106	10	0	227	34
563	177	300	-20	186	254	10	301	0	46
564	88	121	15	527	638	10	0	623	250
565	22	205	20	178	250	10	0	324	35
566	306	361	4	709	731	10	0	786	267
567	87	164	11	615	739	10	0	687	310
568	123	176	-10	1118	1251	10	96	0	88
569	131	275	-10	506	581	10	124	0	75
570	315	237	-10	467	602	10	135	0	91
571	85	67	-20	234	297	10	438	0	49
572	197	300	10	121	228	10	0	274	63
573	308	196	10	108	214	10	0	767	52
574	114	88	-10	655	723	10	183	0	104
575	87	153	-10	122	293	10	600	0	51
576	21	201	20	179	262	10	0	581	41
577	137	64	-25	149	265	10	218	0	45
578	361	194	-30	373	467	10	525	0	43
579	115	51	18	826	901	10	0	154	364
580	24	96	10	294	355	10	0	119	75
581	2	200	-20	315	398	10	576	0	41
582	211	274	-30	74	201	10	495	0	47
583	102	149	12	487	558	10	0	541	223
584	307	196	20	107	185	10	0	334	34
585	127	87	20	144	217	10	0	300	41
586	302	274	15	255	359	10	0	22	116
587	383	53	10	234	330	10	0	688	43
588	376	254	-20	184	309	10	499	0	57
589	15	100	10	210	283	10	0	308	36
590	111	179	-10	158	240	10	14	0	69
591	308	204	-20	159	235	10	346	0	55
592	85	358	-40	275	369	10	539	0	58
593	391	54	20	275	363	10	0	536	61
594	385	55	20	235	320	10	0	376	42
595	65	335	-30	271	417	10	544	0	47
596	46	378	-20	315	386	10	445	0	37
597	310	363	-10	1021	1127	10	652	0	63
598	217	286	10	168	238	10	0	486	75
599	33	247	-20	229	341	10	90	0	66
600	88	150	10	122	226	10	0	575	51
601	397	73	-20	234	287	10	170	0	20
602	70	231	16	1038	1187	10	0	429	506
603	72	315	-10	641	751	10	75	0	45
604	131	67	30	169	235	10	0	342	42
605	117	381	18	601	673	10	0	304	236
606	31	357	-30	249	326	10	718	0	28
607	299	351	14	180	329	10	0	741	74
608	393	297	20	216	269	10	0	397	26
609	102	118	-38	1157	1211	10	68	0	159
610	273	160	-10	149	243	10	120	0	45
611	350	131	-28	790	843	10	348	0	236
612	364	55	-10	308	402	10	622	0	58
613	47	328	-20	199	310	10	62	0	33
614	109	186	10	92	212	0	0	810	59
615	143	20	15	1199	1266	10	0	48	538
616	134	98	10	121	222	10	0	504	50
617	42	384	-20	294	351	10	551	0	42
618	255	80	11	486	583	10	0	181	225
619	52	194	-10	545	583	10	681	0	54
620	128	93	10	200	286	10	0	468	78
621	50	385	31	795	882	0	0	802	321
622	386	57	10	234	351	10	0	612	58
623	86	112	-15	700	756	10	564	0	250
624	26	275	-24	1115	1178	10	382	0	86
625	40	336	-10	1168	1272	10	81	0	318
626	135	384	13	195	332	10	0	53	68
627	52	301	-10	911	968	10	762	0	81
628	68	261	-20	225	245	10	759	0	22
629	36	288	-45	951	993	10	329	0	164
630	375	294	-36	592	643	10	113	0	168
631	220	288	20	114	240	10	0	723	74
632	186	304	10	130	192	10	0	663	43
633	369	106	10	223	343	10	0	750	74
634	96	69	-30	260	356	10	487	0	61
635	321	217	20	125	221	10	0	315	43
636	177	77	-10	777	850	10	208	0	67
637	320	216	20	148	221	10	0	160	38
638	246	47	-14	1091	1181	10	1	0	293
639	350	207	16	321	465	10	0	336	157
640	279	247	12	91	266	10	0	15	42
641	153	315	16	124	191	10	0	245	33
642	68	386	16	250	399	0	0	807	85
643	399	179	26	413	512	0	0	830	155
644	297	240	37	242	308	10	0	731	101
645	199	290	10	90	195	10	0	671	52
646	21	204	30	179	275	10	0	125	47
647	362	28	10	278	387	10	0	510	75
648	353	65	-20	259	383	10	672	0	35
649	24	57	-30	226	309	10	231	0	21
650	75	368	10	209	335	10	0	265	31
651	393	305	20	219	294	10	0	362	37
652	239	254	10	66	194	10	0	597	63
653	146	320	-15	459	565	10	479	0	58
654	369	6	-20	512	613	10	174	0	67
655	277	154	20	130	145	10	0	7	27
656	304	141	-10	154	281	10	67	0	38
657	205	372	-21	846	962	10	369	0	342
658	339	3	-10	768	868	10	747	0	60
659	254	0	-8	643	733	10	313	0	219
660	321	209	30	121	208	10	0	410	40
661	114	250	20	191	283	10	0	373	79
662	318	219	20	175	242	10	0	214	61
663	209	283	-10	614	651	10	632	0	43
664	48	358	-10	838	944	10	66	0	268
665	339	384	20	363	427	10	0	263	98
666	351	153	30	165	284	10	0	144	62
667	377	29	-15	728	795	10	259	0	188
668	317	183	29	118	179	10	0	326	30
669	183	303	20	117	177	10	0	739	36
670	299	308	-20	542	614	10	675	0	61
671	197	292	-10	92	242	10	645	0	52
672	370	98	20	198	270	10	0	648	35
673	188	67	-19	990	1139	10	115	0	213
674	207	87	20	113	194	10	0	471	40
675	295	307	20	143	266	10	0	670	61
676	325	311	-23	597	659	10	682	0	237
677	228	96	-13	295	380	10	209	0	49
678	368	215	15	672	812	0	0	814	321
679	208	86	-20	913	1032	10	240	0	68
680	75	76	-20	339	349	10	393	0	21
681	27	251	10	200	290	10	0	619	54
682	308	314	23	616	693	10	0	676	237
683	217	289	-30	143	237	10	156	0	60
684	337	388	-10	293	371	10	228	0	52
685	133	94	10	125	170	10	0	343	22
686	91	388	2	217	281	10	0	19	31
687	87	147	-11	836	942	10	567	0	310
688	389	54	-10	251	338	10	587	0	43
689	185	386	-25	186	308	10	177	0	40
690	234	212	10	37	125	10	0	236	43
691	53	330	30	206	309	10	0	526	44
692	237	247	30	82	158	10	0	543	49
693	369	19	10	257	323	10	0	294	20
694	346	385	10	235	303	10	0	182	33
695	397	313	20	261	348	10	0	232	60
696	355	41	-30	830	878	10	465	0	51
697	211	266	-16	72	203	10	764	0	40
698	8	363	-12	831	958	10	56	0	285
699	59	89	24	738	830	10	0	726	306
700	344	391	10	239	329	10	0	347	44
701	242	105	20	130	209	10	0	216	52
702	327	242	40	173	272	0	0	824	69
703	55	324	-20	190	271	10	256	0	19
704	114	252	10	100	150	10	0	365	24
705	29	355	-20	230	341	10	252	0	50
706	102	377	-10	936	1062	10	88	0	45
707	345	382	20	232	315	0	0	806	41
708	313	194	10	113	216	10	0	248	31
709	285	136	11	1079	1129	10	0	199	511
710	272	154	20	85	214	10	0	742	64
711	379	254	3	261	348	10	0	255	80
712	22	210	20	260	343	10	0	406	82
713	117	187	30	84	183	10	0	529	49
714	157	220	-10	1358	1424	10	549	0	34
715	21	96	-30	214	329	10	258	0	48
716	182	379	-10	179	254	10	400	0	31
717	298	138	-10	115	190	10	281	0	31
718	28	356	30	259	290	10	0	606	28
719	130	70	-30	210	321	10	389	0	53
720	111	184	-10	94	230	10	288	0	45
721	319	113	-18	1133	1232	10	171	0	191
722	347	385	20	236	339	10	0	164	51
723	220	337	-20	285	370	10	631	0	74
724	344	283	-20	219	275	10	355	0	48
725	217	98	19	103	188	10	0	489	42
726	76	90	-24	703	820	10	699	0	306
727	175	299	20	185	279	10	0	323	64
728	270	151	20	85	226	10	0	755	14
729	398	258	12	566	659	10	0	172	226
730	344	321	2	251	287	10	0	64	49
731	266	234	-37	893	963	10	644	0	101
732	49	187	-20	157	256	10	9	0	35
733	92	155	-14	214	287	10	399	0	58
734	344	236	-12	850	948	10	408	0	96
735	226	52	-16	475	546	10	498	0	163
736	183	294	20	95	222	10	0	97	63
737	237	243	9	56	173	10	0	392	58
738	184	69	-30	494	543	10	341	0	42
739	222	383	-20	184	284	10	669	0	36
740	21	255	-16	747	805	10	413	0	239
741	390	357	-14	1003	1109	10	607	0	74
742	272	161	-20	150	265	10	710	0	64
743	371	349	8	226	341	10	0	502	57
744	220	296	20	139	178	10	0	226	39
745	184	235	-20	1102	1175	10	441	0	82
746	113	184	-18	149	198	10	36	0	16
747	370	104	10	226	316	10	0	658	60
748	273	182	-30	811	919	10	512	0	83
749	382	54	40	233	362	10	0	455	64
750	379	126	-10	843	920	10	633	0	74
751	327	241	-10	174	249	10	779	0	46
752	189	306	40	160	188	0	0	827	40
753	26	326	-10	594	702	10	168	0	74
754	367	104	20	192	297	10	0	291	43
755	271	154	-20	84	128	10	728	0	14
756	67	258	-20	201	297	10	309	0	52
757	86	357	10	295	372	0	0	809	88
758	107	98	21	138	220	10	0	38	40
759	66	254	20	144	190	10	0	628	22
760	374	253	-10	181	288	10	561	0	48
761	228	341	-21	962	1083	10	34	0	318
762	60	328	10	279	353	10	0	627	81
763	268	160	20	172	271	10	0	268	84
764	201	255	16	55	137	10	0	697	40
765	397	362	15	255	366	10	0	43	55
766	236	210	-20	37	159	10	437	0	49
767	349	157	-10	199	279	10	573	0	52
768	348	319	29	307	385	10	0	381	97
769	186	75	35	763	826	10	0	488	350
770	327	115	15	268	368	10	0	322	107
771	77	319	-22	1205	1302	10	318	0	36
772	147	210	23	53	172	10	0	477	59
773	195	148	19	1302	1379	0	0	828	663
774	108	186	10	126	150	10	0	65	28
775	26	199	-20	786	859	10	511	0	37
776	305	255	-25	280	373	10	366	0	69
777	368	102	20	194	313	10	0	49	59
778	146	174	23	59	173	10	0	78	56
779	319	217	10	144	248	10	0	751	46
780	335	202	-5	790	898	10	290	0	202
781	128	94	-10	184	324	10	72	0	82
782	82	78	20	1146	1256	10	0	464	543
783	92	68	19	678	792	10	0	405	310
784	231	219	10	99	118	10	0	126	40
785	309	274	-20	309	402	10	130	0	50
786	336	386	-4	707	777	10	566	0	267
787	324	194	-20	1054	1107	10	140	0	36
788	174	387	-7	228	325	10	198	0	62
789	24	93	-20	257	366	10	220	0	25
790	107	247	20	135	282	10	0	157	88
791	291	308	-10	173	258	10	424	0	53
792	13	322	19	308	457	10	0	299	116
793	68	254	20	142	228	10	0	69	42
794	142	379	-8	767	823	10	31	0	25
795	43	121	-10	925	1074	10	338	0	24
796	329	241	20	136	207	10	0	102	35
797	260	352	-17	360	460	10	134	0	71
798	328	243	20	135	251	10	0	505	44
799	384	64	-44	1037	1125	10	178	0	383
800	80	365	18	390	538	10	0	233	100
801	2	3	-14	758	861	10	77	0	290
802	50	385	-31	795	882	10	621	0	321
803	46	380	-10	268	408	10	261	0	85
804	326	374	-17	548	638	10	451	0	211
805	338	106	-8	925	1008	10	266	0	420
806	345	382	-20	232	315	10	707	0	41
807	68	386	-16	250	399	10	642	0	85
808	219	377	-20	190	280	10	387	0	50
809	86	357	-10	295	372	10	757	0	88
810	109	186	-10	92	212	10	614	0	59
811	393	246	-14	483	563	10	283	0	182
812	45	291	-18	195	262	10	344	0	41
813	125	122	-15	108	215	10	55	0	53
814	368	215	-15	672	812	10	678	0	321
815	385	56	-10	234	322	10	195	0	43
816	79	154	-10	141	232	10	152	0	51
817	351	199	-4	773	842	10	167	0	345
818	243	275	-31	885	984	10	364	0	448
819	268	114	-30	154	227	10	60	0	58
820	97	105	-33	932	986	10	176	0	422
821	74	87	-9	1293	1394	10	180	0	612
822	294	249	-8	446	527	10	234	0	210
823	5	344	-7	1252	1296	10	461	0	526
824	327	242	-40	173	272	10	702	0	69
825	86	154	-30	190	238	10	223	0	57
826	193	216	-1	1218	1273	10	82	0	627
827	189	306	-40	160	188	10	752	0	40
828	195	148	-19	1302	1379	10	773	0	663
829	363	30	-10	302	388	10	173	0	76
830	399	179	-26	413	512	10	643	0	155

