200	1000	1
0	200	200	0	0	6289	0	0	0
1	244	56	14	2648	2768	10	0	41	1308
2	245	106	20	486	606	10	0	440	250
3	233	214	10	314	434	10	0	52	199
4	395	340	24	900	1020	10	0	184	389
5	229	371	-13	4051	4171	10	761	0	1993
6	384	248	-20	887	1007	10	796	0	304
7	277	163	-30	0	6194	10	455	0	625
8	52	94	-20	4567	4687	10	378	0	2127
9	89	152	20	564	684	10	0	576	281
10	218	284	-10	801	921	10	463	0	411
11	340	276	-16	3471	3591	10	33	0	1536
12	206	106	-10	1152	1272	10	208	0	405
13	375	247	10	706	826	10	0	101	322
14	113	179	10	784	904	10	0	211	407
15	348	280	10	868	988	10	0	499	409
16	223	372	30	0	6106	10	0	293	993
17	361	287	-30	1022	1142	10	428	0	315
18	6	62	-30	3588	3708	10	231	0	408
19	37	397	50	0	6024	10	0	625	2307
20	364	27	-20	1220	1340	10	672	0	389
21	14	201	-20	863	983	10	575	0	305
22	325	294	-20	4583	4703	10	355	0	2252
23	41	382	20	0	6038	10	0	233	714
24	325	130	19	4153	4273	10	0	799	2064
25	384	47	-29	4365	4485	10	376	0	860
26	116	181	20	884	1004	10	0	583	458
27	346	155	20	949	1069	10	0	644	458
28	359	30	-50	1374	1494	10	509	0	199
29	222	284	10	368	488	10	0	788	200
30	91	150	10	463	583	10	0	288	231
31	140	387	8	0	6083	10	0	562	2938
32	176	154	15	148	268	10	0	604	108
33	352	383	16	3191	3311	10	0	11	1536
34	213	332	-8	0	6147	10	304	0	1905
35	133	68	20	698	818	10	0	781	334
36	151	188	-20	0	6229	10	511	0	340
37	105	250	30	719	839	10	0	157	365
38	94	70	30	1121	1241	10	0	361	536
39	287	307	10	902	1022	10	0	474	442
40	267	321	26	2533	2653	10	0	91	1257
41	220	71	-14	2705	2825	10	1	0	1308
42	244	106	40	0	6176	10	0	272	334
43	338	290	12	0	6115	10	0	597	2052
44	5	345	-10	4842	4962	10	757	0	600
45	145	301	-30	0	6164	10	558	0	366
46	393	301	-30	860	980	10	766	0	127
47	359	23	-10	933	1053	10	647	0	400
48	196	107	18	5317	5437	10	0	396	2671
49	348	41	-10	0	6062	10	195	0	449
50	59	51	-20	824	944	10	438	0	361
51	126	91	-30	760	880	10	577	0	345
52	234	214	-10	0	6243	10	3	0	199
53	108	395	-30	0	6064	10	495	0	2911
54	186	306	-10	689	809	10	572	0	329
55	125	122	15	444	564	10	0	104	227
56	12	368	-31	0	6027	10	621	0	1586
57	348	279	10	824	944	10	0	317	388
58	26	247	-10	0	6099	10	493	0	468
59	393	306	20	960	1080	10	0	787	429
60	268	114	30	0	6170	10	0	328	2963
61	2	17	-11	0	6010	10	155	0	1632
62	62	258	20	661	781	10	0	344	315
63	186	145	-19	5961	6081	10	783	0	1415
64	338	315	-21	3809	3929	10	126	0	1861
65	66	118	-10	2258	2378	10	310	0	419
66	68	378	10	2726	2846	10	0	698	1312
67	294	136	-20	0	6166	10	710	0	206
68	73	126	-10	0	6133	10	96	0	487
69	68	263	10	778	898	10	0	537	375
70	302	136	20	0	6159	10	0	259	1102
71	234	203	10	667	787	10	0	424	376
72	127	94	-25	0	6151	10	218	0	2983
73	233	208	30	118	238	10	0	447	102
74	210	1	-16	0	6080	10	80	0	2933
75	102	252	10	664	784	10	0	116	336
76	152	237	10	283	403	10	0	197	171
77	2	3	-18	0	6000	10	123	0	1324
78	92	162	20	1010	1130	10	0	213	507
79	177	55	-38	0	6133	10	353	0	842
80	193	29	16	0	6108	10	0	74	2933
81	105	360	-10	3142	3262	10	86	0	1497
82	193	216	-16	4924	5044	10	764	0	2469
83	338	150	16	3072	3192	10	0	298	1522
84	68	143	16	5021	5141	10	0	209	2498
85	180	15	7	0	6093	10	0	673	2948
86	182	378	10	0	6101	10	0	81	1497
87	39	384	-20	1044	1164	10	301	0	139
88	43	386	10	1181	1301	10	0	461	528
89	291	301	20	484	604	10	0	554	234
90	32	251	-20	1022	1142	10	105	0	434
91	246	298	-26	3824	3944	10	40	0	1257
92	32	229	-20	4218	4338	10	533	0	527
93	116	252	20	335	455	10	0	494	178
94	198	295	20	579	699	10	0	631	301
95	63	262	-30	0	6129	10	165	0	2982
96	119	179	10	939	1059	10	0	68	487
97	174	375	-20	0	6103	10	736	0	2957
98	199	45	-19	0	6124	10	773	0	2979
99	150	236	20	234	354	10	0	526	146
100	363	24	20	1030	1150	10	0	658	455
101	393	307	-10	0	6059	10	13	0	322
102	331	251	-6	502	622	10	264	0	210
103	293	306	20	545	665	10	0	345	261
104	18	102	-15	0	6073	10	55	0	227
105	196	293	20	0	6186	10	0	90	434
106	299	141	-15	0	6164	10	181	0	2964
107	364	25	-10	1172	1292	10	693	0	486
108	41	183	-20	4709	4829	10	256	0	2240
109	342	385	10	1425	1545	10	0	467	655
110	302	203	-10	792	912	10	779	0	362
111	212	197	-10	3415	3535	10	281	0	250
112	384	294	20	0	6073	10	0	172	2917
113	381	290	36	1877	1997	10	0	670	897
114	110	254	20	547	667	10	0	273	281
115	196	51	-16	0	6130	10	498	0	764
116	264	341	-10	4163	4283	10	75	0	336
117	23	98	-10	1330	1450	10	580	0	616
118	278	265	23	2594	2714	10	0	392	1306
119	23	97	20	0	6075	10	0	399	2930
120	281	155	-20	548	668	10	655	0	260
121	352	162	-1	607	727	10	491	0	276
122	209	85	10	537	657	10	0	469	270
123	15	4	18	2798	2918	10	0	77	1324
124	177	379	-10	1209	1329	10	400	0	294
125	18	208	-20	1037	1157	10	207	0	463
126	343	322	21	0	6092	10	0	64	1861
127	369	107	20	1115	1235	10	0	611	521
128	31	360	23	1109	1229	10	0	261	498
129	263	110	10	552	672	10	0	701	281
130	240	246	-9	241	361	10	737	0	145
131	380	339	-12	2966	3086	10	408	0	636
132	111	286	21	532	652	10	0	771	264
133	213	271	10	428	548	10	0	563	237
134	251	381	-20	1071	1191	10	391	0	213
135	322	242	-20	0	6150	10	798	0	280
136	390	52	10	1166	1286	10	0	667	522
137	26	70	-10	3685	3805	10	589	0	1776
138	300	132	10	603	723	10	0	593	301
139	342	384	-10	0	6047	10	684	0	577
140	357	160	-20	718	838	10	496	0	256
141	204	87	-20	0	6166	10	674	0	246
142	197	293	30	395	515	10	0	548	193
143	98	107	-10	3737	3857	10	590	0	382
144	400	109	-20	3389	3509	10	163	0	225
145	231	243	10	0	6226	10	0	201	459
146	84	221	-4	4412	4532	10	595	0	623
147	230	290	-9	489	609	10	368	0	122
148	397	261	-11	2339	2459	10	250	0	1113
149	222	283	20	324	444	0	0	806	179
150	247	377	-10	4862	4982	10	645	0	164
151	60	319	29	1021	1141	10	0	329	478
152	79	154	10	685	805	10	0	646	300
153	256	385	-30	2383	2503	10	454	0	335
154	140	40	-10	4060	4180	10	183	0	495
155	8	119	11	3354	3474	10	0	61	1632
156	208	274	30	321	441	10	0	275	183
157	84	293	-30	2224	2344	10	37	0	365
158	74	351	32	0	6083	10	0	792	2890
159	95	64	-3	713	833	10	351	0	315
160	329	236	-10	0	6146	10	362	0	500
161	248	286	35	374	494	10	0	377	197
162	234	243	20	526	646	10	0	283	295
163	244	109	20	433	553	10	0	144	225
164	340	388	-10	0	6045	10	689	0	426
165	161	233	30	0	6228	10	0	95	2982
166	125	95	10	817	937	10	0	585	403
167	351	199	-20	3168	3288	10	453	0	349
168	61	333	-30	1143	1263	10	691	0	446
169	146	324	-16	5646	5766	10	204	0	1017
170	372	104	-15	0	6083	10	770	0	590
171	381	144	18	1958	2078	10	0	514	892
172	394	299	-20	0	6062	10	112	0	2917
173	363	30	10	0	6044	10	0	294	433
174	358	23	-30	889	1009	10	222	0	274
175	220	238	12	112	232	10	0	652	94
176	97	105	-30	3774	3894	10	713	0	180
177	186	355	-20	563	683	10	582	0	209
178	391	42	44	0	6032	10	0	748	1540
179	48	326	20	854	974	10	0	540	388
180	74	87	9	5419	5539	10	0	284	2684
181	264	69	15	0	6134	10	0	106	2964
182	341	394	-30	1159	1279	10	229	0	122
183	128	95	10	999	1119	10	0	154	495
184	362	383	-24	0	6035	10	4	0	389
185	41	340	-20	0	6068	10	445	0	416
186	13	220	15	0	6091	10	0	403	382
187	85	61	20	0	6099	10	0	338	422
188	340	290	-10	1804	1924	10	397	0	591
189	396	106	-30	1081	1201	10	666	0	398
190	79	344	16	867	987	10	0	740	399
191	201	195	12	5	125	10	0	534	59
192	90	311	12	2674	2794	10	0	278	1318
193	207	185	-28	4881	5001	10	336	0	1917
194	92	255	-20	1696	1816	10	628	0	428
195	385	56	10	1014	1134	10	0	49	449
196	396	59	20	1283	1403	10	0	688	580
197	51	326	-10	802	922	10	76	0	171
198	169	352	7	0	6124	10	0	369	1544
199	230	139	-26	5191	5311	10	721	0	2320
200	286	44	-15	0	6101	10	601	0	381
201	286	308	-10	948	1068	10	145	0	459
202	339	69	-3	3863	3983	10	322	0	867
203	206	296	30	759	879	10	0	600	391
204	142	385	16	2109	2229	10	0	169	1017
205	370	57	-11	4474	4594	10	618	0	1033
206	35	79	-10	1690	1810	10	571	0	473
207	17	209	20	991	1111	10	0	125	463
208	128	68	10	841	961	10	0	12	405
209	145	165	-16	0	6214	10	84	0	2498
210	237	259	-15	4695	4815	10	292	0	1470
211	89	154	-10	890	1010	10	14	0	407
212	72	257	10	0	6139	10	0	556	1614
213	158	121	-20	4421	4541	10	78	0	507
214	323	243	20	888	1008	10	0	267	438
215	367	361	-10	1948	2068	10	228	0	484
216	165	126	-31	4969	5089	10	388	0	1724
217	45	85	-10	0	6086	10	435	0	302
218	137	68	25	0	6133	10	0	72	2983
219	310	143	20	0	6156	10	0	525	2976
220	18	100	20	812	932	10	0	715	362
221	201	6	-10	2341	2461	10	300	0	458
222	297	135	30	546	666	10	0	174	274
223	86	154	-10	795	915	10	720	0	307
224	374	175	-23	1376	1496	10	334	0	654
225	91	70	-14	1069	1189	10	286	0	504
226	166	357	-18	0	6119	10	605	0	1205
227	113	183	30	678	798	10	0	529	354
228	347	395	10	1094	1214	10	0	215	484
229	243	244	30	186	306	10	0	182	122
230	243	140	-23	5094	5214	10	462	0	1506
231	14	100	30	908	1028	10	0	18	408
232	393	312	30	1215	1335	10	0	502	555
233	92	384	-20	1612	1732	10	23	0	714
234	294	249	-10	1884	2004	10	755	0	184
235	195	91	20	0	6170	10	0	240	2982
236	235	212	20	221	341	10	0	297	152
237	350	271	-20	648	768	10	505	0	295
238	353	164	-20	656	776	10	584	0	211
239	262	233	-10	4438	4558	10	767	0	429
240	200	48	-20	0	6127	10	235	0	2982
241	214	119	5	0	6197	10	0	488	2936
242	234	37	-39	2049	2169	10	342	0	543
243	93	62	-13	806	926	10	367	0	369
244	234	73	-18	620	740	10	412	0	173
245	157	378	22	3665	3785	10	0	723	1800
246	194	43	-10	2898	3018	10	370	0	1171
247	268	223	20	0	6208	10	0	734	1749
248	355	156	20	776	896	10	0	442	367
249	248	124	19	2657	2777	10	0	422	1343
250	364	213	11	2313	2433	10	0	148	1113
251	371	253	-10	0	6100	10	315	0	362
252	31	353	20	892	1012	10	0	705	392
253	41	337	-10	2676	2796	10	596	0	612
254	209	167	17	77	197	10	0	459	81
255	352	303	-4	4289	4409	10	566	0	1374
256	53	326	20	0	6086	10	0	108	2240
257	388	106	9	1054	1174	10	0	476	481
258	21	104	-28	752	872	10	481	0	253
259	381	12	-20	2362	2482	10	70	0	1102
260	221	379	30	829	949	10	0	387	384
261	46	380	-23	1292	1412	10	128	0	498
262	192	332	31	1753	1873	10	0	274	870
263	343	359	26	0	6066	10	0	321	2070
264	320	211	6	422	542	10	0	102	210
265	34	355	-16	0	6052	10	641	0	216
266	338	106	8	0	6113	0	0	805	2973
267	397	283	-20	1647	1767	10	214	0	438
268	267	161	10	872	992	10	0	633	457
269	124	221	27	0	6201	10	0	515	281
270	310	340	11	0	6101	10	0	402	2941
271	270	106	30	480	600	10	0	398	241
272	243	104	-40	665	785	10	42	0	334
273	68	250	-20	2255	2375	10	114	0	281
274	213	305	-31	1960	2080	10	262	0	870
275	214	378	-30	654	774	10	156	0	183
276	287	279	4	4786	4906	0	0	802	2394
277	313	64	-10	0	6103	10	573	0	233
278	244	285	-12	5270	5390	10	192	0	1318
279	154	68	20	2955	3075	10	0	471	1467
280	14	53	12	3219	3339	10	0	795	1550
281	298	137	10	497	617	10	0	111	250
282	371	111	-10	997	1117	10	352	0	457
283	393	246	-20	2034	2154	10	162	0	295
284	118	122	-9	0	6166	10	180	0	2684
285	9	47	-1	0	6035	10	296	0	1968
286	171	168	14	0	6236	10	0	225	504
287	321	212	30	477	597	10	0	456	237
288	115	185	-10	0	6193	10	30	0	231
289	336	387	-30	0	6048	10	739	0	2869
290	357	202	-30	1997	2117	10	660	0	974
291	374	104	10	0	6081	10	0	475	2862
292	271	371	15	3007	3127	10	0	210	1470
293	291	398	-30	2124	2244	10	16	0	993
294	353	3	-10	1022	1142	10	173	0	433
295	74	213	-20	1738	1858	10	756	0	454
296	17	99	1	4026	4146	10	0	285	1968
297	253	316	-20	1682	1802	10	236	0	152
298	369	118	-16	4208	4328	10	83	0	1522
299	11	328	-10	3069	3189	10	704	0	201
300	126	70	10	946	1066	10	0	221	458
301	165	264	20	232	352	10	0	87	139
302	377	282	-11	0	6084	10	381	0	2928
303	73	292	8	702	822	0	0	803	332
304	174	326	8	3819	3939	10	0	34	1905
305	135	161	-19	5402	5522	10	418	0	1854
306	85	155	-10	750	870	10	746	0	332
307	360	23	20	0	6041	10	0	654	1021
308	20	91	-9	0	6069	10	421	0	337
309	72	253	20	494	614	10	0	519	237
310	87	155	10	841	961	10	0	65	419
311	134	63	10	638	758	10	0	620	302
312	349	275	-21	767	887	10	335	0	352
313	325	45	-28	2356	2476	10	348	0	1074
314	182	300	10	436	556	10	0	557	227
315	328	239	10	738	858	10	0	251	362
316	138	143	17	328	448	10	0	458	181
317	372	256	-10	1008	1128	10	57	0	388
318	57	381	22	0	6049	10	0	434	1270
319	162	251	21	194	314	10	0	508	125
320	183	301	20	0	6177	10	0	506	2926
321	381	375	-26	4286	4406	10	263	0	2070
322	389	171	3	1806	1926	10	0	202	867
323	179	305	-10	757	877	10	553	0	373
324	14	210	10	0	6093	10	0	789	497
325	290	311	-30	749	869	10	692	0	358
326	345	158	-10	1001	1121	10	610	0	380
327	200	83	10	0	6162	0	0	807	3022
328	342	154	-30	0	6130	10	60	0	2963
329	18	294	-29	0	6075	10	151	0	478
330	156	4	25	842	962	10	0	552	380
331	247	212	-33	0	6231	10	570	0	1038
332	93	149	-33	414	534	10	541	0	202
333	299	399	-13	3094	3214	10	797	0	767
334	369	171	23	0	6108	10	0	224	654
335	246	247	21	0	6214	10	0	312	352
336	356	223	28	3872	3992	10	0	193	1917
337	266	116	-20	753	873	10	728	0	371
338	39	34	-20	969	1089	10	187	0	422
339	51	205	26	4864	4984	10	0	477	2417
340	180	387	-20	0	6091	10	716	0	366
341	203	88	30	388	508	10	0	719	197
342	173	72	39	1097	1217	10	0	242	543
343	129	85	-20	611	731	10	393	0	238
344	45	291	-20	854	974	10	62	0	315
345	294	311	-20	651	771	10	103	0	261
346	305	198	20	360	480	10	0	639	187
347	338	391	-10	1216	1336	10	700	0	540
348	349	135	28	2191	2311	10	0	313	1074
349	237	213	20	492	612	10	0	472	286
350	82	360	10	1040	1160	10	0	624	480
351	102	84	3	662	782	10	0	159	315
352	300	144	10	967	1087	10	0	282	457
353	236	38	38	1731	1851	10	0	79	842
354	278	159	-13	0	6191	10	484	0	3006
355	344	280	20	0	6115	10	0	22	2252
356	149	234	-20	0	6218	10	661	0	3035
357	320	373	-20	0	6069	10	665	0	705
358	109	252	-20	596	716	10	671	0	189
359	218	134	-12	5099	5219	10	578	0	788
360	184	282	19	274	394	10	0	599	155
361	32	78	-30	2594	2714	10	38	0	536
362	395	310	10	1104	1224	10	0	160	500
363	19	206	-20	1086	1206	10	565	0	507
364	243	275	-20	3678	3798	10	450	0	1840
365	175	192	-23	3696	3816	10	778	0	120
366	299	227	25	392	512	10	0	588	204
367	159	164	13	0	6225	10	0	243	369
368	215	260	9	187	307	10	0	147	122
369	163	364	-7	3148	3268	10	198	0	1544
370	208	20	10	2404	2524	10	0	246	1171
371	97	387	-20	2245	2365	10	538	0	518
372	294	13	26	2347	2467	10	0	510	1128
373	108	250	-20	0	6175	10	727	0	442
374	389	306	-20	1325	1445	10	760	0	401
375	262	30	-20	664	784	10	407	0	289
376	334	92	29	1774	1894	10	0	25	860
377	279	337	-35	0	6121	10	161	0	197
378	3	15	20	4406	4526	10	0	8	2127
379	210	271	20	267	387	10	0	706	157
380	256	145	-4	4575	4695	10	483	0	2256
381	387	267	11	0	6081	10	0	302	2928
382	8	285	-20	1293	1413	10	446	0	230
383	83	357	10	0	6084	10	0	762	540
384	267	295	20	2925	3045	10	0	745	1464
385	279	262	19	342	462	10	0	768	180
386	238	101	-20	729	849	10	522	0	306
387	219	377	-30	880	1000	10	260	0	384
388	126	90	31	3462	3582	10	0	216	1724
389	129	67	30	795	915	10	0	390	382
390	166	115	-30	4995	5115	10	389	0	382
391	238	250	20	369	489	10	0	134	213
392	246	244	-23	2715	2835	10	118	0	1306
393	131	95	20	483	603	10	0	343	238
394	115	257	10	484	604	10	0	793	250
395	243	106	10	574	694	10	0	546	295
396	202	158	-18	0	6237	10	48	0	2671
397	389	307	10	1281	1401	10	0	188	591
398	237	109	-30	841	961	10	271	0	241
399	117	148	-20	0	6182	10	119	0	2930
400	180	375	10	645	765	10	0	124	294
401	276	157	-13	0	6192	10	480	0	149
402	303	358	-11	0	6091	10	270	0	2941
403	17	96	-15	968	1088	10	186	0	382
404	173	381	-10	1151	1271	10	650	0	413
405	70	81	-10	0	6103	10	409	0	352
406	46	197	-26	0	6125	10	775	0	1587
407	206	81	20	597	717	10	0	375	289
408	348	343	12	1359	1479	10	0	131	636
409	95	63	10	757	877	10	0	405	352
410	324	216	20	537	657	10	0	751	265
411	265	127	35	331	451	10	0	542	176
412	196	138	18	290	410	10	0	244	173
413	26	260	16	2517	2637	10	0	602	1226
414	384	307	-20	1519	1639	10	651	0	408
415	23	317	10	1815	1935	10	0	753	861
416	204	292	10	817	937	10	0	790	422
417	321	287	12	2363	2483	10	0	742	1166
418	56	97	19	3766	3886	10	0	305	1854
419	70	264	30	827	947	10	0	501	401
420	152	240	30	0	6217	10	0	521	219
421	0	155	9	760	880	10	0	308	337
422	317	68	-19	4641	4761	10	249	0	1343
423	395	167	-20	3920	4040	10	763	0	433
424	289	306	-10	853	973	10	71	0	376
425	75	367	10	960	1080	10	0	555	435
426	353	276	10	711	831	10	0	765	330
427	183	71	-19	3059	3179	10	725	0	185
428	312	200	30	622	742	10	0	17	315
429	49	222	-1	0	6127	10	629	0	2931
430	297	137	18	0	6164	10	0	512	426
431	200	89	-4	0	6168	10	659	0	1301
432	242	113	10	375	495	10	0	536	199
433	341	33	-17	0	6061	10	612	0	631
434	55	341	-22	2702	2822	10	318	0	1270
435	99	67	10	653	773	10	0	217	302
436	236	243	-10	478	598	10	784	0	229
437	229	209	20	61	181	10	0	561	75
438	93	59	20	858	978	10	0	50	361
439	143	159	-30	0	6209	10	487	0	2953
440	267	112	-20	653	773	10	2	0	250
441	196	295	20	0	6184	10	0	686	367
442	334	100	-20	0	6112	10	248	0	367
443	122	183	-35	0	6200	10	581	0	644
444	225	53	-26	4329	4449	10	643	0	854
445	28	353	20	944	1064	10	0	185	416
446	158	239	20	399	519	10	0	382	230
447	392	307	-30	1006	1126	10	73	0	102
448	13	59	13	2237	2357	10	0	468	1061
449	127	90	20	715	835	10	0	452	351
450	221	281	20	0	6196	10	0	364	1840
451	326	374	-23	0	6065	10	517	0	1250
452	178	103	-20	2470	2590	10	449	0	351
453	376	251	20	763	883	10	0	167	349
454	293	310	30	696	816	10	0	153	335
455	386	60	30	1363	1483	10	0	7	625
456	300	272	-30	2772	2892	10	287	0	237
457	243	209	-7	5516	5636	10	731	0	1848
458	102	67	-17	601	721	10	316	0	181
459	285	107	-17	2002	2122	10	254	0	81
460	82	365	-20	846	966	10	559	0	356
461	5	344	-10	5037	5157	10	88	0	528
462	366	97	23	3088	3208	10	0	230	1506
463	220	283	10	0	6194	10	0	10	411
464	79	95	22	4903	5023	0	0	809	2431
465	369	100	30	808	928	10	0	587	365
466	371	244	20	646	766	10	0	780	294
467	366	340	-10	2861	2981	10	109	0	655
468	85	128	-13	5151	5271	10	448	0	1061
469	231	6	-10	2804	2924	10	122	0	270
470	330	313	27	629	749	10	0	724	288
471	202	85	-20	0	6164	10	279	0	1467
472	236	204	-20	618	738	10	349	0	286
473	220	381	20	721	841	10	0	626	329
474	206	286	-10	1945	2065	10	39	0	442
475	274	7	-10	0	6073	10	291	0	2862
476	369	211	-9	1851	1971	10	257	0	481
477	126	208	-26	5478	5598	10	339	0	2417
478	134	62	20	594	714	10	0	574	280
479	67	318	15	0	6102	10	0	627	1804
480	232	127	13	259	379	10	0	401	149
481	96	209	28	492	612	10	0	258	253
482	146	301	-20	1412	1532	10	744	0	298
483	308	178	4	0	6169	10	0	380	2256
484	294	118	13	0	6155	10	0	354	3006
485	280	224	20	0	6196	10	0	785	2998
486	241	275	18	2784	2904	0	0	808	1409
487	82	65	30	0	6100	10	0	439	2953
488	159	11	-5	0	6086	10	241	0	2936
489	300	64	-11	4628	4748	10	709	0	2279
490	22	96	10	1068	1188	0	0	810	490
491	334	186	1	623	743	10	0	121	276
492	310	200	30	670	790	10	0	591	340
493	52	331	10	1014	1134	10	0	58	468
494	25	256	-20	0	6096	10	93	0	178
495	210	268	30	0	6211	10	0	53	2911
496	310	196	20	503	623	10	0	140	256
497	183	375	-20	697	817	10	669	0	272
498	194	65	16	1545	1665	10	0	115	764
499	366	251	-10	1125	1245	10	15	0	409
500	285	184	9	0	6193	10	0	708	3019
501	160	313	-30	3435	3555	10	419	0	401
502	349	324	-30	2153	2273	10	232	0	555
503	225	288	20	428	548	10	0	619	228
504	124	69	10	897	1017	10	0	550	432
505	349	272	20	0	6114	10	0	237	295
506	87	365	-20	0	6080	10	320	0	2926
507	240	210	10	549	669	10	0	690	313
508	40	380	-21	944	1064	10	319	0	125
509	276	116	50	393	513	10	0	28	199
510	280	5	-26	4064	4184	10	372	0	1128
511	20	204	20	742	862	10	0	36	340
512	301	139	-18	863	983	10	430	0	426
513	195	294	10	485	605	10	0	759	255
514	377	144	-18	1869	1989	10	171	0	892
515	34	242	-27	625	745	10	269	0	281
516	324	217	30	581	701	10	0	635	287
517	348	371	23	2608	2728	10	0	451	1250
518	70	256	-10	989	1109	10	681	0	430
519	48	304	-20	919	1039	10	309	0	237
520	41	378	20	895	1015	10	0	592	388
521	114	254	-30	431	551	10	420	0	219
522	264	112	20	601	721	10	0	386	306
523	244	176	24	0	6229	10	0	586	557
524	349	181	1	1156	1276	10	0	776	558
525	346	163	-20	0	6129	10	219	0	2976
526	52	334	-20	0	6080	10	99	0	146
527	53	51	18	938	1058	10	0	680	424
528	177	174	10	79	199	10	0	609	82
529	114	178	-30	830	950	10	227	0	354
530	367	255	20	1069	1189	10	0	791	506
531	19	61	-20	0	6051	10	782	0	2903
532	273	118	34	422	542	10	0	717	210
533	84	359	20	1132	1252	10	0	92	527
534	244	114	-12	326	446	10	191	0	59
535	321	144	-10	0	6146	10	747	0	473
536	384	53	-10	0	6044	10	432	0	199
537	29	250	-10	970	1090	10	69	0	375
538	172	383	20	1102	1222	10	0	371	518
539	84	360	-10	1088	1208	10	703	0	316
540	28	246	-20	0	6101	10	179	0	388
541	107	159	33	0	6178	10	0	332	202
542	319	160	-35	671	791	10	411	0	176
543	230	241	10	627	747	10	0	663	348
544	32	352	30	846	966	10	0	718	369
545	32	357	-20	1135	1255	10	606	0	506
546	237	108	-10	797	917	10	395	0	295
547	162	94	-15	0	6167	10	615	0	2400
548	185	299	-30	384	504	10	142	0	193
549	110	188	10	440	560	10	0	614	234
550	259	4	-10	2423	2543	10	504	0	432
551	34	385	20	1104	1224	10	0	617	487
552	156	32	-25	0	6106	10	330	0	380
553	201	297	10	0	6182	10	0	323	373
554	311	344	-20	749	869	10	89	0	234
555	174	329	-10	2800	2920	10	425	0	435
556	119	286	-10	3314	3434	10	212	0	1614
557	179	383	-10	0	6095	10	314	0	227
558	26	250	30	795	915	10	0	45	366
559	84	363	20	794	914	10	0	460	356
560	6	20	-23	0	6015	10	772	0	111
561	373	253	-20	908	1028	10	437	0	75
562	184	233	-8	0	6243	10	31	0	2938
563	177	300	-10	819	939	10	133	0	237
564	88	121	-10	2272	2392	10	774	0	258
565	22	205	20	0	6101	10	0	363	507
566	306	361	4	2821	2941	10	0	255	1374
567	87	164	11	2647	2767	10	0	687	1324
568	123	176	6	4679	4799	0	0	804	2359
569	131	275	-22	2115	2235	10	653	0	987
570	315	237	33	2078	2198	10	0	331	1038
571	85	67	10	1002	1122	10	0	206	473
572	197	300	10	639	759	10	0	54	329
573	308	196	10	455	575	10	0	277	233
574	114	88	-20	2698	2818	10	478	0	280
575	87	153	20	613	733	10	0	21	305
576	21	201	-20	795	915	10	9	0	281
577	137	64	30	0	6130	10	0	51	345
578	361	194	12	1619	1739	10	0	359	788
579	115	51	-10	3392	3512	10	616	0	212
580	24	96	10	0	6075	10	0	117	616
581	2	200	35	1366	1486	10	0	443	644
582	211	274	20	373	493	10	0	177	209
583	102	149	-20	2028	2148	10	26	0	458
584	307	196	20	411	531	10	0	238	211
585	127	87	-10	0	6145	10	166	0	403
586	302	274	-24	1168	1288	10	523	0	557
587	383	53	-30	919	1039	10	465	0	365
588	376	254	-25	815	935	10	366	0	204
589	15	100	10	0	6069	10	0	137	1776
590	111	179	10	736	856	10	0	143	382
591	308	204	-30	728	848	10	492	0	340
592	85	358	-20	1230	1350	10	520	0	388
593	391	54	-10	0	6039	10	138	0	301
594	385	55	-29	970	1090	10	668	0	237
595	65	335	4	1318	1438	10	0	146	623
596	46	378	10	1340	1460	10	0	253	612
597	310	363	-12	4237	4357	10	43	0	2052
598	217	286	-10	752	872	10	697	0	271
599	33	247	-19	1079	1199	10	360	0	155
600	88	150	-30	0	6157	10	203	0	391
601	397	73	15	878	998	10	0	200	381
602	70	231	-16	4388	4508	10	413	0	1226
603	72	315	11	2726	2846	10	0	657	1336
604	131	67	-15	0	6130	10	32	0	108
605	117	381	18	2490	2610	10	0	226	1205
606	31	357	20	0	6049	10	0	545	506
607	299	351	-20	662	782	10	675	0	285
608	393	297	20	804	924	10	0	707	333
609	102	118	-10	0	6152	10	528	0	82
610	273	160	10	724	844	10	0	326	380
611	350	131	-20	0	6114	10	127	0	521
612	364	55	17	1361	1481	10	0	433	631
613	47	328	50	903	1023	10	0	800	411
614	109	186	-10	535	655	10	549	0	234
615	143	20	15	4870	4990	10	0	547	2400
616	134	98	10	426	546	10	0	579	212
617	42	384	-20	1229	1349	10	551	0	487
618	255	80	11	2079	2199	10	0	205	1033
619	52	194	-20	2195	2315	10	503	0	228
620	128	93	-10	911	1031	10	311	0	302
621	50	385	31	3292	3412	10	0	56	1586
622	386	57	10	1060	1180	10	0	638	472
623	86	112	17	2850	2970	10	0	726	1412
624	26	275	-10	4526	4646	10	350	0	480
625	40	336	-50	4821	4941	10	19	0	2307
626	135	384	-20	976	1096	10	473	0	329
627	52	301	-15	3699	3819	10	479	0	1804
628	68	261	20	882	1002	10	0	194	428
629	36	288	1	0	6093	10	0	429	2931
630	375	294	2	2412	2532	10	0	676	1154
631	220	288	-20	648	768	10	94	0	301
632	186	304	10	583	703	10	0	794	299
633	369	106	-10	1071	1191	10	268	0	457
634	96	69	-10	0	6112	10	685	0	263
635	321	217	-30	633	753	10	516	0	287
636	177	77	13	3195	3315	10	0	679	1594
637	320	216	20	0	6158	10	0	695	512
638	246	47	-10	4483	4603	10	622	0	472
639	350	207	-20	1511	1631	10	346	0	187
640	279	247	-10	0	6188	10	656	0	404
641	153	315	16	437	557	10	0	265	216
642	68	386	16	1238	1358	10	0	664	564
643	399	179	26	1790	1910	10	0	444	854
644	297	240	-20	0	6175	10	27	0	458
645	199	290	10	300	420	10	0	150	164
646	21	204	-10	698	818	10	152	0	300
647	362	28	10	0	6043	10	0	47	400
648	353	65	-20	1223	1343	10	754	0	549
649	24	57	-21	847	967	10	758	0	256
650	75	368	10	916	1036	10	0	404	413
651	393	305	20	916	1036	10	0	414	408
652	239	254	-12	313	433	10	175	0	94
653	146	320	22	1987	2107	10	0	569	987
654	369	6	-20	2190	2310	10	307	0	1021
655	277	154	20	491	611	10	0	120	260
656	304	141	10	808	928	10	0	640	404
657	205	372	-11	3557	3677	10	603	0	1336
658	339	3	-20	3211	3331	10	100	0	455
659	254	0	4	2691	2811	10	0	431	1301
660	321	209	30	0	6158	10	0	290	974
661	114	250	20	0	6180	10	0	356	3035
662	318	219	20	0	6160	10	0	702	398
663	209	283	-10	2469	2589	10	543	0	348
664	48	358	-16	0	6060	10	642	0	564
665	339	384	20	1521	1641	10	0	357	705
666	351	153	30	836	956	10	0	189	398
667	377	29	-10	2986	3106	10	136	0	522
668	317	183	29	474	594	10	0	594	237
669	183	303	20	530	650	10	0	497	272
670	299	308	-36	0	6133	10	113	0	897
671	197	292	20	351	471	10	0	358	189
672	370	98	20	857	977	10	0	20	389
673	188	67	-7	0	6146	10	85	0	2948
674	207	87	20	486	606	10	0	141	246
675	295	307	20	594	714	10	0	607	285
676	325	311	-2	2450	2570	10	630	0	1154
677	228	96	37	1289	1409	10	0	769	650
678	368	215	15	0	6111	10	0	682	1192
679	208	86	-13	3831	3951	10	636	0	1594
680	75	76	-18	1315	1435	10	527	0	424
681	27	251	10	921	1041	10	0	518	430
682	308	314	-15	2559	2679	10	678	0	1192
683	217	289	-40	700	820	10	752	0	325
684	337	388	10	1268	1388	10	0	139	577
685	133	94	10	532	652	10	0	634	263
686	91	388	-20	860	980	10	441	0	367
687	87	147	-11	3498	3618	10	567	0	1324
688	389	54	-20	0	6041	10	196	0	580
689	185	386	10	920	1040	10	0	164	426
690	234	212	-10	0	6243	10	507	0	313
691	53	330	30	969	1089	10	0	168	446
692	237	247	30	0	6220	10	0	325	358
693	369	19	10	1101	1221	10	0	107	486
694	346	385	10	923	1043	10	0	743	403
695	397	313	-20	1159	1279	10	637	0	512
696	355	41	-8	3356	3476	10	750	0	1591
697	211	266	10	489	609	10	0	598	271
698	8	363	-10	3517	3637	10	66	0	1312
699	59	89	-20	3078	3198	10	733	0	472
700	344	391	10	0	6040	10	0	347	540
701	242	105	-10	620	740	10	129	0	281
702	327	242	-20	831	951	10	662	0	398
703	55	324	10	703	823	10	0	539	316
704	114	252	10	383	503	10	0	299	201
705	29	355	-20	993	1113	10	252	0	392
706	102	377	-20	3937	4057	10	379	0	157
707	345	382	-20	871	991	10	608	0	333
708	313	194	-9	0	6166	10	500	0	3019
709	285	136	11	0	6173	10	0	489	2279
710	272	154	20	378	498	10	0	67	206
711	379	254	3	1157	1277	10	0	729	545
712	22	210	-20	1146	1266	10	732	0	366
713	117	187	30	325	445	10	0	176	180
714	157	220	20	5505	5625	0	0	801	2788
715	21	96	-20	1024	1144	10	220	0	362
716	182	379	20	793	913	10	0	340	366
717	298	138	-34	453	573	10	532	0	210
718	28	356	-30	0	6047	10	544	0	369
719	130	70	-30	1002	1122	10	341	0	197
720	111	184	10	586	706	10	0	223	307
721	319	113	26	4669	4789	10	0	199	2320
722	347	385	20	967	1087	10	0	730	411
723	220	337	-22	0	6141	10	245	0	1800
724	344	283	-27	0	6113	10	470	0	288
725	217	98	19	354	474	10	0	427	185
726	76	90	-17	2987	3107	10	623	0	1412
727	175	299	20	868	988	10	0	373	442
728	270	151	20	0	6194	10	0	337	371
729	398	258	-3	2392	2512	10	711	0	545
730	344	321	-20	1014	1134	10	722	0	411
731	266	234	7	3652	3772	10	0	457	1848
732	49	187	20	765	885	10	0	712	366
733	92	155	20	942	1062	10	0	699	472
734	344	236	-20	3537	3657	10	247	0	1749
735	226	52	17	1981	2101	10	0	738	963
736	183	294	20	0	6184	10	0	97	2957
737	237	243	9	0	6223	10	0	130	145
738	184	69	-17	2013	2133	10	735	0	963
739	222	383	30	0	6095	10	0	289	2869
740	21	255	-16	3042	3162	10	190	0	399
741	390	357	-21	4165	4285	10	786	0	1398
742	272	161	-12	0	6198	10	417	0	1166
743	371	349	-10	1051	1171	10	694	0	403
744	220	296	20	576	696	10	0	482	298
745	184	235	-20	4495	4615	10	384	0	1464
746	113	184	10	634	754	10	0	306	332
747	370	104	10	1022	1142	10	0	535	473
748	273	182	-44	3402	3522	10	178	0	1540
749	382	54	-20	873	993	10	777	0	342
750	379	126	8	0	6086	10	0	696	1591
751	327	241	-20	787	907	10	410	0	265
752	189	306	40	637	757	10	0	683	325
753	26	326	-10	2531	2651	10	415	0	861
754	367	104	20	0	6087	10	0	648	549
755	271	154	10	334	454	10	0	234	184
756	67	258	20	934	1054	10	0	295	454
757	86	357	10	1275	1395	10	0	44	600
758	107	98	21	532	652	10	0	649	256
759	66	254	-10	0	6135	10	513	0	255
760	374	253	20	864	984	10	0	374	401
761	228	341	13	4029	4149	10	0	5	1993
762	60	328	-10	1203	1323	10	383	0	540
763	268	160	20	826	946	10	0	423	433
764	201	255	16	0	6224	10	0	82	2469
765	397	362	-10	0	6024	10	426	0	330
766	236	210	30	172	292	10	0	46	127
767	349	157	10	894	1014	10	0	239	429
768	348	319	-19	1325	1445	10	385	0	180
769	186	75	-37	3119	3239	10	677	0	650
770	327	115	15	1214	1334	10	0	170	590
771	77	319	-21	0	6108	10	132	0	264
772	147	210	23	156	276	10	0	560	111
773	195	148	19	0	6227	10	0	98	2979
774	108	186	10	491	611	10	0	564	258
775	26	199	26	3230	3350	10	0	406	1587
776	305	255	-1	1244	1364	10	524	0	558
777	368	102	20	759	879	10	0	749	342
778	146	174	23	180	300	10	0	365	120
779	319	217	10	725	845	10	0	110	362
780	335	202	-20	3317	3437	10	466	0	294
781	128	94	-20	955	1075	10	35	0	334
782	82	78	20	0	6110	10	0	531	2903
783	92	68	19	2881	3001	10	0	63	1415
784	231	219	10	376	496	10	0	436	229
785	309	274	-20	0	6148	10	485	0	2998
786	336	386	21	2908	3028	10	0	741	1398
787	324	194	-20	4264	4384	10	59	0	429
788	174	387	-10	0	6091	10	29	0	200
789	24	93	-10	1188	1308	10	324	0	497
790	107	247	-10	0	6175	10	416	0	422
791	291	308	-20	0	6138	10	530	0	506
792	13	322	-32	0	6056	10	158	0	2890
793	68	254	-10	551	671	10	394	0	250
794	142	379	-10	0	6091	10	632	0	299
795	43	121	-12	3940	4060	10	280	0	1550
796	329	241	20	625	745	10	0	6	304
797	260	352	13	1579	1699	10	0	333	767
798	328	243	20	576	696	10	0	135	280
799	384	64	-19	4263	4383	10	24	0	2064
800	80	365	-50	1798	1918	10	613	0	411
801	157	220	-20	5505	5625	10	714	0	2788
802	287	279	-4	4786	4906	10	276	0	2394
803	73	292	-8	702	822	10	303	0	332
804	123	176	-6	4679	4799	10	568	0	2359
805	338	106	-8	0	6113	10	266	0	2973
806	222	283	-20	324	444	10	149	0	179
807	200	83	-10	0	6162	10	327	0	3022
808	241	275	-18	2784	2904	10	486	0	1409
809	79	95	-22	4903	5023	10	464	0	2431
810	22	96	-10	1068	1188	10	490	0	490

