200	1000	1
0	200	200	0	0	6289	0	0	0
1	244	56	-17	2225	3190	10	612	0	1078
2	245	106	20	333	758	10	0	115	490
3	233	214	10	40	708	10	0	52	456
4	395	340	24	778	1143	10	0	228	677
5	229	371	-30	4002	4220	10	544	0	604
6	384	248	-20	721	1174	10	102	0	487
7	277	163	10	432	1016	10	0	469	697
8	52	94	-20	4320	4934	10	458	0	495
9	89	152	20	415	833	10	0	310	534
10	218	284	20	730	993	10	0	200	680
11	340	276	-20	3318	3744	10	447	0	830
12	206	106	33	982	1443	10	0	498	1011
13	375	247	10	690	843	10	0	768	496
14	113	179	-30	626	1062	10	420	0	408
15	348	280	10	827	1028	10	0	374	644
16	223	372	30	702	1310	10	0	716	743
17	361	287	-20	754	1410	10	453	0	731
18	6	62	23	3405	3891	10	0	464	2739
19	37	397	-9	3118	3602	10	253	0	2092
20	364	27	20	1028	1533	10	0	488	970
21	14	201	10	773	1073	10	0	625	665
22	325	294	-11	4420	4866	10	381	0	2818
23	41	382	20	821	1284	10	0	192	781
24	325	130	-12	4003	4423	10	611	0	2456
25	384	47	31	4188	4662	10	0	380	3317
26	116	181	20	743	1146	10	0	34	794
27	346	155	20	771	1247	10	0	524	820
28	359	30	20	1268	1600	10	0	782	1025
29	222	284	10	188	667	10	0	572	435
30	91	150	10	375	672	10	0	350	414
31	140	387	8	619	1048	10	0	124	638
32	176	154	15	51	725	10	0	789	504
33	352	383	16	3049	3454	10	0	226	2412
34	213	332	-20	2493	3368	10	26	0	794
35	133	68	20	517	1000	10	0	619	638
36	151	188	18	50	538	10	0	344	365
37	105	250	30	419	1139	10	0	474	773
38	94	70	30	799	1563	10	0	295	1046
39	287	307	10	638	1286	10	0	234	861
40	267	321	-20	2377	2809	10	214	0	715
41	220	71	-13	2584	2947	10	480	0	397
42	244	106	40	388	791	10	0	141	407
43	338	290	12	2436	2886	10	0	748	2040
44	5	345	-10	4634	5171	10	66	0	2020
45	145	301	8	230	691	10	0	704	399
46	393	301	-35	745	1095	10	161	0	412
47	359	23	-10	694	1293	10	122	0	548
48	196	107	-18	4976	5778	10	638	0	3470
49	348	41	-30	2593	2788	10	455	0	1110
50	59	51	14	603	1164	10	0	403	671
51	126	91	30	573	1067	10	0	183	701
52	234	214	-10	343	656	10	3	0	456
53	108	395	12	2156	2544	0	0	802	1746
54	186	306	-9	638	860	10	368	0	208
55	125	122	15	143	866	10	0	119	568
56	12	368	-50	2815	3476	10	613	0	756
57	348	279	10	701	1067	10	0	355	674
58	26	247	-10	492	1113	10	513	0	476
59	393	306	-26	842	1198	10	554	0	684
60	268	114	-35	687	836	10	411	0	476
61	2	17	-30	850	1425	10	231	0	671
62	62	258	-20	514	928	10	671	0	488
63	186	145	-30	5737	6223	10	389	0	719
64	338	315	-20	3560	4178	10	317	0	837
65	66	118	-15	1882	2754	10	564	0	1668
66	68	378	10	2657	2916	10	0	44	2020
67	294	136	-20	271	638	10	728	0	385
68	73	126	38	1608	1868	10	0	155	1290
69	68	263	-20	552	1124	10	793	0	527
70	302	136	-20	434	1007	10	710	0	567
71	234	203	10	464	990	10	0	516	575
72	127	94	-20	723	1128	10	393	0	481
73	233	208	30	33	566	10	0	723	399
74	210	1	-20	3936	4180	10	235	0	758
75	102	252	10	445	1003	10	0	628	669
76	152	237	10	95	591	10	0	306	397
77	2	3	-21	2893	3580	10	758	0	419
78	92	162	-10	790	1351	10	720	0	559
79	177	55	17	2759	3405	10	0	85	2443
80	193	29	-12	2840	3335	10	242	0	1634
81	105	360	-15	2940	3464	10	519	0	870
82	193	216	-11	4879	5088	10	210	0	3653
83	338	150	16	2794	3470	10	0	462	2308
84	68	143	-15	4812	5349	10	615	0	3745
85	180	15	-17	3316	3802	10	79	0	2443
86	182	378	10	438	1180	10	0	788	750
87	39	384	-15	1018	1189	10	479	0	697
88	43	386	10	1013	1468	10	0	551	855
89	291	301	20	135	1067	10	0	538	698
90	32	251	-30	889	1276	10	646	0	617
91	246	298	-22	3413	4355	10	245	0	2750
92	32	229	-26	4004	4551	10	775	0	2526
93	116	252	20	178	613	10	0	114	385
94	198	295	-20	445	833	10	727	0	523
95	63	262	-10	588	967	10	212	0	604
96	119	179	-10	708	1289	10	614	0	514
97	174	375	-12	1021	1637	10	640	0	340
98	199	45	26	2928	3509	10	0	552	2301
99	150	236	20	61	731	10	0	549	370
100	363	24	-8	887	1292	10	375	0	468
101	393	307	-10	999	1220	10	397	0	741
102	331	251	20	334	790	10	0	6	487
103	293	306	20	366	844	10	0	325	527
104	18	102	-10	705	1272	10	490	0	786
105	196	293	20	275	724	10	0	441	473
106	299	141	-10	769	1179	10	598	0	686
107	364	25	40	851	1614	10	0	286	1030
108	41	183	-19	4496	5042	10	360	0	365
109	342	385	-20	1262	1708	10	651	0	755
110	302	203	30	799	906	10	0	134	602
111	212	197	-10	3216	3734	10	689	0	835
112	384	294	-30	2108	2468	10	251	0	811
113	381	290	36	1558	2315	10	0	734	1584
114	110	254	-20	299	915	10	93	0	385
115	196	51	-20	1739	2619	10	2	0	490
116	264	341	-10	3942	4504	10	700	0	756
117	23	98	-20	1069	1711	10	438	0	707
118	278	265	-10	2393	2916	10	404	0	832
119	23	97	-15	1015	1677	10	55	0	568
120	281	155	-24	435	781	10	523	0	272
121	352	162	10	462	872	10	0	578	536
122	209	85	10	347	847	10	0	47	548
123	15	4	18	2605	3111	10	0	568	2131
124	177	379	-8	1024	1515	10	31	0	638
125	18	208	20	829	1364	10	0	217	886
126	343	322	-12	3024	3588	10	729	0	1849
127	369	107	-20	860	1491	10	437	0	394
128	31	360	23	921	1418	10	0	657	888
129	263	110	10	445	780	10	0	327	502
130	240	246	-10	60	876	10	145	0	602
131	380	339	-20	2763	3288	10	722	0	828
132	111	286	-20	320	864	10	301	0	459
133	213	271	10	306	669	10	0	352	447
134	251	381	-30	1033	1229	10	110	0	602
135	322	242	10	797	1190	10	0	570	795
136	390	52	-30	1004	1448	10	666	0	746
137	26	70	-1	3575	3914	10	296	0	2748
138	300	132	-20	261	1064	10	717	0	540
139	342	384	10	1309	1749	10	0	321	1137
140	357	160	20	360	1197	10	0	334	569
141	204	87	-40	286	701	10	42	0	407
142	197	293	30	190	721	10	0	339	470
143	98	107	-9	3496	4099	10	405	0	2681
144	400	109	-30	3310	3588	10	512	0	829
145	231	243	10	362	915	10	0	130	602
146	84	221	22	4171	4773	0	0	803	3491
147	230	290	20	361	738	10	0	752	482
148	397	261	16	2221	2576	10	0	255	1777
149	222	283	20	151	617	10	0	773	398
150	247	377	-20	4783	5061	10	182	0	942
151	60	319	29	849	1312	10	0	539	846
152	79	154	-23	385	1106	10	778	0	410
153	256	385	-22	2373	2512	10	357	0	1669
154	140	40	27	4053	4188	10	0	468	3012
155	8	119	-38	3218	3611	10	68	0	1290
156	208	274	30	94	669	10	0	503	445
157	84	293	-20	2129	2439	10	559	0	703
158	74	351	32	3598	4199	10	0	629	2947
159	95	64	20	171	1382	10	0	409	646
160	329	236	-30	571	919	10	591	0	571
161	248	286	35	220	649	10	0	46	412
162	234	243	20	369	803	10	0	436	561
163	244	109	20	319	667	10	0	725	424
164	340	388	-10	1239	1622	10	684	0	1032
165	161	233	30	230	823	10	0	446	522
166	125	95	10	533	1220	10	0	783	818
167	351	199	-23	2931	3526	10	514	0	1531
168	61	333	10	1001	1404	10	0	383	908
169	146	324	-15	5576	5836	10	292	0	2318
170	372	104	20	699	1369	10	0	298	879
171	381	144	-10	1734	2303	10	354	0	547
172	394	299	-14	3167	3303	10	283	0	1559
173	363	30	10	1141	1616	10	0	770	841
174	358	23	20	722	1176	10	0	636	704
175	220	238	12	42	503	10	0	683	345
176	97	105	-20	3562	4107	10	712	0	873
177	186	355	-10	380	866	10	345	0	445
178	391	42	-18	3798	4034	10	189	0	925
179	48	326	-19	627	1201	10	562	0	495
180	74	87	-17	5168	5790	10	459	0	1628
181	264	69	15	2498	2945	10	0	388	2099
182	341	394	20	940	1497	10	0	150	942
183	128	95	-30	810	1309	10	51	0	701
184	362	383	-10	838	1327	10	362	0	759
185	41	340	26	3157	3863	10	0	624	2738
186	13	220	15	3993	4648	10	0	429	3344
187	85	61	20	577	867	10	0	589	514
188	340	290	-7	1632	2096	10	198	0	929
189	396	106	18	830	1452	10	0	178	925
190	79	344	16	575	1279	10	0	204	818
191	201	195	12	5	280	10	0	395	206
192	90	311	-20	2475	2994	10	23	0	781
193	207	185	-14	4651	5231	10	199	0	3826
194	92	255	-10	1667	1845	10	211	0	741
195	385	56	-29	791	1357	10	668	0	693
196	396	59	20	1111	1576	10	0	667	1000
197	51	326	10	760	965	10	0	318	577
198	169	352	7	718	1394	10	0	188	929
199	230	139	14	4832	5670	10	0	193	3826
200	286	44	-20	2157	2490	10	10	0	680
201	286	308	10	879	1136	10	0	776	748
202	339	69	26	3514	4331	10	0	535	3104
203	206	296	30	583	1056	10	0	543	604
204	142	385	-16	1925	2413	10	190	0	818
205	370	57	10	4360	4708	10	0	709	3272
206	35	79	22	1500	2000	10	0	531	1346
207	17	209	20	750	1352	10	0	406	876
208	128	68	-10	810	991	10	311	0	542
209	145	165	13	88	434	10	0	545	276
210	237	259	11	4568	4941	10	0	82	3653
211	89	154	10	790	1109	10	0	194	741
212	72	257	10	870	1325	10	0	95	604
213	158	121	17	4307	4656	10	0	216	3424
214	323	243	20	812	1084	10	0	40	715
215	367	361	22	1723	2293	10	0	392	1545
216	165	126	-17	4773	5285	10	213	0	3424
217	45	85	-20	3408	4034	10	125	0	886
218	137	68	25	456	814	10	0	284	500
219	310	143	-10	508	1099	10	281	0	448
220	18	100	20	666	1079	10	0	338	653
221	201	6	-25	2135	2666	10	330	0	616
222	297	135	30	372	840	10	0	484	523
223	86	154	-10	626	1085	10	746	0	600
224	374	175	18	1178	1694	10	0	483	1068
225	91	70	20	925	1334	10	0	324	746
226	166	357	-16	4611	5215	10	33	0	2412
227	113	183	30	460	1016	10	0	663	695
228	347	395	-24	955	1353	10	4	0	677
229	243	244	30	61	581	10	0	692	389
230	243	140	-13	4930	5378	10	422	0	3550
231	14	100	30	831	1106	10	0	61	671
232	393	312	-25	917	1634	10	366	0	635
233	92	384	26	1527	1817	10	0	461	1202
234	294	249	-10	1551	2338	10	39	0	861
235	195	91	20	665	1121	10	0	74	758
236	235	212	20	37	993	10	0	349	474
237	350	271	10	529	886	10	0	608	540
238	353	164	-20	508	923	10	248	0	557
239	262	233	-4	4390	4606	10	566	0	2241
240	200	48	-34	698	1180	10	532	0	440
241	214	119	-20	3948	4289	10	407	0	674
242	234	37	12	1871	2346	10	0	80	1634
243	93	62	20	700	1032	10	0	715	643
244	234	73	8	524	836	10	0	433	528
245	157	378	22	3600	3851	10	0	91	2750
246	194	43	-10	2662	3254	10	471	0	677
247	268	223	-10	71	561	10	690	0	359
248	355	156	20	584	1089	10	0	238	557
249	248	124	-10	2524	2910	10	432	0	458
250	364	213	-20	2205	2540	10	476	0	1362
251	371	253	30	770	1261	10	0	112	811
252	31	353	20	755	1149	10	0	605	690
253	41	337	9	2472	3000	10	0	19	2092
254	209	167	17	34	580	10	0	272	409
255	352	303	-16	3973	4725	10	148	0	1777
256	53	326	20	587	1041	10	0	596	635
257	388	106	9	923	1305	10	0	749	669
258	21	104	-3	507	1117	10	351	0	487
259	381	12	-20	2183	2661	10	754	0	666
260	221	379	30	508	1269	10	0	797	816
261	46	380	10	1094	1611	10	0	606	865
262	192	332	-30	1489	2137	10	454	0	665
263	343	359	-13	1534	2234	10	626	0	824
264	320	211	6	120	875	10	0	796	565
265	34	355	30	913	1579	10	0	714	1013
266	338	106	8	3716	4016	10	0	500	2886
267	397	283	-8	1382	2031	10	743	0	852
268	267	161	-10	896	968	10	697	0	504
269	124	221	-20	3784	4360	10	661	0	733
270	310	340	11	284	1221	10	0	470	585
271	270	106	30	365	715	10	0	353	448
272	243	104	-17	427	1023	10	254	0	409
273	68	250	-10	2225	2405	10	415	0	1397
274	213	305	-10	1711	2329	10	529	0	896
275	214	378	20	582	847	10	0	557	501
276	287	279	4	4632	5061	10	0	745	3425
277	313	64	-20	1387	1951	10	742	0	686
278	244	285	-11	5095	5565	10	603	0	2191
279	154	68	20	2840	3191	10	0	367	2288
280	14	53	-23	3080	3478	10	361	0	2012
281	298	137	10	399	714	10	0	219	448
282	371	111	3	825	1289	10	0	658	822
283	393	246	14	1909	2278	10	0	172	1559
284	118	122	-25	3714	4009	10	218	0	500
285	9	47	-23	3145	3797	10	680	0	1079
286	171	168	-40	5103	5842	10	107	0	1030
287	321	212	30	361	713	10	0	670	443
288	115	185	-30	331	541	10	713	0	293
289	336	387	10	1135	1613	10	0	293	1036
290	357	202	5	1797	2317	10	0	348	1619
291	374	104	10	708	1264	10	0	721	798
292	271	371	15	2857	3277	10	0	169	2318
293	291	398	-10	1839	2530	10	289	0	1036
294	353	3	-20	981	1184	10	674	0	444
295	74	213	-30	1598	1999	10	38	0	1046
296	17	99	1	3851	4321	10	0	137	2748
297	253	316	-34	1467	2018	10	482	0	1186
298	369	118	-20	4016	4519	10	170	0	879
299	11	328	12	3024	3235	10	0	698	2255
300	126	70	10	621	1391	10	0	583	931
301	165	264	20	72	685	10	0	132	459
302	377	282	-2	1432	1793	10	730	0	833
303	73	292	8	487	1037	10	0	703	601
304	174	326	-20	3561	4198	10	790	0	731
305	135	161	-24	5272	5651	10	648	0	854
306	85	155	-10	640	980	10	76	0	397
307	360	23	-20	908	1166	10	386	0	678
308	20	91	-10	828	1552	10	528	0	369
309	72	253	-16	331	777	10	764	0	278
310	87	155	-20	645	1157	10	9	0	534
311	134	63	10	521	875	10	0	208	542
312	349	275	10	740	914	10	0	505	464
313	325	45	-29	2261	2572	10	376	0	1424
314	182	300	10	164	829	10	0	602	545
315	328	239	-30	443	1154	10	492	0	743
316	138	143	17	137	638	10	0	435	415
317	372	256	20	839	1297	10	0	64	837
318	57	381	-10	601	1350	10	197	0	577
319	162	251	21	63	739	10	0	425	506
320	183	301	-20	242	841	10	736	0	383
321	381	375	-10	4018	4674	10	139	0	1137
322	389	171	3	1617	2115	10	0	750	1442
323	179	305	10	480	1154	10	0	756	785
324	14	210	-20	663	1335	10	225	0	746
325	290	311	-20	579	1039	10	103	0	527
326	345	158	20	809	1314	10	0	639	872
327	200	83	-10	448	997	10	129	0	502
328	342	154	25	1343	1977	10	0	643	1370
329	18	294	-30	1889	2129	10	358	0	450
330	156	4	25	780	1023	10	0	221	616
331	247	212	15	419	1079	10	0	428	597
332	93	149	20	240	709	10	0	421	442
333	299	399	11	3017	3292	10	0	786	2290
334	369	171	-20	425	947	10	140	0	569
335	246	247	-12	2540	3010	10	417	0	1797
336	356	223	-2	3647	4217	10	630	0	1911
337	266	116	10	504	1123	10	0	677	762
338	39	34	-20	789	1269	10	220	0	653
339	51	205	-30	4817	5030	10	142	0	470
340	180	387	-30	613	1467	10	739	0	817
341	203	88	-50	112	877	10	509	0	416
342	173	72	-20	795	1520	10	522	0	598
343	129	85	-10	512	830	10	685	0	513
344	45	291	-18	656	1172	10	36	0	365
345	294	311	10	309	1113	10	0	177	445
346	305	198	20	251	590	10	0	587	363
347	338	391	-10	1171	1381	10	694	0	705
348	349	135	-5	1992	2511	10	290	0	1619
349	237	213	-20	421	682	10	236	0	474
350	82	360	-10	792	1407	10	30	0	414
351	102	84	3	641	802	10	0	258	487
352	300	144	-10	834	1219	10	133	0	447
353	236	38	-30	1581	2001	10	271	0	448
354	278	159	10	518	818	10	0	171	547
355	344	280	-10	811	1269	10	57	0	674
356	149	234	10	61	665	10	0	555	452
357	320	373	22	2017	2515	10	0	153	1669
358	109	252	30	606	706	10	0	329	450
359	218	134	-2	4938	5380	10	679	0	3051
360	184	282	19	98	571	10	0	108	365
361	32	78	23	2418	2891	10	0	280	2012
362	395	310	10	851	1477	10	0	184	759
363	19	206	20	888	1404	10	0	541	917
364	243	275	-15	3425	4052	10	676	0	1889
365	175	192	-30	3654	3857	10	569	0	1725
366	299	227	25	102	950	10	0	232	635
367	159	164	-20	4929	5881	10	279	0	2288
368	215	260	9	155	340	10	0	54	208
369	163	364	21	2881	3536	10	0	794	2339
370	208	20	-10	2309	2620	10	398	0	757
371	97	387	37	2069	2541	10	0	664	1745
372	294	13	-20	2166	2648	10	763	0	815
373	108	250	10	502	1269	10	0	556	873
374	389	306	-10	1102	1668	10	15	0	644
375	262	30	8	641	806	10	0	100	468
376	334	92	29	1597	2072	10	0	313	1424
377	279	337	-10	2043	2903	10	424	0	771
378	3	15	20	4165	4767	10	0	609	3372
379	210	271	20	71	645	10	0	510	429
380	256	145	-31	4421	4850	10	25	0	3317
381	387	267	11	3299	3956	10	0	22	2818
382	8	285	24	1200	1506	10	0	740	972
383	83	357	-10	947	1534	10	168	0	908
384	267	295	-20	2782	3189	10	751	0	622
385	279	262	19	175	628	10	0	402	395
386	238	101	20	389	1189	10	0	307	678
387	219	377	20	760	1120	10	0	400	569
388	126	90	-15	3430	3614	10	181	0	2099
389	129	67	30	601	1110	10	0	63	719
390	166	115	-7	4793	5317	10	687	0	2730
391	238	250	20	73	786	10	0	607	542
392	246	244	-22	2570	2980	10	215	0	1545
393	131	95	20	319	767	10	0	72	481
394	115	257	-10	407	681	10	548	0	366
395	243	106	-12	474	793	10	191	0	206
396	202	158	-17	4401	4986	10	735	0	1580
397	389	307	10	1136	1546	10	0	101	741
398	237	109	10	694	1108	10	0	370	757
399	117	148	14	112	671	10	0	762	429
400	180	375	-20	422	987	10	387	0	569
401	276	157	20	405	592	10	0	423	378
402	303	358	-19	1023	1827	10	385	0	395
403	17	96	-14	885	1172	10	50	0	671
404	173	381	10	1130	1293	10	0	118	832
405	70	81	9	3388	3751	10	0	143	2681
406	46	197	-20	1607	1899	10	207	0	876
407	206	81	20	296	1019	10	0	241	674
408	348	343	-30	1015	1823	10	497	0	579
409	95	63	-20	589	1045	10	159	0	646
410	324	216	20	317	878	10	0	785	564
411	265	127	35	97	733	10	0	60	476
412	196	138	18	62	658	10	0	616	446
413	26	260	-10	2432	2721	10	645	0	356
414	384	307	7	1251	1908	0	0	804	1271
415	23	317	10	1674	2076	10	0	273	1397
416	204	292	-20	581	1174	10	450	0	486
417	321	287	12	2299	2546	10	0	335	1797
418	56	97	-10	3644	4007	10	504	0	777
419	70	264	30	569	1206	10	0	518	795
420	152	240	30	183	607	10	0	14	408
421	0	155	-20	580	1060	10	332	0	442
422	317	68	13	4492	4910	10	0	230	3550
423	395	167	-20	3598	4362	10	401	0	378
424	289	306	10	659	1167	10	0	377	771
425	75	367	-21	665	1376	10	319	0	506
426	353	276	-10	551	990	10	652	0	315
427	183	71	-10	2898	3340	10	452	0	2041
428	312	200	-15	444	921	10	331	0	597
429	49	222	-15	4310	4830	10	186	0	3344
430	297	137	-10	1709	2076	10	610	0	756
431	200	89	-20	718	945	10	546	0	595
432	242	113	10	163	708	10	0	249	458
433	341	33	-8	928	1426	10	244	0	528
434	55	341	-19	2518	3005	10	792	0	1138
435	99	67	-17	469	957	10	316	0	415
436	236	243	-20	167	909	10	162	0	561
437	229	209	20	30	556	10	0	127	394
438	93	59	20	715	1120	10	0	117	707
439	143	159	16	70	571	10	0	627	375
440	267	112	30	397	1029	10	0	673	688
441	196	295	-20	368	813	10	105	0	473
442	334	100	-20	4435	4784	10	594	0	746
443	122	183	20	79	715	10	0	733	476
444	225	53	-4	4083	4695	10	659	0	1980
445	28	353	-2	701	1307	10	686	0	683
446	158	239	-30	155	764	10	165	0	522
447	392	307	20	805	1327	10	0	11	830
448	13	59	-30	2001	2594	10	487	0	884
449	127	90	20	531	1019	10	0	699	665
450	221	281	20	83	733	10	0	416	486
451	326	374	-20	2302	2439	10	707	0	632
452	178	103	10	2238	2822	10	0	427	2041
453	376	251	20	487	1158	10	0	17	731
454	293	310	30	481	1032	10	0	262	665
455	386	60	30	1133	1713	10	0	49	1110
456	300	272	15	2628	3035	0	0	801	2183
457	243	209	-18	5309	5844	10	486	0	2233
458	102	67	20	496	826	10	0	8	495
459	285	107	17	1826	2297	10	0	180	1628
460	82	365	30	839	973	10	0	617	577
461	5	344	-26	4765	5428	10	233	0	1202
462	366	97	-16	3001	3295	10	83	0	2308
463	220	283	-20	632	1188	10	582	0	448
464	79	95	-23	4752	5173	10	18	0	2739
465	369	100	-20	695	1041	10	496	0	470
466	371	244	20	498	914	10	0	760	553
467	366	340	23	2681	3160	10	0	597	2207
468	85	128	-27	5063	5360	10	154	0	3012
469	231	6	-10	2756	2972	10	7	0	697
470	330	313	-11	375	1002	10	270	0	585
471	202	85	10	528	1019	10	0	246	677
472	236	204	10	519	837	10	0	635	600
473	220	381	20	612	951	10	0	502	576
474	206	286	-30	1749	2262	10	37	0	773
475	274	7	21	984	1772	10	0	647	1055
476	369	211	20	1836	1986	10	0	250	1362
477	126	208	-30	5257	5819	10	558	0	693
478	134	62	20	474	833	10	0	581	510
479	67	318	15	611	1475	10	0	87	697
480	232	127	13	79	610	10	0	41	397
481	96	209	28	367	736	10	0	501	473
482	146	301	34	1249	1696	10	0	297	1186
483	308	178	-18	1630	1676	10	224	0	1068
484	294	118	-30	155	842	10	222	0	523
485	280	224	20	657	1277	10	0	499	895
486	241	275	18	2625	3064	10	0	457	2233
487	82	65	30	656	1359	10	0	448	884
488	159	11	-20	4640	4987	10	20	0	970
489	300	64	-13	4511	4866	10	536	0	2865
490	22	96	10	887	1370	10	0	104	786
491	334	186	1	487	878	10	0	525	456
492	310	200	30	359	1102	10	0	315	743
493	52	331	10	751	1397	10	0	771	899
494	25	256	-30	607	1231	10	537	0	705
495	210	268	30	68	548	10	0	744	359
496	310	196	20	390	737	10	0	465	470
497	183	375	30	565	949	10	0	408	579
498	194	65	-33	1327	1883	10	12	0	1011
499	366	251	-20	929	1442	10	485	0	895
500	285	184	-8	3995	4364	10	266	0	2886
501	160	313	-28	3317	3674	10	481	0	473
502	349	324	-20	1924	2502	10	473	0	576
503	225	288	-30	249	726	10	156	0	445
504	124	69	10	727	1188	10	0	418	777
505	349	272	-10	524	799	10	312	0	464
506	87	365	20	497	1103	10	0	520	677
507	240	210	10	517	701	10	0	586	494
508	40	380	30	529	1479	10	0	718	777
509	276	116	50	237	669	10	0	341	416
510	280	5	-20	3871	4378	10	379	0	429
511	20	204	-20	749	855	10	576	0	497
512	301	139	30	621	1224	10	0	144	829
513	195	294	10	360	730	10	0	58	476
514	377	144	23	1631	2228	10	0	167	1531
515	34	242	30	391	978	10	0	705	605
516	324	217	-10	379	903	10	71	0	575
517	348	371	23	2483	2854	0	0	805	1970
518	70	256	-30	798	1299	10	419	0	795
519	48	304	15	613	1345	10	0	81	870
520	41	378	-20	597	1313	10	506	0	677
521	114	254	-16	284	699	10	641	0	369
522	264	112	20	415	907	10	0	342	598
523	244	176	24	50	413	10	0	120	272
524	349	181	-20	934	1497	10	27	0	820
525	346	163	-1	425	779	10	491	0	456
526	52	334	-20	1019	1234	10	732	0	515
527	53	51	18	837	1160	10	0	560	713
528	177	174	10	34	528	10	0	308	369
529	114	178	10	496	1284	10	0	274	896
530	367	255	-40	821	1437	10	702	0	837
531	19	61	-22	4495	4845	10	206	0	1346
532	273	118	34	267	697	10	0	240	440
533	84	359	-4	892	1492	10	595	0	945
534	244	114	10	326	447	10	0	618	262
535	321	144	-26	3976	4659	10	202	0	3104
536	384	53	13	3661	4056	10	0	489	2865
537	29	250	30	940	1119	10	0	494	705
538	172	383	-20	965	1360	10	89	0	698
539	84	360	-29	863	1432	10	151	0	846
540	28	246	-20	452	1055	10	759	0	646
541	107	159	-20	3842	4531	10	363	0	917
542	319	160	-10	512	950	10	656	0	597
543	230	241	-30	403	972	10	203	0	604
544	32	352	30	779	1033	10	0	5	604
545	32	357	-13	839	1552	10	209	0	276
546	237	108	20	718	995	10	0	431	595
547	162	94	11	223	677	10	0	604	423
548	185	299	10	153	734	10	0	394	366
549	110	188	-20	371	628	10	99	0	370
550	259	4	-10	2245	2722	10	632	0	570
551	34	385	-10	926	1403	10	88	0	855
552	156	32	-26	3164	3278	10	98	0	2301
553	201	297	10	402	1116	10	0	563	752
554	311	344	26	523	1095	10	0	59	684
555	174	329	-10	2462	3257	10	356	0	452
556	119	286	-10	3085	3664	10	373	0	873
557	179	383	-20	682	1145	10	275	0	501
558	26	250	30	604	1106	10	0	477	693
559	84	363	20	570	1138	10	0	157	703
560	6	20	-18	928	1296	10	527	0	713
561	373	253	-3	745	1191	10	711	0	740
562	184	233	19	36	697	10	0	179	495
563	177	300	-10	623	1135	10	553	0	752
564	88	121	15	2302	2362	10	0	65	1668
565	22	205	-10	496	929	10	600	0	532
566	306	361	4	2581	3182	10	0	239	2241
567	87	164	-10	2551	2864	10	781	0	839
568	123	176	-18	4554	4923	10	123	0	2131
569	131	275	30	1948	2403	10	0	365	1725
570	315	237	-10	1982	2295	10	135	0	795
571	85	67	10	774	1350	10	0	649	721
572	197	300	-10	297	1101	10	29	0	435
573	308	196	10	293	738	10	0	708	388
574	114	88	-10	2426	3090	10	634	0	947
575	87	153	-23	370	975	10	772	0	538
576	21	201	20	613	1096	10	0	511	497
577	137	64	30	508	692	10	0	620	406
578	361	194	-10	1422	1936	10	121	0	536
579	115	51	-35	3286	3619	10	769	0	2420
580	24	96	10	1048	1552	10	0	795	1010
581	2	200	-20	1171	1681	10	478	0	510
582	211	274	20	194	673	10	0	463	448
583	102	149	-10	1783	2393	10	300	0	931
584	307	196	20	158	785	10	0	747	508
585	127	87	20	453	992	10	0	623	643
586	302	274	-10	866	1591	10	507	0	494
587	383	53	-20	770	1188	10	346	0	363
588	376	254	-20	634	1116	10	798	0	564
589	15	100	-20	821	1027	10	187	0	514
590	111	179	10	541	1051	0	0	806	719
591	308	204	30	586	990	10	0	160	571
592	85	358	10	975	1605	10	0	800	1057
593	391	54	20	1210	1339	10	0	799	823
594	385	55	20	831	1230	10	0	442	746
595	65	335	4	1093	1662	10	0	533	945
596	46	378	-20	1104	1696	10	256	0	635
597	310	363	-23	3955	4638	10	467	0	2207
598	217	286	10	577	1048	10	0	106	686
599	33	247	10	933	1344	10	0	681	786
600	88	150	10	292	859	10	0	565	532
601	397	73	15	908	967	10	0	693	549
602	70	231	-10	4170	4727	10	314	0	545
603	72	315	11	2478	3094	10	0	278	2191
604	131	67	-11	676	938	10	547	0	423
605	117	381	-20	2458	2641	10	252	0	690
606	31	357	-10	874	1429	10	261	0	865
607	299	351	-20	318	1126	10	391	0	542
608	393	297	-10	745	983	10	237	0	540
609	102	118	-20	4499	4971	10	378	0	3372
610	273	160	10	476	1092	10	0	430	756
611	350	131	12	3094	3441	10	0	24	2456
612	364	55	17	1185	1657	10	0	1	1078
613	47	328	50	718	1208	10	0	56	756
614	109	186	10	411	778	10	0	96	514
615	143	20	15	4676	5183	10	0	84	3745
616	134	98	-18	121	1033	10	412	0	446
617	42	384	-30	1087	1491	10	460	0	577
618	255	80	-10	1837	2441	10	534	0	262
619	52	194	-20	1921	2589	10	35	0	638
620	128	93	-30	510	1433	10	577	0	406
621	50	385	-21	3055	3649	10	753	0	1796
622	386	57	-20	892	1348	10	777	0	596
623	86	112	-20	2659	3161	10	585	0	643
624	26	275	-26	4369	4804	10	185	0	2738
625	40	336	-10	4544	5219	10	21	0	665
626	135	384	13	777	1294	10	0	263	824
627	52	301	-16	3524	3993	10	439	0	375
628	68	261	-10	626	1257	10	75	0	669
629	36	288	-32	3562	4210	10	158	0	2947
630	375	294	2	2196	2747	10	0	336	1911
631	220	288	20	446	970	10	0	669	428
632	186	304	10	421	865	10	0	550	570
633	369	106	-30	839	1423	10	766	0	268
634	96	69	10	1029	1431	10	0	574	947
635	321	217	-10	421	966	10	472	0	600
636	177	77	-20	3124	3386	10	174	0	704
637	320	216	20	535	942	10	0	660	447
638	246	47	18	4299	4787	10	0	48	3470
639	350	207	-20	1336	1806	10	326	0	872
640	279	247	12	190	546	10	0	97	340
641	153	315	16	229	764	10	0	521	369
642	68	386	-10	1048	1548	10	650	0	727
643	399	179	-25	1549	2151	10	328	0	1370
644	297	240	37	823	1377	10	0	791	670
645	199	290	10	155	565	10	0	413	356
646	21	204	30	514	1002	10	0	90	617
647	362	28	-21	944	1714	10	475	0	1055
648	353	65	24	1222	1344	10	0	305	854
649	24	57	-10	605	1209	10	571	0	721
650	75	368	10	772	1180	10	0	642	727
651	393	305	20	726	1227	10	0	109	755
652	239	254	10	258	487	10	0	426	315
653	146	320	-10	1838	2256	10	774	0	575
654	369	6	-20	1893	2607	10	672	0	683
655	277	154	-10	299	803	10	755	0	402
656	304	141	10	595	1142	10	0	542	597
657	205	372	-23	3339	3896	10	128	0	888
658	339	3	-3	3060	3481	10	282	0	822
659	254	0	4	2654	2848	10	0	444	1980
660	321	209	-20	235	735	10	637	0	447
661	114	250	20	821	1078	10	0	269	733
662	318	219	20	674	993	10	0	731	655
663	209	283	-30	2208	2850	10	227	0	695
664	48	358	-37	3412	3712	10	371	0	1745
665	339	384	20	1306	1855	10	0	741	1218
666	351	153	30	639	1153	10	0	136	746
667	377	29	-20	2801	3291	10	196	0	1000
668	317	183	29	118	1043	10	0	195	693
669	183	303	-20	468	712	10	631	0	428
670	299	308	-30	2141	2484	10	287	0	443
671	197	292	20	92	744	10	0	62	488
672	370	98	20	726	1109	10	0	654	683
673	188	67	-30	4185	4331	10	440	0	688
674	207	87	20	385	706	10	0	294	444
675	295	307	-10	387	922	10	784	0	530
676	325	311	15	2334	2687	10	0	364	1889
677	228	96	-10	1169	1529	10	337	0	762
678	368	215	15	2669	3263	10	0	780	2320
679	208	86	2	3599	4183	10	0	359	3051
680	75	76	23	1135	1615	10	0	285	1079
681	27	251	-10	723	1239	10	599	0	786
682	308	314	-10	2429	2810	10	779	0	595
683	217	289	-12	619	901	10	175	0	345
684	337	388	10	1045	1611	10	0	164	1032
685	133	94	10	271	913	10	0	343	513
686	91	388	2	712	1129	10	0	445	683
687	87	147	7	3350	3766	10	0	390	2730
688	389	54	30	1014	1340	10	0	696	825
689	185	386	10	660	1300	10	0	111	835
690	234	212	10	79	572	10	0	247	359
691	53	330	30	840	1217	10	0	757	765
692	237	247	-30	196	768	10	229	0	389
693	369	19	-15	777	1544	10	601	0	549
694	346	385	10	790	1177	10	0	347	705
695	397	313	-20	870	1568	10	724	0	869
696	355	41	-30	3193	3639	10	688	0	825
697	211	266	10	358	740	10	0	268	504
698	8	363	-12	3316	3839	10	299	0	2255
699	59	89	-20	2779	3496	10	449	0	665
700	344	391	10	941	1248	10	0	116	756
701	242	105	20	610	750	10	0	738	484
702	327	242	40	532	1250	10	0	530	837
703	55	324	-8	521	1006	10	303	0	601
704	114	252	-8	172	715	10	45	0	399
705	29	355	-30	956	1150	10	515	0	605
706	102	377	16	3726	4269	10	0	761	2974
707	345	382	20	785	1076	10	0	451	632
708	313	194	-10	594	641	10	573	0	388
709	285	136	-10	4118	4712	10	205	0	3272
710	272	154	20	85	842	10	0	70	567
711	379	254	3	828	1607	10	0	561	740
712	22	210	20	1068	1343	10	0	176	873
713	117	187	30	294	476	10	0	288	293
714	157	220	-30	5309	5820	10	265	0	1013
715	21	96	-20	847	1322	10	243	0	643
716	182	379	-30	491	1216	10	16	0	743
717	298	138	20	189	836	10	0	138	540
718	28	356	-30	882	1314	10	508	0	777
719	130	70	30	771	1353	10	0	726	904
720	111	184	10	456	837	10	0	78	559
721	319	113	-10	4434	5024	10	291	0	798
722	347	385	20	713	1341	10	0	131	828
723	220	337	-30	1121	1496	10	73	0	399
724	344	283	20	649	1326	10	0	695	869
725	217	98	-20	103	771	10	163	0	424
726	76	90	-30	2822	3271	10	719	0	904
727	175	299	20	625	1231	10	0	94	523
728	270	151	20	85	759	10	0	67	385
729	398	258	12	2231	2672	10	0	126	1849
730	344	321	2	849	1299	10	0	302	833
731	266	234	-20	3491	3932	10	662	0	655
732	49	187	20	811	839	10	0	526	515
733	92	155	-20	694	1310	10	443	0	476
734	344	236	-36	3385	3808	10	113	0	1584
735	226	52	17	1823	2258	10	0	396	1580
736	183	294	20	157	607	10	0	320	383
737	237	243	9	56	620	10	0	765	422
738	184	69	-20	1777	2368	10	701	0	484
739	222	383	30	391	1274	10	0	340	817
740	21	255	-24	2979	3225	10	382	0	972
741	390	357	-20	4115	4336	10	665	0	1218
742	272	161	20	663	997	10	0	277	686
743	371	349	8	858	1364	10	0	267	852
744	220	296	-30	514	757	10	495	0	359
745	184	235	-4	4304	4807	10	276	0	3425
746	113	184	10	499	889	10	0	223	600
747	370	104	-20	795	1370	10	584	0	508
748	273	182	-12	3276	3648	10	43	0	2040
749	382	54	-9	701	1165	10	257	0	669
750	379	126	-3	3299	3753	10	322	0	1442
751	327	241	20	732	963	10	0	384	622
752	189	306	-20	459	936	10	147	0	482
753	26	326	21	2572	2610	10	0	621	1796
754	367	104	20	461	1081	10	0	259	666
755	271	154	10	168	621	10	0	655	402
756	67	258	-10	615	1374	10	323	0	785
757	86	357	-30	1080	1590	10	691	0	765
758	107	98	21	488	697	10	0	77	419
759	66	254	20	307	1011	10	0	540	646
760	374	253	-20	713	1134	10	466	0	553
761	228	341	-16	3869	4309	10	706	0	2974
762	60	328	-14	933	1592	10	399	0	429
763	268	160	20	607	1166	10	0	372	815
764	201	255	16	55	426	10	0	309	278
765	397	362	-9	693	1430	10	737	0	422
766	236	210	30	70	395	10	0	633	268
767	349	157	10	825	1084	10	0	787	696
768	348	319	-10	1213	1557	10	13	0	496
769	186	75	35	3004	3353	10	0	579	2420
770	327	115	-10	1088	1460	10	173	0	841
771	77	319	-10	4944	5087	10	493	0	899
772	147	210	23	53	772	10	0	575	538
773	195	148	-20	5078	5647	10	149	0	398
774	108	186	10	240	861	10	0	653	575
775	26	199	26	3037	3543	10	0	92	2526
776	305	255	-10	985	1624	10	201	0	748
777	368	102	20	648	990	10	0	622	596
778	146	174	23	59	607	10	0	152	410
779	319	217	10	656	914	10	0	682	595
780	335	202	-15	3119	3634	10	678	0	2320
781	128	94	10	784	1247	10	0	567	839
782	82	78	-20	4604	5002	10	28	0	1025
783	92	68	-10	2688	3194	10	166	0	818
784	231	219	10	127	744	10	0	675	530
785	309	274	-20	1311	1534	10	410	0	564
786	336	386	-11	2611	3325	10	333	0	2290
787	324	194	-10	4181	4467	10	767	0	696
788	174	387	-10	724	1485	10	86	0	750
789	24	93	-15	1078	1417	10	32	0	504
790	107	247	20	585	1080	10	0	304	731
791	291	308	-37	646	1077	10	644	0	670
792	13	322	19	1320	1741	10	0	434	1138
793	68	254	20	376	846	10	0	69	527
794	142	379	-21	3039	3323	10	369	0	2339
795	43	121	-10	3821	4178	10	580	0	1010
796	329	241	-6	305	1065	10	264	0	565
797	260	352	-30	1482	1795	10	260	0	816
798	328	243	20	385	888	10	0	588	564
799	384	64	-20	4086	4561	10	593	0	823
800	80	365	-10	1744	1971	10	592	0	1057
801	300	272	-15	2628	3035	10	456	0	2183
802	108	395	-12	2156	2544	10	53	0	1746
803	84	221	-22	4171	4773	10	146	0	3491
804	384	307	-7	1251	1908	10	414	0	1271
805	348	371	-23	2483	2854	10	517	0	1970
806	111	179	-10	541	1051	10	590	0	719

