15 200
0 250 250 0 0 1925 0 -1 -1
0 292 104 26 4 634 0 0 0
1 175 352 -26 0 1925 10 1 0
2 12 367 27 26 656 10 0 1
3 411 396 23 620 1250 10 0 1
4 13 314 14 0 575 10 0 1
5 162 301 -64 1313 1925 10 1 1
6 224 56 13 886 1516 10 0 2
7 436 123 40 0 1925 10 0 2
8 162 306 22 0 449 10 0 2
9 157 269 -75 1276 1906 10 1 2
10 339 41 6 156 786 10 0 3
11 458 213 22 828 1458 10 0 3
12 337 232 -28 1271 1901 10 1 3
13 222 331 10 240 870 10 0 4
14 243 408 -10 1134 1764 10 1 4
15 33 268 18 396 1026 10 0 5
16 95 382 19 0 1925 10 0 5
17 373 418 -37 959 1589 10 1 5
18 332 459 35 69 699 10 0 6
19 434 359 -35 1092 1722 10 1 6
20 372 97 13 0 544 10 0 7
21 351 5 12 196 826 10 0 7
22 393 98 -25 453 1083 10 1 7
23 84 255 13 0 612 10 0 8
24 413 493 26 918 1548 10 0 8
25 235 288 18 0 370 10 0 8
26 257 391 -57 1333 1925 10 1 8
