50 200
0 250 250 0 0 1925 0 -1 -1
0 210 219 7 0 360 10 0 0
1 360 284 -7 0 1925 10 1 0
2 153 235 10 0 408 10 0 1
3 181 441 25 252 862 10 0 1
4 53 204 8 765 1375 10 0 1
5 1 101 -43 967 1577 10 1 1
6 225 369 38 0 431 10 0 2
7 162 301 -38 1323 1925 10 1 2
8 372 115 13 74 684 10 0 3
9 293 174 31 0 397 10 0 3
10 382 110 -44 822 1432 10 1 3
11 385 17 40 519 1129 10 0 4
12 248 386 22 88 698 10 0 4
13 488 173 -62 920 1530 10 1 4
14 202 391 30 0 1925 10 0 5
15 379 486 22 382 992 10 0 5
16 318 99 -52 923 1533 10 1 5
17 400 71 17 1082 1692 10 0 6
18 13 314 14 0 564 10 0 6
19 226 175 -31 1404 1925 10 1 6
20 200 78 31 703 1313 10 0 7
21 323 29 -31 847 1457 10 1 7
22 9 233 31 16 626 0 0 8
23 320 211 16 703 1313 0 0 8
24 197 202 29 914 1524 10 0 8
25 210 81 -76 0 1925 10 1 8
26 441 374 10 0 543 10 0 9
27 385 239 21 496 1106 10 0 9
28 114 460 14 0 1925 10 0 9
29 91 326 -45 0 1925 10 1 9
30 53 466 9 45 655 10 0 10
31 65 343 38 0 527 10 0 10
32 386 225 -47 629 1239 10 1 10
33 244 277 18 1011 1621 0 0 11
34 248 214 -18 1189 1799 10 1 11
35 103 464 22 983 1593 10 0 12
36 133 273 20 0 429 10 0 12
37 89 65 16 430 1040 10 0 12
38 112 433 -58 0 1925 10 1 12
39 441 7 20 102 712 10 0 13
40 48 412 -20 742 1352 10 1 13
41 169 305 21 0 482 10 0 14
42 246 407 12 22 632 10 0 14
43 140 108 -33 781 1391 10 1 14
44 164 332 19 990 1600 0 0 15
45 142 80 -19 0 1925 10 1 15
46 394 47 5 23 633 10 0 16
47 368 311 14 636 1246 10 0 16
48 330 308 24 880 1490 0 0 16
49 43 360 -43 0 1925 10 1 16
50 292 104 26 14 624 10 0 17
51 224 56 13 896 1506 10 0 17
52 142 14 18 545 1155 0 0 17
53 396 83 -57 1296 1906 10 1 17
54 479 387 13 107 717 10 0 18
55 247 306 33 0 366 10 0 18
56 40 278 10 814 1424 10 0 18
57 228 260 -56 1316 1925 10 1 18
58 172 314 9 255 865 10 0 19
59 168 109 10 0 524 10 0 19
60 46 248 -19 524 1134 10 1 19
61 152 476 45 233 843 10 0 20
62 94 192 -45 790 1400 10 1 20
63 340 291 22 180 790 10 0 21
64 313 391 -22 0 1925 10 1 21
65 125 65 17 498 1108 10 0 22
66 429 476 -17 0 1925 10 1 22
67 289 220 19 0 359 10 0 23
68 199 203 20 1167 1777 10 0 23
69 240 255 -39 1321 1925 10 1 23
70 332 459 35 79 689 10 0 24
71 458 213 -35 838 1448 10 1 24
72 354 156 20 542 1152 10 0 25
73 325 210 -20 643 1253 10 1 25
74 488 3 3 111 721 10 0 26
75 188 119 44 685 1295 10 0 26
76 92 76 -47 849 1459 10 1 26
77 222 331 10 250 860 10 0 27
78 223 178 -10 846 1456 10 1 27
79 366 334 5 120 730 10 0 28
80 250 328 24 0 569 10 0 28
81 65 62 15 0 1925 10 0 28
82 404 140 -44 969 1579 10 1 28
83 176 199 28 0 399 10 0 29
84 179 75 13 450 1060 10 0 29
85 84 255 13 0 602 10 0 29
86 212 47 -54 511 1121 10 1 29
87 206 172 29 498 1108 10 0 30
88 87 3 -29 0 1920 10 1 30
89 447 272 12 94 704 10 0 31
90 175 239 23 0 385 10 0 31
91 438 127 -35 651 1261 10 1 31
92 384 149 18 907 1517 0 0 32
93 351 5 12 206 816 10 0 32
94 485 428 -30 1200 1810 10 1 32
95 245 42 24 257 867 10 0 33
96 267 174 34 1328 1925 10 0 33
97 120 17 30 0 599 10 0 33
98 225 269 -88 0 1925 10 1 33
99 24 71 11 56 666 10 0 34
100 235 288 18 0 350 10 0 34
101 352 241 -29 502 1112 10 1 34
102 158 24 18 321 931 10 0 35
103 382 9 30 0 592 10 0 35
104 268 288 -48 977 1587 10 1 35
105 137 377 23 0 479 10 0 36
106 217 333 26 121 731 10 0 36
107 59 276 11 602 1212 10 0 36
108 432 199 -60 0 1925 10 1 36
109 395 474 26 97 707 10 0 37
110 214 245 8 0 346 10 0 37
111 162 388 11 836 1446 10 0 37
112 29 462 -45 1020 1630 10 1 37
113 13 394 15 83 693 10 0 38
114 261 359 10 0 419 10 0 38
115 463 253 23 757 1367 10 0 38
116 206 97 -48 0 1925 10 1 38
117 144 35 26 0 549 10 0 39
118 339 41 -26 166 776 10 1 39
119 263 418 25 0 598 10 0 40
120 448 414 -25 933 1543 10 1 40
121 64 5 14 839 1449 10 0 41
122 162 306 22 0 439 10 0 41
123 240 34 -36 1270 1880 10 1 41
124 226 423 15 0 517 10 0 42
125 498 457 15 0 1892 10 0 42
126 306 42 -30 0 1925 10 1 42
127 295 247 12 1013 1623 0 0 43
128 382 360 26 0 498 10 0 43
129 281 96 -38 0 1925 10 1 43
130 325 311 22 1032 1642 10 0 44
131 44 311 -22 0 1925 10 1 44
132 306 235 25 0 367 10 0 45
133 461 182 13 339 949 10 0 45
134 448 397 33 576 1186 10 0 45
135 172 66 -71 1013 1623 10 1 45
136 404 439 3 0 559 10 0 46
137 345 431 -3 55 665 10 1 46
138 297 304 4 0 381 10 0 47
139 149 341 6 114 724 10 0 47
140 231 167 15 0 1925 10 0 47
141 371 315 -25 876 1486 10 1 47
142 497 266 25 458 1068 10 0 48
143 303 78 12 0 489 10 0 48
144 214 274 -37 0 1925 10 1 48
145 132 151 22 0 464 10 0 49
146 138 406 -22 926 1536 10 1 49
147 61 170 20 716 1326 10 0 50
148 191 215 17 0 378 10 0 50
149 97 288 -37 994 1604 10 1 50
150 33 268 18 406 1016 10 0 51
151 186 135 24 0 1925 0 0 51
152 102 422 23 0 546 10 0 51
153 215 129 -65 829 1439 10 1 51
154 482 104 19 517 1127 10 0 52
155 198 85 28 0 583 10 0 52
156 339 144 13 809 1419 10 0 52
157 299 285 -60 964 1574 10 1 52
158 19 38 15 557 1167 10 0 53
159 82 183 -15 812 1422 10 1 53
160 449 428 25 957 1567 10 0 54
161 239 486 -25 1192 1802 10 1 54
162 435 180 37 0 545 10 0 55
163 365 274 14 0 427 10 0 55
164 441 177 23 711 1321 10 0 55
165 257 391 -74 1343 1925 10 1 55
166 460 328 13 0 539 0 0 56
167 287 256 18 0 347 10 0 56
168 69 423 32 512 1122 10 0 56
169 105 181 -63 1241 1851 10 1 56
170 110 122 14 1219 1829 10 0 57
171 30 97 23 920 1530 10 0 57
172 245 176 -37 0 1925 10 1 57
173 399 175 13 457 1067 10 0 58
174 61 214 -13 0 1925 10 1 58
175 440 284 25 562 1172 10 0 59
176 359 287 24 0 1925 10 0 59
177 167 488 17 0 570 10 0 59
178 415 118 -66 0 1925 10 1 59
179 72 227 25 274 884 10 0 60
180 120 261 -25 503 1113 10 1 60
181 72 477 46 0 598 10 0 61
182 207 487 -46 399 1009 10 1 61
183 389 156 27 426 1036 0 0 62
184 490 276 33 0 558 10 0 62
185 331 134 -60 834 1444 10 1 62
186 480 131 5 398 1008 10 0 63
187 195 273 22 0 369 10 0 63
188 415 253 21 77 687 10 0 63
189 440 294 -48 670 1280 10 1 63
190 265 240 9 0 328 10 0 64
191 422 498 5 402 1012 10 0 64
192 243 402 13 115 725 10 0 64
193 365 190 -27 1187 1797 10 1 64
194 87 51 35 224 834 10 0 65
195 402 277 -35 1148 1758 10 1 65
196 273 70 36 329 939 10 0 66
197 280 245 21 0 340 10 0 66
198 457 280 17 710 1320 10 0 66
199 373 418 -74 969 1579 10 1 66
200 69 414 6 973 1583 10 0 67
201 39 153 26 508 1118 10 0 67
202 167 445 -32 0 1925 10 1 67
203 421 387 15 511 1121 0 0 68
204 421 387 -15 511 1121 10 1 68
205 76 462 18 666 1276 10 0 69
206 278 450 -18 1085 1695 10 1 69
207 196 489 23 740 1350 10 0 70
208 450 45 24 214 824 10 0 70
209 301 239 31 0 362 10 0 70
210 164 332 -78 990 1600 10 1 70
211 100 266 5 180 790 10 0 71
212 432 66 -5 781 1391 10 1 71
213 32 191 5 296 906 10 0 72
214 178 302 -5 597 1207 10 1 72
215 90 477 18 0 587 10 0 73
216 59 388 -18 373 983 10 1 73
217 12 367 27 36 646 10 0 74
218 343 205 26 477 1087 10 0 74
219 297 131 -53 875 1485 10 1 74
220 290 328 7 0 464 10 0 75
221 447 184 27 134 744 0 0 75
222 460 117 -34 230 840 10 1 75
223 132 32 18 494 1104 10 0 76
224 437 98 -18 824 1434 10 1 76
225 488 96 22 776 1386 0 0 77
226 317 45 8 0 1925 0 0 77
227 3 471 13 0 1884 0 0 77
228 309 29 -43 1004 1614 10 1 77
229 392 1 11 315 925 10 0 78
230 466 96 22 1093 1703 10 0 78
231 376 385 12 0 494 10 0 78
232 261 138 -45 0 1925 10 1 78
233 492 326 19 914 1524 10 0 79
234 372 97 13 0 534 10 0 79
235 341 59 27 500 1110 0 0 79
236 267 290 -59 0 1925 10 1 79
237 351 128 15 963 1573 10 0 80
238 16 287 -15 0 1925 10 1 80
239 13 465 31 484 1094 10 0 81
240 0 422 8 531 1141 10 0 81
241 80 251 14 14 624 10 0 81
242 150 68 -53 0 1925 10 1 81
243 343 34 7 435 1045 10 0 82
244 456 113 17 937 1547 10 0 82
245 297 283 -24 0 1925 10 1 82
246 43 135 31 0 546 10 0 83
247 157 269 -31 1286 1896 10 1 83
248 449 190 2 850 1460 10 0 84
249 71 304 19 399 1009 10 0 84
250 43 210 20 0 520 10 0 84
251 294 421 -41 1285 1895 10 1 84
252 394 322 12 735 1345 10 0 85
253 92 259 4 109 719 10 0 85
254 188 151 -16 1007 1617 10 1 85
255 342 481 18 1150 1760 10 0 86
256 481 454 -18 0 1907 10 1 86
257 195 386 13 0 456 10 0 87
258 66 88 2 540 1150 10 0 87
259 306 229 -15 1030 1640 10 1 87
260 468 360 16 0 594 10 0 88
261 248 176 -16 1111 1721 10 1 88
262 418 251 21 907 1517 10 0 89
263 140 137 32 280 890 10 0 89
264 151 81 -53 1268 1878 10 1 89
265 426 38 23 319 929 10 0 90
266 51 360 13 855 1465 10 0 90
267 366 260 -36 1230 1840 10 1 90
268 159 299 12 726 1336 10 0 91
269 30 155 9 990 1600 10 0 91
270 225 121 -21 0 1925 10 1 91
271 21 70 15 481 1091 10 0 92
272 461 186 -15 0 1925 10 1 92
273 273 300 30 0 365 10 0 93
274 391 112 24 710 1320 10 0 93
275 268 458 24 233 843 10 0 93
276 276 84 -78 0 1925 10 1 93
277 365 28 9 0 588 10 0 94
278 244 277 -9 1011 1621 10 1 94
279 41 120 22 406 1016 10 0 95
280 136 265 12 0 424 10 0 95
281 208 445 -34 1042 1652 10 1 95
282 105 140 27 0 1925 10 0 96
283 325 56 13 506 1116 10 0 96
284 84 377 10 0 1925 10 0 96
285 230 320 -50 902 1512 10 1 96
286 161 276 8 0 453 10 0 97
287 420 224 10 139 749 10 0 97
288 262 369 15 0 1925 10 0 97
289 209 68 -33 1278 1888 10 1 97
290 213 399 18 0 554 10 0 98
291 79 80 19 1092 1702 0 0 98
292 1 252 -37 0 1925 10 1 98
293 364 173 30 0 500 10 0 99
294 87 3 13 0 1920 0 0 99
295 482 141 -43 721 1331 10 1 99
296 143 158 12 0 458 10 0 100
297 46 163 8 636 1246 10 0 100
298 273 255 -20 1202 1812 10 1 100
299 26 221 28 706 1316 10 0 101
300 307 249 -28 1087 1697 10 1 101
301 51 89 19 918 1528 10 0 102
302 239 15 2 0 1925 10 0 102
303 268 113 21 0 1925 10 0 102
304 172 24 -42 1162 1772 10 1 102
305 452 110 14 0 1925 10 0 103
306 226 316 21 0 380 10 0 103
307 67 451 -35 926 1536 10 1 103
308 368 452 16 380 990 10 0 104
309 214 311 14 0 380 10 0 104
310 153 362 -30 0 1925 10 1 104
311 279 355 9 0 486 10 0 105
312 495 227 20 0 1925 10 0 105
313 424 288 -29 767 1377 10 1 105
314 134 211 35 0 440 10 0 106
315 428 202 24 614 1224 10 0 106
316 497 296 14 323 933 10 0 106
317 405 187 -73 961 1571 10 1 106
318 366 288 29 394 1004 10 0 107
319 442 153 -29 899 1509 10 1 107
320 451 305 13 0 518 10 0 108
321 146 188 -13 945 1555 10 1 108
322 455 168 21 577 1187 10 0 109
323 130 140 17 0 514 10 0 109
324 241 38 -38 0 1925 10 1 109
325 6 53 8 0 1902 10 0 110
326 58 391 16 592 1202 10 0 110
327 148 462 10 437 1047 10 0 110
328 33 286 -34 1256 1866 10 1 110
329 498 456 27 1116 1726 10 0 111
330 268 351 -27 0 1925 10 1 111
331 93 490 2 89 699 10 0 112
332 166 247 1 0 394 10 0 112
333 404 59 -3 623 1233 10 1 112
334 66 314 26 0 504 10 0 113
335 243 408 -26 1144 1754 10 1 113
336 380 350 15 576 1186 10 0 114
337 452 206 31 202 812 10 0 114
338 330 281 -46 1040 1650 10 1 114
339 357 290 24 0 424 10 0 115
340 441 60 21 1169 1779 10 0 115
341 396 417 13 0 1925 10 0 115
342 472 248 -58 0 1925 10 1 115
343 334 403 26 0 484 10 0 116
344 125 61 26 322 932 10 0 116
345 57 43 -52 0 1925 10 1 116
346 48 437 4 514 1124 10 0 117
347 49 437 7 137 747 10 0 117
348 187 263 35 0 374 10 0 117
349 174 347 -46 725 1335 10 1 117
350 149 98 4 875 1485 10 0 118
351 480 119 7 338 948 10 0 118
352 5 224 -11 0 1925 10 1 118
353 328 458 17 478 1088 10 0 119
354 52 303 25 151 761 10 0 119
355 377 385 -42 576 1186 10 1 119
356 93 413 17 0 536 10 0 120
357 481 207 -17 566 1176 10 1 120
358 255 487 19 108 718 10 0 121
359 491 369 -19 0 1925 10 1 121
360 176 470 14 257 867 10 0 122
361 35 344 21 573 1183 10 0 122
362 36 451 -35 0 1922 10 1 122
363 265 0 10 0 1925 10 0 123
364 333 293 -10 327 937 10 1 123
365 292 136 28 491 1101 10 0 124
366 142 30 -28 956 1566 10 1 124
367 418 399 20 148 758 10 0 125
368 339 113 -20 471 1081 10 1 125
369 94 40 24 778 1388 0 0 126
370 456 157 -24 1165 1775 10 1 126
371 375 145 12 639 1249 10 0 127
372 423 221 9 0 578 10 0 127
373 208 445 22 1042 1652 0 0 127
374 46 389 -43 0 1925 10 1 127
375 26 342 12 31 641 10 0 128
376 439 222 22 690 1300 0 0 128
377 216 341 19 364 974 10 0 128
378 495 355 -53 953 1563 10 1 128
379 98 2 14 302 912 10 0 129
380 203 211 -14 1016 1626 10 1 129
381 312 453 6 260 870 10 0 130
382 251 63 14 697 1307 10 0 130
383 351 233 -20 1133 1743 10 1 130
384 168 59 6 76 686 10 0 131
385 12 358 7 934 1544 10 0 131
386 272 234 -13 1300 1910 10 1 131
387 35 263 27 0 590 10 0 132
388 228 287 21 0 353 10 0 132
389 107 374 8 624 1234 10 0 132
390 179 497 -56 1121 1731 10 1 132
391 309 161 23 293 903 10 0 133
392 242 106 28 978 1588 10 0 133
393 349 43 26 0 539 10 0 133
394 171 24 -77 1093 1703 10 1 133
395 50 383 20 0 580 10 0 134
396 130 247 17 0 430 0 0 134
397 62 375 -37 59 669 10 1 134
398 415 207 18 610 1220 10 0 135
399 201 66 14 877 1487 10 0 135
400 409 155 19 0 1925 10 0 135
401 60 29 -51 1073 1683 10 1 135
