15 200
0 250 250 0 0 1925 0 -1 -1
0 292 104 26 4 634 0 0 0
1 175 352 -26 0 1925 10 1 0
2 12 367 27 26 656 10 0 1
3 411 396 23 620 1250 10 0 1
4 13 314 14 0 575 10 0 1
5 458 213 22 828 1458 10 0 1
6 222 331 10 240 870 10 0 1
7 153 235 10 0 428 10 0 1
8 389 43 21 0 1925 10 0 1
9 396 83 -127 1286 1916 10 1 1
10 120 17 30 0 609 10 0 2
11 323 29 7 837 1467 0 0 2
12 313 391 5 0 1925 10 0 2
13 433 319 -42 0 1925 10 1 2
14 33 268 18 396 1026 10 0 3
15 224 56 13 886 1516 10 0 3
16 233 87 18 0 583 10 0 3
17 33 278 -49 1187 1817 10 1 3
18 332 459 35 69 699 10 0 4
19 354 156 20 532 1162 10 0 4
20 373 418 -55 959 1589 10 1 4
21 200 78 31 693 1323 10 0 5
22 339 41 6 156 786 10 0 5
23 125 65 17 488 1118 10 0 5
24 351 5 12 196 826 10 0 5
25 259 301 25 0 429 10 0 5
26 480 136 22 0 1925 10 0 5
27 257 391 -113 1333 1925 10 1 5
