30 200
0 250 250 0 0 1925 0 -1 -1
0 332 459 35 79 689 10 0 0
1 206 174 -35 0 1925 10 1 0
2 226 423 15 0 517 10 0 1
3 125 65 17 498 1108 10 0 1
4 197 202 29 914 1524 0 0 1
5 366 334 5 120 730 10 0 1
6 66 88 2 0 1925 10 0 1
7 311 422 29 0 1925 10 0 1
8 285 247 13 0 1925 10 0 1
9 396 83 -110 1296 1906 10 1 1
10 55 318 13 22 632 10 0 2
11 347 192 -13 1198 1808 10 1 2
12 153 235 10 0 408 10 0 3
13 62 375 16 59 669 10 0 3
14 230 487 20 840 1450 0 0 3
15 141 426 23 241 851 10 0 3
16 158 24 18 0 1925 10 0 3
17 253 118 -87 0 1925 10 1 3
18 175 239 23 0 385 10 0 4
19 61 170 20 716 1326 10 0 4
20 311 203 15 433 1043 10 0 4
21 82 183 -58 812 1422 10 1 4
22 480 119 7 0 1925 10 0 5
23 480 131 -7 398 1008 10 1 5
24 460 117 14 230 840 10 0 6
25 92 76 4 849 1459 10 0 6
26 60 5 18 754 1364 10 0 6
27 144 220 -36 0 1925 10 1 6
28 115 395 11 525 1135 10 0 7
29 90 477 18 0 587 10 0 7
30 10 237 19 326 936 10 0 7
31 224 56 -48 896 1506 10 1 7
32 102 422 23 0 546 10 0 8
33 48 437 4 514 1124 10 0 8
34 397 477 13 0 1925 10 0 8
35 393 98 -40 0 1925 10 1 8
36 415 253 21 77 687 10 0 9
37 39 153 26 508 1118 10 0 9
38 215 282 21 1150 1760 10 0 9
39 306 235 25 0 367 10 0 9
40 231 410 14 0 1925 0 0 9
41 333 163 32 0 1925 10 0 9
42 157 269 -139 1286 1896 10 1 9
43 100 266 5 180 790 0 0 10
44 301 239 31 0 362 10 0 10
45 456 113 -36 937 1547 10 1 10
46 345 431 12 55 665 10 0 11
47 257 57 18 0 1925 10 0 11
48 382 360 26 0 498 10 0 11
49 91 27 -56 892 1502 10 1 11
50 149 341 6 114 724 10 0 12
51 283 438 3 0 551 10 0 12
52 228 287 21 0 353 10 0 12
53 71 304 19 399 1009 10 0 12
54 404 140 -49 969 1579 10 1 12
55 392 1 11 315 925 10 0 13
56 458 213 22 838 1448 10 0 13
57 0 356 13 0 1925 10 0 13
58 235 13 27 69 679 10 0 13
59 303 78 12 0 489 10 0 13
60 133 273 -85 0 1925 10 1 13
61 0 422 8 531 1141 0 0 14
62 34 169 11 194 804 10 0 14
63 208 445 22 0 1925 10 0 14
64 217 357 -41 1130 1740 10 1 14
65 244 368 25 124 734 10 0 15
66 132 32 18 494 1104 10 0 15
67 449 190 2 850 1460 10 0 15
68 58 391 -45 0 1925 10 1 15
69 71 12 2 3 613 10 0 16
70 245 42 24 257 867 10 0 16
71 87 51 35 0 1925 10 0 16
72 460 424 11 1165 1775 10 0 16
73 173 65 12 158 768 10 0 16
74 274 441 12 0 1925 10 0 16
75 135 400 20 0 1925 10 0 16
76 329 456 -116 0 1925 10 1 16
77 144 35 26 0 549 10 0 17
78 16 287 -26 0 1925 10 1 17
79 447 272 12 94 704 10 0 18
80 168 109 10 0 1925 10 0 18
81 423 221 9 0 1925 10 0 18
82 421 386 29 534 1144 10 0 18
83 364 71 -60 0 1925 10 1 18
84 6 196 20 913 1523 0 0 19
85 288 439 16 0 1925 10 0 19
86 284 319 17 0 1925 10 0 19
87 494 165 19 0 1925 10 0 19
88 441 7 20 102 712 10 0 19
89 450 194 27 335 945 0 0 19
90 213 185 21 0 384 10 0 19
91 257 391 -140 1343 1925 10 1 19
92 59 388 20 373 983 10 0 20
93 94 192 1 790 1400 10 0 20
94 293 174 31 0 397 10 0 20
95 198 85 28 0 583 10 0 20
96 133 455 25 518 1128 10 0 20
97 244 277 -105 1011 1621 10 1 20
98 235 288 18 0 1925 0 0 21
99 80 117 24 534 1144 10 0 21
100 253 50 27 0 546 10 0 21
101 465 367 14 0 1925 10 0 21
102 246 407 12 0 1925 10 0 21
103 436 295 -95 0 1925 10 1 21
