30 200
0 250 250 0 0 1925 0 -1 -1
0 396 417 13 670 980 10 0 0
1 51 286 -13 1319 1629 10 1 0
2 288 439 16 133 443 10 0 1
3 399 175 13 607 917 10 0 1
4 247 306 33 0 216 10 0 1
5 274 261 -62 1567 1877 10 1 1
6 176 199 28 0 249 10 0 2
7 461 182 -28 489 799 10 1 2
8 489 159 29 1288 1598 10 0 3
9 323 29 7 997 1307 0 0 3
10 385 58 24 265 575 10 0 3
11 226 175 -60 1554 1864 10 1 3
12 471 368 19 288 598 10 0 4
13 490 286 -19 382 692 10 1 4
14 253 50 27 86 396 10 0 5
15 0 356 13 946 1256 10 0 5
16 209 212 -40 1388 1698 10 1 5
17 144 35 26 89 399 10 0 6
18 154 374 36 797 1107 10 0 6
19 452 484 26 1138 1448 0 0 6
20 485 428 -88 1350 1660 10 1 6
21 441 7 20 252 562 10 0 7
22 235 288 18 0 200 10 0 7
23 392 1 11 465 775 10 0 7
24 60 5 -49 904 1214 10 1 7
25 371 163 21 688 998 0 0 8
26 303 78 12 29 339 10 0 8
27 355 174 33 575 885 10 0 8
28 225 269 -66 1131 1441 10 1 8
29 110 251 23 358 668 10 0 9
30 244 277 18 1161 1471 0 0 9
31 181 185 -41 1474 1784 10 1 9
32 5 445 30 171 481 10 0 10
33 400 71 17 1232 1542 0 0 10
34 396 83 -47 1446 1756 10 1 10
35 371 423 10 61 371 0 0 11
36 268 288 -10 1127 1437 10 1 11
37 394 47 5 173 483 10 0 12
38 210 219 7 0 210 10 0 12
39 172 66 -12 1163 1473 10 1 12
40 198 85 28 123 433 10 0 13
41 98 2 14 452 762 10 0 13
42 12 358 -42 1084 1394 10 1 13
43 226 423 15 57 367 10 0 14
44 330 138 18 970 1280 0 0 14
45 337 41 8 862 1172 10 0 14
46 285 247 -41 1135 1445 10 1 14
47 195 386 13 0 306 10 0 15
48 21 70 -13 631 941 10 1 15
49 382 360 26 38 348 10 0 16
50 470 417 11 597 907 10 0 16
51 448 414 23 1083 1393 10 0 16
52 228 260 -60 1466 1776 10 1 16
53 306 235 25 0 217 10 0 17
54 253 74 20 1210 1520 0 0 17
55 178 135 -45 1374 1684 10 1 17
56 235 13 27 219 529 10 0 18
57 415 207 -27 760 1070 10 1 18
58 142 80 12 352 662 10 0 19
59 438 127 -12 801 1111 10 1 19
60 149 458 13 1024 1334 10 0 20
61 248 214 -13 1339 1649 10 1 20
62 59 388 20 523 833 10 0 21
63 409 255 -20 1382 1692 10 1 21
64 376 92 10 851 1161 10 0 22
65 153 235 10 0 258 10 0 22
66 68 303 22 81 391 10 0 22
67 231 29 -42 1086 1396 10 1 22
68 109 56 27 89 399 10 0 23
69 39 153 26 658 968 10 0 23
70 263 153 12 272 582 10 0 23
71 306 229 -65 1180 1490 10 1 23
72 5 224 19 915 1225 10 0 24
73 33 286 -19 1406 1716 10 1 24
74 435 180 37 85 395 10 0 25
75 495 355 -37 1103 1413 10 1 25
76 261 359 10 0 269 10 0 26
77 159 299 12 876 1186 10 0 26
78 103 464 -22 1133 1443 10 1 26
79 191 215 17 0 228 10 0 27
80 379 486 -17 532 842 10 1 27
81 181 260 23 0 229 10 0 28
82 181 441 25 402 712 10 0 28
83 274 403 -48 747 1057 10 1 28
84 179 75 13 600 910 10 0 29
85 143 158 12 0 308 10 0 29
86 242 106 -25 1128 1438 10 1 29
87 299 353 34 0 274 10 0 30
88 492 34 5 671 981 10 0 30
89 214 274 -39 1229 1539 10 1 30
90 66 88 2 690 1000 10 0 31
91 158 179 37 0 276 10 0 31
92 82 183 -39 962 1272 10 1 31
93 169 305 21 22 332 10 0 32
94 401 164 13 481 791 10 0 32
95 482 141 -34 871 1181 10 1 32
96 329 456 19 109 419 10 0 33
97 241 180 13 1555 1865 0 0 33
98 241 180 -32 1555 1865 10 1 33
99 50 383 20 120 430 10 0 34
100 23 235 43 883 1193 0 0 34
101 34 169 11 344 654 0 0 34
102 402 277 -74 1298 1608 10 1 34
