50 200
0 250 250 0 0 1925 0 -1 -1
0 396 417 13 670 980 10 0 0
1 51 286 -13 1319 1629 10 1 0
2 288 439 16 133 443 10 0 1
3 399 175 13 607 917 10 0 1
4 247 306 33 0 216 10 0 1
5 274 261 -62 1567 1877 10 1 1
6 176 199 28 0 249 10 0 2
7 461 182 -28 489 799 10 1 2
8 489 159 29 1288 1598 10 0 3
9 323 29 7 997 1307 0 0 3
10 385 58 24 265 575 10 0 3
11 226 175 -60 1554 1864 10 1 3
12 471 368 19 288 598 10 0 4
13 490 286 -19 382 692 10 1 4
14 253 50 27 86 396 10 0 5
15 0 356 13 946 1256 10 0 5
16 209 212 -40 1388 1698 10 1 5
17 144 35 26 89 399 10 0 6
18 154 374 36 797 1107 10 0 6
19 452 484 26 1138 1448 0 0 6
20 485 428 -88 1350 1660 10 1 6
21 441 7 20 252 562 10 0 7
22 235 288 18 0 200 10 0 7
23 392 1 11 465 775 10 0 7
24 60 5 -49 904 1214 10 1 7
25 371 163 21 688 998 0 0 8
26 303 78 12 29 339 10 0 8
27 355 174 33 575 885 10 0 8
28 225 269 -66 1131 1441 10 1 8
29 110 251 23 358 668 10 0 9
30 244 277 18 1161 1471 0 0 9
31 181 185 -41 1474 1784 10 1 9
32 5 445 30 171 481 10 0 10
33 400 71 17 1232 1542 0 0 10
34 396 83 -47 1446 1756 10 1 10
35 371 423 10 61 371 0 0 11
36 268 288 -10 1127 1437 10 1 11
37 394 47 5 173 483 10 0 12
38 210 219 7 0 210 10 0 12
39 172 66 -12 1163 1473 10 1 12
40 198 85 28 123 433 10 0 13
41 98 2 14 452 762 10 0 13
42 12 358 -42 1084 1394 10 1 13
43 226 423 15 57 367 10 0 14
44 330 138 18 970 1280 0 0 14
45 337 41 8 862 1172 10 0 14
46 285 247 -41 1135 1445 10 1 14
47 195 386 13 0 306 10 0 15
48 21 70 -13 631 941 10 1 15
49 382 360 26 38 348 10 0 16
50 470 417 11 597 907 10 0 16
51 448 414 23 1083 1393 10 0 16
52 228 260 -60 1466 1776 10 1 16
53 306 235 25 0 217 10 0 17
54 253 74 20 1210 1520 0 0 17
55 178 135 -45 1374 1684 10 1 17
56 235 13 27 219 529 10 0 18
57 415 207 -27 760 1070 10 1 18
58 142 80 12 352 662 10 0 19
59 438 127 -12 801 1111 10 1 19
60 149 458 13 1024 1334 10 0 20
61 248 214 -13 1339 1649 10 1 20
62 59 388 20 523 833 10 0 21
63 409 255 -20 1382 1692 10 1 21
64 376 92 10 851 1161 10 0 22
65 153 235 10 0 258 10 0 22
66 68 303 22 81 391 10 0 22
67 231 29 -42 1086 1396 10 1 22
68 109 56 27 89 399 10 0 23
69 39 153 26 658 968 10 0 23
70 263 153 12 272 582 10 0 23
71 306 229 -65 1180 1490 10 1 23
72 5 224 19 915 1225 10 0 24
73 33 286 -19 1406 1716 10 1 24
74 435 180 37 85 395 10 0 25
75 495 355 -37 1103 1413 10 1 25
76 261 359 10 0 269 10 0 26
77 159 299 12 876 1186 10 0 26
78 103 464 -22 1133 1443 10 1 26
79 191 215 17 0 228 10 0 27
80 379 486 -17 532 842 10 1 27
81 181 260 23 0 229 10 0 28
82 181 441 25 402 712 10 0 28
83 274 403 -48 747 1057 10 1 28
84 179 75 13 600 910 10 0 29
85 143 158 12 0 308 10 0 29
86 242 106 -25 1128 1438 10 1 29
87 299 353 34 0 274 10 0 30
88 492 34 5 671 981 10 0 30
89 214 274 -39 1229 1539 10 1 30
90 66 88 2 690 1000 10 0 31
91 158 179 37 0 276 10 0 31
92 82 183 -39 962 1272 10 1 31
93 169 305 21 22 332 10 0 32
94 401 164 13 481 791 10 0 32
95 482 141 -34 871 1181 10 1 32
96 329 456 19 109 419 10 0 33
97 241 180 13 1555 1865 0 0 33
98 241 180 -32 1555 1865 10 1 33
99 50 383 20 120 430 10 0 34
100 23 235 43 883 1193 0 0 34
101 34 169 11 344 654 0 0 34
102 402 277 -74 1298 1608 10 1 34
103 202 391 30 484 794 10 0 35
104 187 263 35 0 224 10 0 35
105 92 259 4 259 569 10 0 35
106 175 352 -69 1525 1835 10 1 35
107 365 274 14 0 277 10 0 36
108 487 320 -14 718 1028 10 1 36
109 90 477 18 127 437 10 0 37
110 475 267 -18 640 950 10 1 37
111 373 421 21 97 407 10 0 38
112 30 97 23 1070 1380 10 0 38
113 257 391 -44 1493 1803 10 1 38
114 349 43 26 79 389 10 0 39
115 40 304 16 1005 1315 10 0 39
116 162 301 -42 1473 1783 10 1 39
117 360 284 19 527 837 10 0 40
118 436 123 40 75 385 10 0 40
119 439 222 -59 840 1150 10 1 40
120 333 163 32 1100 1410 10 0 41
121 130 247 17 0 280 10 0 41
122 273 255 -49 1352 1662 10 1 41
123 318 280 21 0 234 10 0 42
124 429 67 16 592 902 10 0 42
125 51 89 19 1068 1378 10 0 42
126 102 6 -56 1318 1628 10 1 42
127 248 386 22 238 548 10 0 43
128 172 292 17 0 262 10 0 43
129 64 198 -39 948 1258 10 1 43
130 29 358 23 471 781 10 0 44
131 164 332 -23 1140 1450 10 1 44
132 125 61 26 472 782 10 0 45
133 139 438 24 74 384 10 0 45
134 62 94 -50 811 1121 10 1 45
135 256 441 34 41 351 10 0 46
136 461 195 -34 1255 1565 10 1 46
137 26 342 12 181 491 10 0 47
138 368 311 14 786 1096 10 0 47
139 270 337 -26 1643 1925 10 1 47
140 199 438 3 1220 1530 10 0 48
141 14 232 18 165 475 10 0 48
142 94 497 31 642 952 10 0 48
143 171 303 -52 1449 1759 10 1 48
144 274 441 12 555 865 10 0 49
145 479 387 13 257 567 10 0 49
146 468 360 16 134 444 10 0 49
147 330 138 -41 970 1280 10 1 49
148 161 275 21 1207 1517 10 0 50
149 167 291 -21 1494 1804 10 1 50
150 489 274 31 394 704 10 0 51
151 420 383 -31 842 1152 10 1 51
152 213 185 21 0 234 10 0 52
153 13 394 -21 233 543 10 1 52
154 447 272 12 244 554 10 0 53
155 120 261 5 653 963 10 0 53
156 244 277 -17 1161 1471 10 1 53
157 437 90 12 445 755 0 0 54
158 384 149 -12 1057 1367 10 1 54
159 398 210 31 3 313 10 0 55
160 375 145 12 789 1099 10 0 55
161 484 224 7 160 470 10 0 55
162 87 3 -50 1293 1603 10 1 55
163 480 152 26 882 1192 10 0 56
164 120 17 30 139 449 10 0 56
165 187 61 19 405 715 10 0 56
166 325 311 -75 1182 1492 10 1 56
167 460 328 13 79 389 10 0 57
168 207 487 4 549 859 10 0 57
169 114 460 -17 946 1256 10 1 57
170 289 220 19 0 209 10 0 58
171 68 160 -19 996 1306 10 1 58
172 481 84 17 366 676 10 0 59
173 292 104 26 164 474 10 0 59
174 488 173 -43 1070 1380 10 1 59
175 137 377 23 19 329 10 0 60
176 199 203 20 1317 1627 10 0 60
177 142 14 18 695 1005 10 0 60
178 229 322 -61 1520 1830 10 1 60
179 142 372 18 12 322 10 0 61
180 414 378 23 355 665 10 0 61
181 33 152 17 1180 1490 10 0 61
182 56 75 -58 1298 1608 10 1 61
183 418 399 20 298 608 10 0 62
184 111 392 18 1029 1339 10 0 62
185 142 360 -38 1392 1702 10 1 62
186 330 308 24 1030 1340 10 0 63
187 46 248 9 674 984 10 0 63
188 214 245 8 0 196 0 0 63
189 151 81 -41 1418 1728 10 1 63
190 395 474 26 247 557 10 0 64
191 466 362 -26 1012 1322 10 1 64
192 210 81 2 259 569 10 0 65
193 132 151 22 4 314 10 0 65
194 351 128 15 1113 1423 10 0 65
195 364 71 -39 1208 1518 10 1 65
196 387 349 9 19 329 10 0 66
197 463 253 -9 907 1217 10 1 66
198 447 184 27 284 594 10 0 67
199 334 403 26 24 334 10 0 67
200 433 319 11 1236 1546 0 0 67
201 366 260 -64 1380 1690 10 1 67
202 340 291 22 330 640 10 0 68
203 318 497 21 714 1024 10 0 68
204 105 181 -43 1391 1701 10 1 68
205 86 199 23 138 448 10 0 69
206 343 34 7 585 895 10 0 69
207 359 246 -30 1283 1593 10 1 69
208 49 437 7 287 597 10 0 70
209 71 282 29 502 812 10 0 70
210 223 178 20 996 1306 10 0 70
211 321 149 -56 1285 1595 10 1 70
212 43 360 2 695 1005 10 0 71
213 480 136 22 106 416 10 0 71
214 237 420 -24 1194 1504 10 1 71
215 320 211 16 853 1163 10 0 72
216 268 458 24 383 693 10 0 72
217 339 144 -40 959 1269 10 1 72
218 5 281 16 1232 1542 10 0 73
219 157 269 -16 1436 1746 10 1 73
220 247 443 17 190 500 10 0 74
221 333 293 -17 477 787 10 1 74
222 265 240 9 0 178 10 0 75
223 19 38 15 707 1017 10 0 75
224 415 253 21 227 537 10 0 75
225 188 151 -45 1157 1467 10 1 75
226 450 416 25 437 747 10 0 76
227 441 177 -25 861 1171 10 1 76
228 71 12 2 153 463 10 0 77
229 323 34 -2 1175 1485 10 1 77
230 162 306 22 0 289 10 0 78
231 13 465 31 634 944 10 0 78
232 373 418 -53 1119 1429 10 1 78
233 47 208 30 86 396 0 0 79
234 48 366 29 603 913 0 0 79
235 84 453 -59 1083 1393 10 1 79
236 94 192 1 940 1250 10 0 80
237 398 476 25 278 588 10 0 80
238 283 438 3 91 401 10 0 80
239 314 205 -29 1387 1697 10 1 80
240 374 116 9 447 757 10 0 81
241 495 199 25 197 507 10 0 81
242 482 104 19 667 977 10 0 81
243 122 422 -53 1317 1627 10 1 81
244 287 397 12 424 734 10 0 82
245 452 484 -12 1138 1448 10 1 82
246 498 457 15 773 1083 10 0 83
247 87 311 7 24 334 10 0 83
248 13 314 14 104 414 10 0 83
249 466 96 -36 1243 1553 10 1 83
250 102 422 23 86 396 10 0 84
251 332 5 14 893 1203 10 0 84
252 212 186 -37 1582 1892 10 1 84
253 365 28 9 128 438 10 0 85
254 115 395 -9 675 985 10 1 85
255 260 472 33 896 1206 10 0 86
256 89 358 -33 1107 1417 10 1 86
257 24 259 19 230 540 10 0 87
258 437 98 -19 974 1284 10 1 87
259 215 434 9 53 363 10 0 88
260 171 24 11 1243 1553 10 0 88
261 172 24 -20 1312 1622 10 1 88
262 442 289 25 51 361 10 0 89
263 460 117 14 380 690 10 0 89
264 274 442 -39 926 1236 10 1 89
265 200 78 31 853 1163 10 0 90
266 351 148 30 321 631 10 0 90
267 125 65 17 648 958 10 0 90
268 1 101 -78 1117 1427 10 1 90
269 441 374 10 83 393 10 0 91
270 436 295 -10 388 698 10 1 91
271 290 328 7 4 314 10 0 92
272 68 450 18 493 803 10 0 92
273 345 431 12 205 515 10 0 92
274 272 234 -37 1450 1760 10 1 92
275 34 239 16 79 389 10 0 93
276 33 268 -16 556 866 10 1 93
277 293 174 31 0 247 10 0 94
278 312 453 -31 410 720 10 1 94
279 185 431 15 247 557 10 0 95
280 222 331 10 400 710 0 0 95
281 140 108 29 931 1241 10 0 95
282 286 244 -54 1144 1454 10 1 95
283 210 133 15 549 859 10 0 96
284 60 29 32 1223 1533 10 0 96
285 240 34 -47 1420 1730 10 1 96
286 380 194 3 574 884 10 0 97
287 84 255 13 142 452 10 0 97
288 261 201 -16 1374 1684 10 1 97
289 332 459 35 229 539 0 0 98
290 216 341 19 514 824 10 0 98
291 262 97 -54 807 1117 10 1 98
292 344 70 24 1006 1316 10 0 99
293 397 57 -24 1336 1646 10 1 99
294 166 247 1 0 244 10 0 100
295 272 420 7 1246 1556 10 0 100
296 195 464 -8 1401 1711 10 1 100
297 62 375 16 209 519 10 0 101
298 470 405 17 786 1096 0 0 101
299 291 213 -33 1118 1428 10 1 101
300 218 271 16 1434 1744 10 0 102
301 226 316 21 0 230 10 0 102
302 268 351 -37 1535 1845 10 1 102
303 432 2 20 327 637 10 0 103
304 385 239 21 646 956 10 0 103
305 287 256 18 0 197 10 0 103
306 318 99 -59 1073 1383 10 1 103
307 219 215 32 0 206 10 0 104
308 448 397 33 726 1036 10 0 104
309 411 379 -65 1053 1363 10 1 104
310 134 276 15 0 303 10 0 105
311 331 134 11 984 1294 10 0 105
312 478 300 12 750 1060 10 0 105
313 240 240 -38 1560 1870 10 1 105
314 175 239 23 0 235 10 0 106
315 133 202 -23 321 631 10 1 106
316 366 334 5 270 580 10 0 107
317 330 371 -5 419 729 10 1 107
318 87 3 13 1293 1603 0 0 108
319 382 9 30 132 442 10 0 108
320 295 89 23 602 912 10 0 108
321 264 180 -66 1541 1851 10 1 108
322 170 347 15 296 606 10 0 109
323 397 57 17 1336 1646 0 0 109
324 64 437 11 778 1088 10 0 109
325 374 260 -43 1631 1925 10 1 109
326 371 427 23 818 1128 10 0 110
327 43 210 20 60 370 10 0 110
328 253 118 19 407 717 10 0 110
329 138 406 -62 1076 1386 10 1 110
330 372 97 13 74 384 10 0 111
331 420 224 10 289 599 10 0 111
332 241 402 11 885 1195 10 0 111
333 100 66 -34 1260 1570 10 1 111
334 481 454 14 180 490 10 0 112
335 405 349 -14 382 692 10 1 112
336 360 488 19 176 486 10 0 113
337 489 437 29 567 877 10 0 113
338 376 385 12 34 344 10 0 113
339 177 486 -60 1457 1767 10 1 113
340 48 437 4 664 974 10 0 114
341 23 235 -4 883 1193 10 1 114
342 426 38 23 469 779 10 0 115
343 365 190 -23 1337 1647 10 1 115
344 41 120 22 556 866 10 0 116
345 15 11 -22 812 1122 10 1 116
346 213 399 18 94 404 10 0 117
347 499 316 18 482 792 10 0 117
348 392 87 23 1043 1353 0 0 117
349 404 140 -59 1119 1429 10 1 117
350 410 399 25 94 404 10 0 118
351 32 94 -25 790 1100 10 1 118
352 352 481 15 1145 1455 10 0 119
353 292 136 28 641 951 10 0 119
354 247 219 17 0 191 10 0 119
355 239 486 -60 1342 1652 10 1 119
356 371 488 10 443 753 10 0 120
357 357 290 24 0 274 10 0 120
358 263 418 25 138 448 10 0 120
359 217 207 -59 1242 1552 10 1 120
360 408 318 15 503 813 0 0 121
361 297 304 4 0 231 10 0 121
362 153 362 -19 1021 1331 10 1 121
363 53 204 8 915 1225 10 0 122
364 301 239 31 0 212 10 0 122
365 239 15 2 464 774 10 0 122
366 167 445 -41 1272 1582 10 1 122
367 348 348 23 795 1105 10 0 123
368 3 23 11 251 561 10 0 123
369 197 202 -34 1064 1374 10 1 123
370 202 28 22 794 1104 0 0 124
371 144 220 35 0 270 10 0 124
372 253 74 -57 1210 1520 10 1 124
373 32 319 21 261 571 10 0 125
374 89 65 16 580 890 10 0 125
375 175 422 -37 1306 1616 10 1 125
376 494 468 31 212 522 10 0 126
377 415 95 -31 1037 1347 10 1 126
378 94 40 24 928 1238 10 0 127
379 441 60 -24 1319 1629 10 1 127
380 152 476 45 383 693 10 0 128
381 96 346 26 45 355 10 0 128
382 282 10 -71 1122 1432 10 1 128
383 372 115 13 224 534 10 0 129
384 470 405 -13 786 1096 10 1 129
385 148 208 22 386 696 10 0 130
386 405 187 -22 1111 1421 10 1 130
387 58 39 12 1023 1333 10 0 131
388 43 135 31 86 396 10 0 131
389 110 122 -43 1369 1679 10 1 131
390 425 448 9 654 964 10 0 132
391 392 491 10 993 1303 10 0 132
392 293 228 19 0 208 10 0 132
393 413 476 -38 1039 1349 10 1 132
394 354 416 10 539 849 10 0 133
395 153 362 7 1021 1331 0 0 133
396 173 474 -17 1145 1455 10 1 133
397 206 97 33 308 618 10 0 134
398 466 149 16 1046 1356 0 0 134
399 322 290 -49 1339 1649 10 1 134
