50 200
0 250 250 0 0 1925 0 -1 -1
0 332 459 35 229 539 10 0 0
1 206 174 -35 0 1925 10 1 0
2 226 423 15 57 367 10 0 1
3 125 65 17 648 958 10 0 1
4 197 202 29 1064 1374 0 0 1
5 396 83 -61 1446 1756 10 1 1
6 366 334 5 270 580 10 0 2
7 482 184 14 0 1824 10 0 2
8 153 235 10 0 258 10 0 2
9 437 19 -29 874 1184 10 1 2
10 297 304 4 0 1925 10 0 3
11 137 377 23 19 329 10 0 3
12 80 117 24 684 994 10 0 3
13 286 244 -51 1144 1454 10 1 3
14 417 212 12 770 1080 10 0 4
15 345 431 12 205 515 10 0 4
16 318 99 -24 1073 1383 10 1 4
17 460 117 14 380 690 10 0 5
18 175 239 23 0 235 10 0 5
19 94 40 24 928 1238 10 0 5
20 415 118 -61 0 1854 10 1 5
21 48 412 7 892 1202 10 0 6
22 235 13 27 219 529 10 0 6
23 157 269 -34 1436 1746 10 1 6
24 52 303 25 0 1861 10 0 7
25 368 452 16 530 840 10 0 7
26 172 24 -41 1312 1622 10 1 7
27 62 375 16 209 519 10 0 8
28 82 183 -16 962 1272 10 1 8
29 102 422 23 86 396 10 0 9
30 92 76 4 999 1309 10 0 9
31 39 153 26 658 968 10 0 9
32 337 232 -53 1431 1741 10 1 9
33 246 407 12 0 1908 10 0 10
34 250 328 24 109 419 10 0 10
35 436 295 -36 0 1874 10 1 10
36 415 253 21 227 537 10 0 11
37 28 467 -21 1203 1513 10 1 11
38 392 1 11 465 775 10 0 12
39 51 360 -11 1005 1315 10 1 12
40 71 12 2 153 463 10 0 13
41 104 28 8 0 1800 10 0 13
42 132 32 18 644 954 10 0 13
43 188 151 -28 1157 1467 10 1 13
44 0 422 8 681 991 0 0 14
45 306 229 -8 1180 1490 10 1 14
46 34 169 11 344 654 10 0 15
47 371 423 -11 0 1854 10 1 15
48 90 477 18 127 437 10 0 16
49 437 98 -18 974 1284 10 1 16
50 100 266 5 330 640 0 0 17
51 59 388 20 523 833 10 0 17
52 456 113 -25 1087 1397 10 1 17
53 244 368 25 274 584 10 0 18
54 46 248 9 674 984 10 0 18
55 33 278 -34 0 1847 10 1 18
56 141 426 23 391 701 10 0 19
57 382 360 26 38 348 10 0 19
58 230 487 20 990 1300 0 0 19
59 434 359 -69 1252 1562 10 1 19
60 449 190 2 1000 1310 10 0 20
61 451 62 5 0 1790 10 0 20
62 92 18 8 0 1785 10 0 20
63 365 74 -15 0 1855 10 1 20
64 266 221 9 0 1925 10 0 21
65 144 35 26 89 399 10 0 21
66 30 97 -35 1070 1380 10 1 21
67 283 438 3 91 401 10 0 22
68 94 192 1 940 1250 10 0 22
69 405 349 15 382 692 10 0 22
70 185 434 -19 0 1870 10 1 22
71 306 235 25 0 217 10 0 23
72 441 7 20 252 562 10 0 23
73 480 131 -45 548 858 10 1 23
74 178 72 23 617 927 10 0 24
75 295 247 -23 1163 1473 10 1 24
76 492 326 19 1064 1374 10 0 25
77 421 499 23 0 1763 10 0 25
78 303 78 12 29 339 10 0 25
79 257 391 -54 1493 1803 10 1 25
80 253 50 27 86 396 10 0 26
81 293 174 31 0 247 10 0 26
82 282 1 18 0 1814 10 0 26
83 231 29 -76 1086 1396 10 1 26
84 198 85 28 123 433 10 0 27
85 69 414 6 1123 1433 10 0 27
86 191 215 17 0 228 10 0 27
87 272 234 -51 1450 1760 10 1 27
88 441 374 10 83 393 10 0 28
89 174 67 -10 0 1867 10 1 28
90 215 293 13 0 215 10 0 29
91 88 484 5 0 1781 10 0 29
92 348 348 -18 795 1105 10 1 29
93 489 457 13 0 1749 10 0 30
94 210 219 7 0 210 10 0 30
95 351 148 30 321 631 10 0 30
96 125 61 -50 0 1839 10 1 30
97 159 226 16 0 254 10 0 31
98 365 119 30 242 552 10 0 31
99 16 287 -46 0 1829 10 1 31
100 273 300 30 0 215 10 0 32
101 195 450 16 0 1858 10 0 32
102 404 140 -46 1119 1429 10 1 32
103 65 343 38 67 377 10 0 33
104 457 280 -38 860 1170 10 1 33
105 394 47 5 173 483 10 0 34
106 374 306 -5 854 1164 10 1 34
107 68 450 18 493 803 10 0 35
108 458 213 22 988 1298 10 0 35
109 109 56 27 89 399 10 0 35
110 31 175 -67 0 1834 10 1 35
111 447 272 12 244 554 10 0 36
112 485 104 21 654 964 10 0 36
113 460 424 11 1315 1625 10 0 36
114 396 417 -44 0 1844 10 1 36
115 215 79 5 0 1891 0 0 37
116 383 17 -5 800 1110 10 1 37
117 339 41 6 316 626 10 0 38
118 244 277 -6 1161 1471 10 1 38
119 187 73 18 152 462 10 0 39
120 488 96 22 0 1782 10 0 39
121 6 196 20 1063 1373 0 0 39
122 142 360 -60 1392 1702 10 1 39
123 374 232 33 0 285 10 0 40
124 215 282 21 1300 1610 10 0 40
125 165 59 27 803 1113 10 0 40
126 162 301 -81 1473 1783 10 1 40
127 152 476 45 383 693 10 0 41
128 19 273 25 877 1187 0 0 41
129 219 210 14 0 210 10 0 41
130 149 214 -84 0 1925 10 1 41
131 156 65 22 897 1207 10 0 42
132 497 296 14 473 783 10 0 42
133 240 362 -36 0 1925 10 1 42
134 287 397 12 424 734 10 0 43
135 262 97 -12 807 1117 10 1 43
136 24 71 11 206 516 10 0 44
137 325 56 -11 656 966 10 1 44
138 48 366 29 0 1833 10 0 45
139 244 422 14 398 708 10 0 45
140 339 144 13 959 1269 10 0 45
141 150 68 -56 0 1858 10 1 45
142 132 151 22 4 314 10 0 46
143 404 59 -22 773 1083 10 1 46
144 149 341 6 264 574 10 0 47
145 399 175 13 607 917 10 0 47
146 122 422 -19 1317 1627 10 1 47
147 91 326 4 0 1889 10 0 48
148 211 248 26 0 199 10 0 48
149 332 382 -30 870 1180 10 1 48
150 173 65 12 308 618 10 0 49
151 472 248 -12 0 1843 10 1 49
152 35 263 27 130 440 10 0 50
153 341 59 -27 650 960 10 1 50
154 174 122 14 453 763 10 0 51
155 80 251 14 164 474 10 0 51
156 206 172 29 648 958 10 0 51
157 244 13 -57 873 1183 10 1 51
158 268 458 24 383 693 10 0 52
159 133 455 25 668 978 10 0 52
160 176 199 28 0 1925 10 0 52
161 223 178 -77 996 1306 10 1 52
162 320 211 16 853 1163 10 0 53
163 18 24 32 488 798 10 0 53
164 272 234 26 1450 1760 0 0 53
165 346 354 -74 0 1924 10 1 53
166 71 304 19 549 859 10 0 54
167 1 101 -19 1117 1427 10 1 54
168 340 291 22 330 640 10 0 55
169 287 256 18 0 197 10 0 55
170 323 29 -40 997 1307 10 1 55
171 187 263 35 0 224 0 0 56
172 56 268 28 924 1234 10 0 56
173 162 306 22 0 289 10 0 56
174 27 464 -85 0 1756 10 1 56
175 25 53 23 880 1190 10 0 57
176 72 477 46 138 448 10 0 57
177 29 358 23 471 781 10 0 57
178 400 71 -92 0 1832 10 1 57
179 426 38 23 469 779 10 0 58
180 470 138 -23 1249 1559 10 1 58
181 328 458 17 628 938 10 0 59
182 206 97 33 0 1906 10 0 59
183 454 201 -50 0 1856 10 1 59
184 179 75 13 600 910 10 0 60
185 61 170 20 866 1176 10 0 60
186 250 57 26 0 1872 10 0 60
187 179 497 -59 1271 1581 10 1 60
188 421 386 29 684 994 10 0 61
189 264 180 33 1541 1851 0 0 61
190 241 180 -62 1555 1865 10 1 61
191 440 284 25 712 1022 10 0 62
192 240 240 35 1560 1870 0 0 62
193 418 269 3 0 1896 10 0 62
194 263 153 -63 0 1925 10 1 62
195 238 123 24 641 951 10 0 63
196 182 480 31 0 1826 10 0 63
197 83 300 26 360 670 10 0 63
198 188 119 -81 835 1145 10 1 63
199 187 61 19 405 715 10 0 64
200 95 64 -19 626 936 10 1 64
201 195 273 22 0 219 10 0 65
202 13 465 -22 634 944 10 1 65
203 280 245 21 0 190 10 0 66
204 372 97 13 74 384 0 0 66
205 21 70 -34 631 941 10 1 66
206 265 240 9 0 178 10 0 67
207 128 113 -9 223 533 10 1 67
208 410 399 25 94 404 10 0 68
209 224 56 -25 1046 1356 10 1 68
210 142 14 18 695 1005 10 0 69
211 274 261 20 1567 1877 0 0 69
212 365 274 14 0 277 10 0 69
213 225 269 -52 0 1925 10 1 69
214 376 385 12 34 344 10 0 70
215 413 345 20 1078 1388 10 0 70
216 268 113 21 0 1925 10 0 70
217 226 175 -53 1554 1864 10 1 70
218 352 487 27 762 1072 10 0 71
219 110 122 14 0 1876 10 0 71
220 115 296 -41 1389 1699 10 1 71
221 213 399 18 94 404 10 0 72
222 274 403 17 0 1911 10 0 72
223 181 441 -35 402 712 10 1 72
224 471 94 30 0 1795 10 0 73
225 332 5 -30 893 1203 10 1 73
226 111 192 11 1059 1369 0 0 74
227 226 316 21 0 230 10 0 74
228 498 171 -32 0 1805 10 1 74
229 41 120 22 556 866 10 0 75
230 291 213 -22 1118 1428 10 1 75
231 163 472 9 513 823 10 0 76
232 13 314 14 0 1820 10 0 76
233 228 287 21 0 203 10 0 76
234 330 308 -44 1030 1340 10 1 76
235 115 395 11 675 985 10 0 77
236 240 34 -11 0 1849 10 1 77
237 274 441 12 0 1873 10 0 78
238 357 290 24 0 274 10 0 78
239 333 293 27 477 787 10 0 78
240 162 388 -63 986 1296 10 1 78
241 233 230 20 0 186 10 0 79
242 364 173 30 40 350 10 0 79
243 51 89 -50 1068 1378 10 1 79
244 124 448 6 229 539 10 0 80
245 420 80 24 0 1825 10 0 80
246 371 71 21 0 1849 10 0 80
247 224 320 -51 1144 1454 10 1 80
248 351 481 10 182 492 10 0 81
249 214 311 14 0 230 10 0 81
250 497 54 -24 838 1148 10 1 81
251 164 473 26 156 466 10 0 82
252 441 177 -26 861 1171 10 1 82
253 497 483 12 213 523 10 0 83
254 267 290 -12 0 1925 10 1 83
255 451 305 13 58 368 10 0 84
256 484 224 7 160 470 10 0 84
257 153 192 -20 0 1925 10 1 84
258 195 386 13 0 306 10 0 85
259 331 134 -13 0 1924 10 1 85
260 79 80 19 1242 1552 10 0 86
261 64 437 11 778 1088 10 0 86
262 94 344 -30 0 1883 10 1 86
263 52 412 22 0 1810 10 0 87
264 213 185 21 0 234 10 0 87
265 452 206 31 352 662 0 0 87
266 179 318 -74 981 1291 10 1 87
267 441 60 21 1319 1629 10 0 88
268 495 199 25 197 507 10 0 88
269 366 390 23 0 1884 10 0 88
270 355 174 -69 0 1925 10 1 88
271 301 239 31 0 212 10 0 89
272 309 29 11 1154 1464 10 0 89
273 394 310 -42 0 1909 10 1 89
274 48 437 4 664 974 10 0 90
275 130 140 17 54 364 10 0 90
276 323 34 13 0 1837 10 0 90
277 98 2 -34 0 1775 10 1 90
278 43 135 31 86 396 10 0 91
279 117 110 -31 0 1872 10 1 91
280 429 476 23 0 1777 10 0 92
281 158 179 37 0 1925 10 0 92
282 49 437 7 287 597 10 0 92
283 133 273 -67 0 1925 10 1 92
284 167 488 17 110 420 10 0 93
285 61 441 27 404 714 10 0 93
286 142 80 -44 0 1864 10 1 93
287 374 116 9 447 757 10 0 94
288 66 314 26 44 354 10 0 94
289 210 29 -35 0 1841 10 1 94
290 418 399 20 298 608 10 0 95
291 290 328 7 4 314 10 0 95
292 347 184 15 939 1249 10 0 95
293 18 225 -42 0 1832 10 1 95
294 60 29 32 1223 1533 10 0 96
295 240 34 28 0 1849 0 0 96
296 5 224 -60 0 1819 10 1 96
297 53 466 9 195 505 10 0 97
298 176 470 14 407 717 10 0 97
299 240 255 -23 1471 1781 10 1 97
300 211 446 15 0 1866 10 0 98
301 278 450 29 1235 1545 0 0 98
302 74 215 10 89 399 10 0 98
303 210 276 -54 0 1925 10 1 98
304 312 453 6 410 720 10 0 99
305 294 421 -6 1435 1745 10 1 99
306 480 136 22 0 1809 10 0 100
307 438 127 2 801 1111 10 0 100
308 489 338 -24 1257 1567 10 1 100
309 138 28 23 957 1267 10 0 101
310 365 28 9 128 438 10 0 101
311 171 303 18 0 1925 10 0 101
312 208 488 -50 0 1824 10 1 101
313 11 403 18 203 513 10 0 102
314 35 344 21 723 1033 0 0 102
315 50 383 20 120 430 10 0 102
316 253 118 -59 0 1925 10 1 102
317 133 202 33 321 631 10 0 103
318 214 245 8 0 196 10 0 103
319 385 17 -41 669 979 10 1 103
320 453 318 30 0 1851 10 0 104
321 7 194 29 0 1816 10 0 104
322 110 251 23 358 668 10 0 104
323 365 190 -82 1337 1647 10 1 104
324 23 235 43 883 1193 10 0 105
325 16 68 -43 0 1769 10 1 105
326 235 33 30 1197 1507 10 0 106
327 438 5 -30 0 1757 10 1 106
328 395 474 26 247 557 10 0 107
329 172 292 17 0 1925 0 0 107
330 51 286 -43 1319 1629 10 1 107
331 371 332 14 390 700 10 0 108
332 349 43 26 79 389 10 0 108
333 323 77 36 0 1878 10 0 108
334 337 41 -76 862 1172 10 1 108
335 389 156 27 576 886 10 0 109
336 228 260 -27 1466 1776 10 1 109
337 379 486 22 532 842 10 0 110
338 429 389 18 284 594 10 0 110
339 3 23 11 0 1730 10 0 110
340 398 210 -51 0 1912 10 1 110
341 355 485 10 0 1808 10 0 111
342 415 207 18 760 1070 10 0 111
343 397 57 -28 0 1823 10 1 111
344 26 342 12 181 491 10 0 112
345 291 251 20 0 201 10 0 112
346 349 76 -32 891 1201 10 1 112
347 489 274 31 394 704 10 0 113
348 438 488 -31 0 1762 10 1 113
349 450 194 27 485 795 0 0 114
350 455 168 -27 727 1037 10 1 114
351 39 162 18 425 735 10 0 115
352 452 110 14 0 1820 10 0 115
353 404 207 6 0 1906 10 0 115
354 87 3 -38 0 1770 10 1 115
355 172 314 9 405 715 10 0 116
356 139 438 -9 0 1847 10 1 116
357 487 320 21 718 1028 10 0 117
358 36 301 21 69 379 10 0 117
359 340 416 36 0 1877 10 0 117
360 433 319 -78 0 1870 10 1 117
361 373 421 21 97 407 10 0 118
362 36 451 15 0 1772 10 0 118
363 261 201 -36 1374 1684 10 1 118
364 89 322 21 881 1191 10 0 119
365 167 291 27 1494 1804 10 0 119
366 83 290 -48 0 1894 10 1 119
367 386 225 13 779 1089 10 0 120
368 329 456 -13 0 1845 10 1 120
369 77 465 11 125 435 10 0 121
370 466 96 22 1243 1553 10 0 121
371 352 241 5 652 962 10 0 121
372 136 265 -38 0 1925 10 1 121
373 9 233 31 0 1824 10 0 122
374 235 108 -31 0 1923 10 1 122
375 279 355 9 26 336 10 0 123
376 385 239 -9 646 956 10 1 123
377 443 167 17 403 713 10 0 124
378 311 203 15 583 893 10 0 124
379 3 471 13 0 1734 10 0 124
380 447 383 -45 0 1828 10 1 124
381 154 392 9 21 331 10 0 125
382 212 186 11 1582 1892 0 0 125
383 140 137 32 430 740 10 0 125
384 268 288 -52 0 1925 10 1 125
385 225 121 18 0 1925 10 0 126
386 153 244 5 0 278 10 0 126
387 222 499 -23 705 1015 10 1 126
388 44 496 32 0 1745 10 0 127
389 200 27 22 385 695 10 0 127
390 44 344 12 939 1249 10 0 127
391 46 163 -66 0 1844 10 1 127
392 75 118 21 269 579 10 0 128
393 171 24 -21 1243 1553 10 1 128
394 392 95 16 626 936 10 0 129
395 90 496 13 0 1772 10 0 129
396 94 497 31 0 1773 10 0 129
397 63 420 -60 0 1813 10 1 129
398 414 378 23 355 665 10 0 130
399 385 285 13 728 1038 10 0 130
400 272 420 7 1246 1556 10 0 130
401 421 387 -43 0 1846 10 1 130
