30 200
0 250 250 0 0 1925 0 -1 -1
0 396 417 13 670 980 10 0 0
1 51 286 -13 1319 1629 10 1 0
2 288 439 16 133 443 10 0 1
3 399 175 13 607 917 10 0 1
4 247 306 33 0 216 10 0 1
5 247 443 17 190 500 10 0 1
6 80 400 10 1306 1616 10 0 1
7 226 423 15 57 367 10 0 1
8 394 322 12 885 1195 10 0 1
9 257 391 -116 1493 1803 10 1 1
10 176 199 28 0 249 10 0 2
11 34 329 -28 903 1213 10 1 2
12 144 35 26 89 399 10 0 3
13 111 392 18 1029 1339 10 0 3
14 235 13 27 219 529 10 0 3
15 103 464 -71 1133 1443 10 1 3
16 154 374 36 797 1107 10 0 4
17 10 237 19 476 786 10 0 4
18 84 255 13 142 452 10 0 4
19 244 277 18 1161 1471 0 0 4
20 273 149 14 1363 1673 0 0 4
21 289 220 19 0 209 10 0 4
22 190 267 -119 1614 1924 10 1 4
23 0 356 13 946 1256 10 0 5
24 226 316 21 0 230 10 0 5
25 139 438 24 74 384 10 0 5
26 274 261 -58 1567 1877 10 1 5
27 29 358 23 471 781 10 0 6
28 235 288 18 0 200 10 0 6
29 138 28 23 957 1267 10 0 6
30 329 456 19 109 419 10 0 6
31 59 388 20 523 833 10 0 6
32 248 386 22 238 548 10 0 6
33 172 66 -125 1163 1473 10 1 6
34 382 360 26 38 348 10 0 7
35 318 280 21 0 234 10 0 7
36 360 488 19 176 486 10 0 7
37 400 71 17 1232 1542 0 0 7
38 375 145 12 789 1099 10 0 7
39 351 128 15 1113 1423 10 0 7
40 272 234 -110 1450 1760 10 1 7
41 306 235 25 0 217 10 0 8
42 198 85 28 123 433 10 0 8
43 337 41 8 862 1172 10 0 8
44 355 174 33 575 885 10 0 8
45 330 138 18 970 1280 0 0 8
46 437 90 12 445 755 0 0 8
47 225 269 -124 1131 1441 10 1 8
48 394 47 5 173 483 10 0 9
49 268 288 -5 1127 1437 10 1 9
50 303 78 12 29 339 10 0 10
51 40 304 16 1005 1315 10 0 10
52 381 328 12 577 887 10 0 10
53 420 224 10 289 599 10 0 10
54 12 358 -50 1084 1394 10 1 10
55 142 80 12 352 662 10 0 11
56 489 338 17 1257 1567 0 0 11
57 9 101 16 526 836 10 0 11
58 210 219 7 0 210 10 0 11
59 485 428 -52 1350 1660 10 1 11
60 441 7 20 252 562 10 0 12
61 149 458 13 1024 1334 10 0 12
62 191 215 17 0 228 10 0 12
63 392 1 11 465 775 10 0 12
64 162 301 -61 1473 1783 10 1 12
65 447 184 27 284 594 10 0 13
66 468 352 9 628 938 10 0 13
67 435 180 37 85 395 10 0 13
68 287 256 18 0 197 10 0 13
69 420 383 -91 842 1152 10 1 13
70 253 50 27 86 396 10 0 14
71 439 156 2 386 696 10 0 14
72 161 275 21 1207 1517 10 0 14
73 385 58 24 265 575 10 0 14
74 178 135 -74 1374 1684 10 1 14
75 5 445 30 171 481 10 0 15
76 181 441 25 402 712 10 0 15
77 452 484 26 1138 1448 0 0 15
78 137 377 23 19 329 10 0 15
79 120 261 5 653 963 10 0 15
80 202 391 30 484 794 10 0 15
81 498 456 27 1266 1576 10 0 15
82 270 337 -166 1643 1925 10 1 15
83 499 316 18 482 792 10 0 16
84 436 123 40 75 385 10 0 16
85 242 106 -58 1128 1438 10 1 16
86 299 353 34 0 274 10 0 17
87 411 379 -34 1053 1363 10 1 17
88 154 392 9 21 331 10 0 18
89 463 253 -9 907 1217 10 1 18
90 349 43 26 79 389 10 0 19
91 23 235 43 883 1193 0 0 19
92 489 274 31 394 704 10 0 19
93 360 284 19 527 837 10 0 19
94 214 274 -119 1229 1539 10 1 19
95 158 179 37 0 276 10 0 20
96 461 182 -37 489 799 10 1 20
97 323 29 7 997 1307 0 0 21
98 213 185 21 0 234 10 0 21
99 110 251 23 358 668 10 0 21
100 200 78 31 853 1163 10 0 21
101 26 342 12 181 491 10 0 21
102 71 282 29 502 812 10 0 21
103 199 203 20 1317 1627 10 0 21
104 157 269 -143 1436 1746 10 1 21
