15 200
0 250 250 0 0 1925 0 -1 -1
0 247 306 33 0 236 10 0 0
1 332 382 -33 860 1190 10 1 0
2 181 441 25 392 722 10 0 1
3 105 181 19 1381 1711 0 0 1
4 176 199 28 0 269 10 0 1
5 470 405 17 776 1106 10 0 1
6 74 215 10 79 409 10 0 1
7 210 219 7 0 230 10 0 1
8 420 383 27 832 1162 0 0 1
9 270 337 -133 1633 1925 10 1 1
10 144 35 26 89 419 10 0 2
11 323 34 -26 1165 1495 10 1 2
12 15 11 15 802 1132 10 0 3
13 210 133 15 539 869 10 0 3
14 306 235 25 0 237 10 0 3
15 235 13 27 209 539 10 0 3
16 228 260 12 1456 1786 0 0 3
17 231 29 14 1076 1406 10 0 3
18 190 267 -108 1604 1925 10 1 3
19 451 62 5 132 462 10 0 4
20 337 41 8 852 1182 10 0 4
21 441 7 20 242 572 10 0 4
22 172 66 -33 1153 1483 10 1 4
23 484 224 7 150 480 10 0 5
24 235 288 18 0 220 10 0 5
25 449 190 -25 990 1320 10 1 5
