50 200
0 250 250 0 0 1925 0 -1 -1
0 247 306 33 0 236 10 0 0
1 332 382 -33 860 1190 10 1 0
2 181 441 25 392 722 10 0 1
3 105 181 19 1381 1711 0 0 1
4 176 199 28 0 269 10 0 1
5 470 405 17 776 1106 10 0 1
6 74 215 10 79 409 10 0 1
7 210 219 7 0 230 10 0 1
8 420 383 27 832 1162 0 0 1
9 270 337 -133 1633 1925 10 1 1
10 144 35 26 89 419 10 0 2
11 323 34 -26 1165 1495 10 1 2
12 15 11 15 802 1132 10 0 3
13 210 133 15 539 869 10 0 3
14 306 235 25 0 237 10 0 3
15 235 13 27 209 539 10 0 3
16 228 260 12 1456 1786 0 0 3
17 231 29 14 1076 1406 10 0 3
18 190 267 -108 1604 1925 10 1 3
19 451 62 5 132 462 10 0 4
20 337 41 8 852 1182 10 0 4
21 441 7 20 242 572 10 0 4
22 172 66 -33 1153 1483 10 1 4
23 484 224 7 150 480 10 0 5
24 235 288 18 0 220 10 0 5
25 449 190 -25 990 1320 10 1 5
26 226 423 15 47 377 10 0 6
27 423 170 27 363 693 10 0 6
28 355 174 33 565 895 10 0 6
29 251 238 27 0 192 10 0 6
30 404 59 13 763 1093 10 0 6
31 330 138 18 960 1290 0 0 6
32 195 464 20 1391 1721 0 0 6
33 257 391 -153 1483 1813 10 1 6
34 382 360 26 28 358 10 0 7
35 437 98 16 964 1294 10 0 7
36 399 175 13 597 927 10 0 7
37 287 256 18 0 217 10 0 7
38 438 127 2 791 1121 10 0 7
39 466 96 -75 1233 1563 10 1 7
40 291 251 20 0 221 10 0 8
41 482 104 19 657 987 10 0 8
42 198 85 28 113 443 10 0 8
43 323 29 7 987 1317 10 0 8
44 301 239 31 0 232 10 0 8
45 494 165 19 454 784 10 0 8
46 318 99 35 1063 1393 10 0 8
47 178 135 -159 1364 1694 10 1 8
48 303 78 12 29 359 10 0 9
49 68 240 11 644 974 10 0 9
50 23 235 43 873 1203 10 0 9
51 285 247 -66 1125 1455 10 1 9
52 34 329 2 893 1223 10 0 10
53 12 358 -2 1074 1404 10 1 10
54 447 272 12 234 564 10 0 11
55 435 180 37 75 405 10 0 11
56 1 101 8 1107 1437 10 0 11
57 162 301 -57 1463 1793 10 1 11
58 488 96 22 916 1246 10 0 12
59 309 29 11 1144 1474 0 0 12
60 5 445 30 163 493 10 0 12
61 214 245 8 0 216 10 0 12
62 371 163 21 678 1008 0 0 12
63 189 402 10 386 716 10 0 12
64 228 260 -102 1456 1786 10 1 12
65 299 353 34 0 294 10 0 13
66 385 17 40 659 989 10 0 13
67 253 74 -74 1200 1530 10 1 13
68 191 215 17 0 248 10 0 14
69 447 184 27 274 604 10 0 14
70 78 406 15 810 1140 10 0 14
71 158 179 37 0 296 10 0 14
72 225 269 30 1121 1451 0 0 14
73 199 203 -126 1307 1637 10 1 14
74 475 267 7 630 960 10 0 15
75 415 207 -7 750 1080 10 1 15
76 26 342 12 171 501 10 0 16
77 125 61 -12 462 792 10 1 16
78 479 387 13 247 577 10 0 17
79 460 328 13 74 404 10 0 17
80 439 222 22 830 1160 10 0 17
81 385 239 21 636 966 10 0 17
82 268 288 26 1117 1447 0 0 17
83 214 274 -95 1219 1549 10 1 17
84 436 295 11 378 708 10 0 18
85 289 220 19 0 229 10 0 18
86 149 458 -30 1014 1344 10 1 18
87 288 439 16 123 453 10 0 19
88 21 70 15 621 951 10 0 19
89 142 360 20 1382 1712 0 0 19
90 334 403 26 24 354 10 0 19
91 248 386 22 228 558 10 0 19
92 175 352 -99 1515 1845 10 1 19
93 354 416 10 529 859 10 0 20
94 36 301 21 69 399 10 0 20
95 9 233 31 156 486 10 0 20
96 40 304 16 995 1325 10 0 20
97 215 282 -78 1290 1620 10 1 20
98 179 75 13 590 920 10 0 21
99 130 247 17 0 300 10 0 21
100 344 70 24 996 1326 10 0 21
101 325 210 15 783 1113 10 0 21
102 140 137 32 420 750 10 0 21
103 226 175 -101 1544 1874 10 1 21
104 71 12 2 147 477 10 0 22
105 391 112 24 850 1180 10 0 22
106 485 428 -26 1340 1670 10 1 22
107 132 32 18 634 964 10 0 23
108 65 343 38 57 387 10 0 23
109 92 259 4 249 579 10 0 23
110 32 94 14 780 1110 10 0 23
111 224 56 13 1036 1366 10 0 23
112 171 303 -87 1439 1769 10 1 23
113 394 47 5 163 493 10 0 24
114 233 230 20 0 206 10 0 24
115 69 423 32 652 982 10 0 24
116 223 178 20 986 1316 10 0 24
117 349 43 26 79 409 10 0 24
118 215 282 21 1290 1620 0 0 24
119 209 212 -124 1378 1708 10 1 24
120 255 487 19 248 578 10 0 25
121 66 31 25 898 1228 10 0 25
122 360 284 19 517 847 10 0 25
123 321 149 -63 1275 1605 10 1 25
124 29 358 23 461 791 10 0 26
125 139 438 24 68 398 10 0 26
126 100 266 5 320 650 10 0 26
127 466 149 16 1036 1366 10 0 26
128 137 377 23 19 349 10 0 26
129 400 71 -91 1222 1552 10 1 26
130 67 451 5 1066 1396 10 0 27
131 103 464 -5 1123 1453 10 1 27
132 61 170 20 856 1186 10 0 28
133 224 320 36 1134 1464 10 0 28
134 195 450 -56 1336 1666 10 1 28
135 333 293 27 467 797 10 0 29
136 311 203 15 573 903 10 0 29
137 140 108 -42 921 1251 10 1 29
138 297 304 4 0 251 10 0 30
139 415 253 21 217 547 10 0 30
140 482 141 -25 861 1191 10 1 30
141 62 375 16 199 529 10 0 31
142 120 261 -16 643 973 10 1 31
143 13 314 14 95 425 10 0 32
144 68 450 18 483 813 10 0 32
145 13 394 15 223 553 10 0 32
146 297 131 25 1015 1345 10 0 32
147 171 24 -72 1233 1563 10 1 32
148 489 274 31 384 714 10 0 33
149 261 359 10 0 289 10 0 33
150 465 367 -41 877 1207 10 1 33
151 172 292 17 0 272 10 0 34
152 437 90 12 435 765 10 0 34
153 370 262 15 949 1279 0 0 34
154 495 355 -44 1093 1423 10 1 34
155 450 194 27 475 805 10 0 35
156 293 174 31 0 267 10 0 35
157 368 311 14 776 1106 10 0 35
158 69 414 -72 1113 1443 10 1 35
159 274 403 17 737 1067 10 0 36
160 3 23 11 241 571 10 0 36
161 293 228 19 0 228 10 0 36
162 268 351 7 1525 1855 0 0 36
163 195 450 16 1336 1666 0 0 36
164 196 489 23 880 1210 10 0 36
165 138 406 8 1066 1396 0 0 36
166 268 351 -101 1525 1855 10 1 36
167 34 239 16 69 399 10 0 37
168 396 417 -16 660 990 10 1 37
169 39 153 26 648 978 10 0 38
170 134 276 15 0 313 10 0 38
171 339 41 6 306 636 10 0 38
172 62 94 -47 801 1131 10 1 38
173 87 311 7 24 354 10 0 39
174 12 367 27 176 506 10 0 39
175 173 474 14 1135 1465 10 0 39
176 322 406 17 679 1009 10 0 39
177 272 234 -65 1440 1770 10 1 39
178 298 264 36 0 230 10 0 40
179 318 280 21 0 254 10 0 40
180 345 431 12 195 525 10 0 40
181 411 396 23 770 1100 10 0 40
182 340 291 22 320 650 10 0 40
183 436 25 19 1132 1462 10 0 40
184 212 186 -133 1572 1902 10 1 40
185 372 97 13 64 394 10 0 41
186 51 89 -13 1058 1388 10 1 41
187 453 318 30 224 554 10 0 42
188 498 457 15 763 1093 0 0 42
189 366 390 -45 1168 1498 10 1 42
190 86 199 23 128 458 0 0 43
191 325 311 -23 1172 1502 10 1 43
192 441 374 10 77 407 10 0 44
193 395 474 -10 237 567 10 1 44
194 68 303 22 71 401 10 0 45
195 115 395 11 665 995 10 0 45
196 0 356 -33 936 1266 10 1 45
197 102 422 23 76 406 10 0 46
198 13 465 31 624 954 10 0 46
199 208 445 22 1182 1512 10 0 46
200 244 422 14 388 718 10 0 46
201 93 413 17 76 406 10 0 46
202 330 308 24 1020 1350 0 0 46
203 243 402 13 255 585 10 0 46
204 115 296 -144 1379 1709 10 1 46
205 144 220 35 0 290 10 0 47
206 14 232 -35 155 485 10 1 47
207 436 123 40 75 405 10 0 48
208 325 56 13 646 976 10 0 48
209 215 129 17 969 1299 10 0 48
210 56 75 24 1288 1618 10 0 48
211 134 194 -94 1502 1832 10 1 48
212 292 104 26 154 484 10 0 49
213 187 61 19 395 725 10 0 49
214 259 301 25 0 279 10 0 49
215 66 88 2 680 1010 10 0 49
216 226 316 21 0 250 10 0 49
217 261 201 -93 1364 1694 10 1 49
218 268 458 24 373 703 10 0 50
219 423 315 12 34 364 10 0 50
220 154 374 -36 787 1117 10 1 50
221 3 471 13 561 891 10 0 51
222 114 460 -13 936 1266 10 1 51
223 169 305 21 12 342 10 0 52
224 439 156 2 376 706 10 0 52
225 482 184 14 957 1287 10 0 52
226 292 136 28 631 961 10 0 52
227 402 277 -65 1288 1618 10 1 52
228 103 177 28 476 806 10 0 53
229 210 81 2 249 579 10 0 53
230 46 248 9 664 994 0 0 53
231 120 17 30 129 459 10 0 53
232 33 152 17 1170 1500 0 0 53
233 219 215 32 0 226 10 0 53
234 143 158 12 0 321 10 0 53
235 33 278 -130 1337 1667 10 1 53
236 215 434 9 43 373 10 0 54
237 222 331 10 390 720 10 0 54
238 225 121 18 583 913 10 0 54
239 347 192 18 1338 1668 10 0 54
240 60 231 32 876 1206 0 0 54
241 337 232 -87 1421 1751 10 1 54
242 144 331 13 781 1111 10 0 55
243 418 399 20 288 618 10 0 55
244 429 389 18 274 604 10 0 55
245 460 424 11 1305 1635 0 0 55
246 274 261 -62 1557 1887 10 1 55
247 398 476 25 268 598 10 0 56
248 470 138 16 1239 1569 10 0 56
249 175 239 23 0 255 10 0 56
250 448 397 33 716 1046 10 0 56
251 228 399 14 436 766 10 0 56
252 371 427 23 808 1138 10 0 56
253 267 174 -134 1468 1798 10 1 56
254 447 383 17 87 417 10 0 57
255 77 172 23 636 966 10 0 57
256 335 99 25 1068 1398 10 0 57
257 102 6 -65 1308 1638 10 1 57
258 84 255 13 132 462 10 0 58
259 153 235 10 0 278 0 0 58
260 149 341 6 254 584 10 0 58
261 347 184 15 929 1259 10 0 58
262 497 266 25 598 928 10 0 58
263 330 281 14 1180 1510 10 0 58
264 366 260 -83 1370 1700 10 1 58
265 46 389 22 107 437 10 0 59
266 19 38 15 697 1027 10 0 59
267 5 281 16 1222 1552 10 0 59
268 187 263 35 0 244 10 0 59
269 67 190 25 1023 1353 0 0 59
270 9 101 16 516 846 10 0 59
271 32 319 21 251 581 10 0 59
272 157 269 -150 1426 1756 10 1 59
273 432 2 20 317 647 10 0 60
274 284 319 17 667 997 10 0 60
275 365 274 14 0 297 0 0 60
276 466 362 15 1002 1332 10 0 60
277 454 201 16 1155 1485 0 0 60
278 273 255 18 1342 1672 0 0 60
279 273 255 -100 1342 1672 10 1 60
280 385 58 24 255 585 10 0 61
281 352 481 15 1135 1465 10 0 61
282 213 185 21 0 254 10 0 61
283 125 65 17 638 968 10 0 61
284 218 271 -77 1424 1754 10 1 61
285 418 75 11 298 628 10 0 62
286 460 117 14 370 700 10 0 62
287 448 414 -25 1073 1403 10 1 62
288 498 456 27 1256 1586 10 0 63
289 7 82 25 262 592 10 0 63
290 168 109 10 54 384 10 0 63
291 380 350 15 716 1046 10 0 63
292 171 188 30 471 801 10 0 63
293 219 210 14 0 230 10 0 63
294 460 424 -121 1305 1635 10 1 63
295 382 9 30 124 454 10 0 64
296 280 245 21 0 210 10 0 64
297 401 164 13 471 801 10 0 64
298 475 198 20 685 1015 10 0 64
299 373 418 -84 1109 1439 10 1 64
300 366 334 5 260 590 10 0 65
301 478 300 12 740 1070 10 0 65
302 458 213 -17 978 1308 10 1 65
303 290 328 7 0 324 10 0 66
304 492 326 19 1054 1384 10 0 66
305 480 119 7 478 808 10 0 66
306 241 180 -33 1545 1875 10 1 66
307 452 206 31 342 672 10 0 67
308 231 410 14 1086 1416 10 0 67
309 410 399 25 84 414 10 0 67
310 420 224 10 279 609 0 0 67
311 318 497 21 704 1034 10 0 67
312 374 260 -101 1611 1925 10 1 67
313 429 169 8 753 1083 10 0 68
314 481 454 14 170 500 10 0 68
315 174 397 32 1095 1425 0 0 68
316 376 385 12 34 364 10 0 68
317 52 412 22 1256 1586 0 0 68
318 457 492 7 358 688 10 0 68
319 177 404 17 1112 1442 10 0 68
320 122 422 -112 1307 1637 10 1 68
321 213 399 18 84 414 10 0 69
322 33 268 -18 546 876 10 1 69
323 468 360 16 124 454 10 0 70
324 57 183 15 950 1280 10 0 70
325 452 172 9 458 788 10 0 70
326 343 276 15 0 276 10 0 70
327 471 368 19 278 608 10 0 70
328 97 288 -74 1134 1464 10 1 70
329 256 441 34 41 371 10 0 71
330 32 191 5 436 766 10 0 71
331 149 98 4 1015 1345 10 0 71
332 138 28 23 947 1277 10 0 71
333 206 172 29 638 968 10 0 71
334 267 290 15 0 223 10 0 71
335 87 213 18 476 806 10 0 71
336 359 246 -128 1273 1603 10 1 71
337 351 148 30 311 641 0 0 72
338 166 247 1 0 264 10 0 72
339 397 477 13 1066 1396 0 0 72
340 372 115 13 214 544 10 0 72
341 452 484 -57 1128 1458 10 1 72
342 495 199 25 187 517 10 0 73
343 495 83 32 291 621 10 0 73
344 468 352 9 618 948 10 0 73
345 409 155 19 35 365 10 0 73
346 463 253 -85 897 1227 10 1 73
347 195 386 13 0 326 10 0 74
348 263 153 12 262 592 10 0 74
349 228 287 21 0 223 10 0 74
350 178 150 33 482 812 10 0 74
351 335 46 -79 1192 1522 10 1 74
352 61 214 4 192 522 10 0 75
353 330 147 28 698 1028 10 0 75
354 221 291 9 0 230 10 0 75
355 96 346 26 35 365 10 0 75
356 336 493 -67 1343 1673 10 1 75
357 391 202 14 0 328 0 0 76
358 80 357 1 380 710 10 0 76
359 146 188 6 1085 1415 0 0 76
360 83 290 14 458 788 10 0 76
361 195 464 -35 1391 1721 10 1 76
362 43 135 31 86 416 10 0 77
363 390 120 24 854 1184 10 0 77
364 309 161 23 433 763 10 0 77
365 295 89 23 592 922 10 0 77
366 405 187 34 1101 1431 10 0 77
367 105 140 27 32 362 10 0 77
368 461 195 -162 1245 1575 10 1 77
369 61 441 27 394 724 10 0 78
370 211 411 15 997 1327 10 0 78
371 60 246 25 40 370 10 0 78
372 409 255 -67 1372 1702 10 1 78
373 176 470 14 397 727 10 0 79
374 351 481 10 172 502 10 0 79
375 165 59 27 793 1123 10 0 79
376 30 155 -51 1130 1460 10 1 79
377 16 287 12 121 451 10 0 80
378 281 96 1 976 1306 10 0 80
379 389 255 15 635 965 10 0 80
380 267 374 23 451 781 10 0 80
381 66 314 26 44 374 10 0 80
382 181 260 23 0 249 10 0 80
383 235 33 -100 1187 1517 10 1 80
384 359 287 24 0 295 0 0 81
385 490 286 29 372 702 10 0 81
386 452 110 14 190 520 10 0 81
387 265 0 10 746 1076 0 0 81
388 278 450 -77 1225 1555 10 1 81
389 473 491 23 263 593 10 0 82
390 441 60 -23 1309 1639 10 1 82
391 346 354 8 667 997 10 0 83
392 279 355 9 16 346 10 0 83
393 273 149 -17 1353 1683 10 1 83
394 131 246 17 682 1012 10 0 84
395 214 311 14 0 250 10 0 84
396 87 51 35 364 694 10 0 84
397 29 462 17 1160 1490 0 0 84
398 142 360 -83 1382 1712 10 1 84
399 329 456 19 99 429 10 0 85
400 312 453 6 400 730 10 0 85
401 441 177 -25 851 1181 10 1 85
