30 200
0 250 250 0 0 1925 0 -1 -1
0 292 104 26 0 1925 0 0 0
1 175 352 -26 0 1925 10 1 0
2 12 367 27 0 1925 10 0 1
3 411 396 23 0 1925 10 0 1
4 13 314 14 0 1925 10 0 1
5 458 213 22 0 1925 10 0 1
6 222 331 10 0 1925 10 0 1
7 153 235 10 0 1925 10 0 1
8 389 43 21 0 1925 10 0 1
9 396 83 -127 0 1925 10 1 1
10 120 17 30 0 1925 10 0 2
11 323 29 7 0 1925 0 0 2
12 313 391 5 0 1925 10 0 2
13 433 319 -42 0 1925 10 1 2
14 33 268 18 0 1925 10 0 3
15 224 56 13 0 1925 10 0 3
16 233 87 18 0 1925 10 0 3
17 33 278 -49 0 1925 10 1 3
18 332 459 35 0 1925 10 0 4
19 354 156 20 0 1925 10 0 4
20 373 418 -55 0 1925 10 1 4
21 200 78 31 0 1925 10 0 5
22 339 41 6 0 1925 10 0 5
23 125 65 17 0 1925 10 0 5
24 351 5 12 0 1925 10 0 5
25 259 301 25 0 1925 10 0 5
26 480 136 22 0 1925 10 0 5
27 257 391 -113 0 1925 10 1 5
28 84 255 13 0 1925 10 0 6
29 487 320 21 0 1925 10 0 6
30 394 322 12 0 1925 10 0 6
31 175 239 23 0 1925 10 0 6
32 400 71 17 0 1925 10 0 6
33 226 175 -86 0 1925 10 1 6
34 366 334 5 0 1925 10 0 7
35 56 268 -5 0 1925 10 1 7
36 62 236 29 0 1925 10 0 8
37 102 422 23 0 1925 10 0 8
38 48 412 -52 0 1925 10 1 8
39 267 374 23 0 1925 10 0 9
40 385 239 21 0 1925 10 0 9
41 325 210 15 0 1925 10 0 9
42 168 109 10 0 1925 10 0 9
43 187 73 18 0 1925 10 0 9
44 265 240 9 0 1925 10 0 9
45 60 29 32 0 1925 0 0 9
46 181 185 -128 0 1925 10 1 9
47 365 119 30 0 1925 10 0 10
48 267 174 -30 0 1925 10 1 10
49 460 117 14 0 1925 10 0 11
50 247 306 33 0 1925 10 0 11
51 325 311 22 0 1925 0 0 11
52 162 301 -69 0 1925 10 1 11
53 382 9 30 0 1925 10 0 12
54 448 397 33 0 1925 0 0 12
55 233 230 20 0 1925 10 0 12
56 461 186 16 0 1925 10 0 12
57 335 99 25 0 1925 10 0 12
58 314 205 -124 0 1925 10 1 12
59 62 375 16 0 1925 10 0 13
60 92 76 4 0 1925 10 0 13
61 289 220 19 0 1925 10 0 13
62 142 360 -39 0 1925 10 1 13
63 392 1 11 0 1925 0 0 14
64 83 169 21 0 1925 10 0 14
65 179 497 1 0 1925 10 0 14
66 256 441 -33 0 1925 10 1 14
67 235 288 18 0 1925 10 0 15
68 128 113 22 0 1925 10 0 15
69 15 11 15 0 1925 10 0 15
70 264 180 -55 0 1925 10 1 15
71 149 214 7 0 1925 10 0 16
72 415 253 21 0 1925 10 0 16
73 367 97 17 0 1925 10 0 16
74 423 221 9 0 1925 10 0 16
75 231 29 14 0 1925 0 0 16
76 172 66 -68 0 1925 10 1 16
77 137 377 23 0 1925 10 0 17
78 46 163 8 0 1925 10 0 17
79 58 39 -31 0 1925 10 1 17
80 176 199 28 0 1925 10 0 18
81 363 225 35 0 1925 10 0 18
82 144 35 26 0 1925 10 0 18
83 12 358 -89 0 1925 10 1 18
84 143 158 12 0 1925 10 0 19
85 371 315 -12 0 1925 10 1 19
86 421 386 29 0 1925 10 0 20
87 141 426 23 0 1925 10 0 20
88 226 423 15 0 1925 10 0 20
89 463 253 -67 0 1925 10 1 20
90 283 438 3 0 1925 10 0 21
91 413 493 26 0 1925 10 0 21
92 186 135 24 0 1925 10 0 21
93 48 366 29 0 1925 10 0 21
94 280 245 21 0 1925 10 0 21
95 244 422 14 0 1925 10 0 21
96 311 422 29 0 1925 10 0 21
97 245 176 -146 0 1925 10 1 21
98 382 360 26 0 1925 10 0 22
99 248 386 22 0 1925 10 0 22
100 159 299 12 0 1925 10 0 22
101 80 357 1 0 1925 0 0 22
102 26 67 -61 0 1925 10 1 22
