15 200
0 250 250 0 0 1925 0 -1 -1
0 210 219 7 0 1925 10 0 0
1 360 284 -7 0 1925 10 1 0
2 153 235 10 0 1925 10 0 1
3 181 441 25 0 1925 10 0 1
4 53 204 8 0 1925 10 0 1
5 169 305 21 0 1925 10 0 1
6 126 391 19 0 1925 0 0 1
7 486 324 15 0 1925 10 0 1
8 186 135 24 0 1925 0 0 1
9 322 290 -122 0 1925 10 1 1
10 385 17 40 0 1925 10 0 2
11 409 155 19 0 1925 10 0 2
12 9 233 31 0 1925 0 0 2
13 3 23 11 0 1925 10 0 2
14 176 199 28 0 1925 10 0 2
15 339 144 13 0 1925 10 0 2
16 149 214 -142 0 1925 10 1 2
17 61 170 20 0 1925 10 0 3
18 102 422 23 0 1925 10 0 3
19 263 153 12 0 1925 10 0 3
20 303 186 -55 0 1925 10 1 3
21 65 343 38 0 1925 10 0 4
22 352 63 6 0 1925 10 0 4
23 412 478 7 0 1925 10 0 4
24 162 301 -51 0 1925 10 1 4
